32 239 0 2
110 239 0 1
111 239 0 1
112 239 0 1
113 239 0 1
114 239 0 1
115 239 0 1
116 239 0 1
136 239 0 1
137 239 0 1
138 239 0 1
139 239 0 1
140 239 0 1
141 239 0 1
142 239 0 1
143 239 0 1
31 238 0 2
32 238 0 2
33 238 0 2
110 238 0 1
111 238 0 1
112 238 0 1
113 238 0 1
114 238 0 1
115 238 0 1
116 238 0 1
117 238 0 1
118 238 0 1
119 238 0 1
136 238 0 1
137 238 0 1
138 238 0 1
139 238 0 1
30 237 0 2
31 237 0 2
32 237 0 2
33 237 0 2
34 237 0 2
110 237 0 1
111 237 0 1
112 237 0 1
113 237 0 1
114 237 0 1
115 237 0 1
116 237 0 1
117 237 0 1
118 237 0 1
119 237 0 1
200 237 0 1
201 237 0 1
202 237 0 1
203 237 0 1
29 236 0 2
30 236 0 2
31 236 0 2
32 236 0 2
33 236 0 2
34 236 0 2
35 236 0 2
110 236 0 1
111 236 0 1
112 236 0 1
113 236 0 1
114 236 0 1
115 236 0 1
116 236 0 1
117 236 0 1
118 236 0 1
119 236 0 1
199 236 0 1
200 236 0 1
201 236 0 1
202 236 0 1
203 236 0 1
204 236 0 1
30 235 0 2
31 235 0 2
32 235 0 2
33 235 0 2
34 235 0 2
110 235 0 1
111 235 0 1
112 235 0 1
113 235 0 1
114 235 0 1
115 235 0 1
116 235 0 1
117 235 0 1
118 235 0 1
119 235 0 1
198 235 0 1
199 235 0 1
200 235 0 1
201 235 0 1
202 235 0 1
203 235 0 1
204 235 0 1
205 235 0 1
31 234 0 2
32 234 0 2
33 234 0 2
110 234 0 1
111 234 0 1
112 234 0 1
113 234 0 1
114 234 0 1
115 234 0 1
116 234 0 1
117 234 0 1
118 234 0 1
119 234 0 1
197 234 0 1
198 234 0 1
199 234 0 1
200 234 0 1
201 234 0 1
202 234 0 1
203 234 0 1
204 234 0 1
205 234 0 1
206 234 0 1
32 233 0 2
110 233 0 1
111 233 0 1
112 233 0 1
113 233 0 1
114 233 0 1
115 233 0 1
116 233 0 1
117 233 0 1
118 233 0 1
119 233 0 1
197 233 0 1
198 233 0 1
199 233 0 1
200 233 0 1
201 233 0 1
202 233 0 1
203 233 0 1
204 233 0 1
205 233 0 1
206 233 0 1
110 232 0 1
111 232 0 1
112 232 0 1
113 232 0 1
114 232 0 1
115 232 0 1
116 232 0 1
117 232 0 1
118 232 0 1
119 232 0 1
197 232 0 1
198 232 0 1
199 232 0 1
200 232 0 1
201 232 0 1
202 232 0 1
203 232 0 1
204 232 0 1
205 232 0 1
206 232 0 1
112 231 0 1
113 231 0 1
114 231 0 1
115 231 0 1
116 231 0 1
117 231 0 1
118 231 0 1
119 231 0 1
197 231 0 1
198 231 0 1
199 231 0 1
200 231 0 1
201 231 0 1
202 231 0 1
203 231 0 1
204 231 0 1
205 231 0 1
206 231 0 1
116 230 0 1
117 230 0 1
118 230 0 1
119 230 0 1
198 230 0 1
199 230 0 1
200 230 0 1
201 230 0 1
202 230 0 1
203 230 0 1
204 230 0 1
205 230 0 1
219 230 0 1
220 230 0 1
221 230 0 1
222 230 0 1
223 230 0 1
224 230 0 1
225 230 0 1
199 229 0 1
200 229 0 1
201 229 0 1
202 229 0 1
203 229 0 1
204 229 0 1
218 229 0 1
219 229 0 1
220 229 0 1
221 229 0 1
222 229 0 1
223 229 0 1
224 229 0 1
225 229 0 1
226 229 0 1
200 228 0 1
201 228 0 1
202 228 0 1
203 228 0 1
217 228 0 1
218 228 0 1
219 228 0 1
220 228 0 1
221 228 0 1
222 228 0 1
223 228 0 1
224 228 0 1
225 228 0 1
226 228 0 1
227 228 0 1
217 227 0 1
218 227 0 1
219 227 0 1
220 227 0 1
221 227 0 1
222 227 0 1
223 227 0 1
224 227 0 1
225 227 0 1
226 227 0 1
227 227 0 1
217 226 0 1
218 226 0 1
219 226 0 1
220 226 0 1
221 226 0 1
222 226 0 1
223 226 0 1
224 226 0 1
225 226 0 1
226 226 0 1
227 226 0 1
182 225 0 2
183 225 0 2
184 225 0 2
185 225 0 2
186 225 0 2
187 225 0 2
188 225 0 2
189 225 0 2
190 225 0 2
191 225 0 2
217 225 0 1
218 225 0 1
219 225 0 1
220 225 0 1
221 225 0 1
222 225 0 1
223 225 0 1
224 225 0 1
225 225 0 1
226 225 0 1
227 225 0 1
182 224 0 2
183 224 0 2
184 224 0 2
185 224 0 1
186 224 0 2
187 224 0 2
188 224 0 2
189 224 0 2
190 224 0 2
191 224 0 2
217 224 0 1
218 224 0 1
219 224 0 1
220 224 0 1
221 224 0 1
222 224 0 1
223 224 0 1
224 224 0 1
225 224 0 1
226 224 0 1
227 224 0 1
183 223 0 2
184 223 0 2
185 223 0 1
186 223 0 1
187 223 0 1
188 223 0 2
189 223 0 2
190 223 0 2
191 223 0 2
217 223 0 1
218 223 0 1
219 223 0 1
220 223 0 1
221 223 0 1
222 223 0 1
223 223 0 1
224 223 0 1
225 223 0 1
226 223 0 1
227 223 0 1
183 222 0 2
184 222 0 2
185 222 0 1
186 222 0 1
187 222 0 1
188 222 0 1
189 222 0 1
190 222 0 2
191 222 0 2
218 222 0 1
219 222 0 1
220 222 0 1
221 222 0 1
222 222 0 1
223 222 0 1
224 222 0 1
225 222 0 1
226 222 0 1
183 221 0 2
184 221 0 2
185 221 0 1
186 221 0 1
187 221 0 1
188 221 0 1
189 221 0 1
190 221 0 2
191 221 0 2
219 221 0 1
220 221 0 1
221 221 0 1
222 221 0 1
223 221 0 1
224 221 0 1
225 221 0 1
183 220 0 2
184 220 0 2
185 220 0 1
186 220 0 1
187 220 0 1
188 220 0 1
189 220 0 1
190 220 0 1
191 220 0 2
221 220 0 1
222 220 0 1
223 220 0 1
224 220 0 1
49 219 0 1
50 219 0 1
51 219 0 1
85 219 0 1
86 219 0 1
87 219 0 1
183 219 0 2
184 219 0 2
185 219 0 1
186 219 0 1
187 219 0 1
188 219 0 1
189 219 0 1
190 219 0 1
191 219 0 2
192 219 0 2
49 218 0 1
50 218 0 1
51 218 0 1
52 218 0 1
53 218 0 2
54 218 0 2
55 218 0 2
56 218 0 2
57 218 0 2
58 218 0 2
85 218 0 1
86 218 0 1
87 218 0 1
138 218 0 1
139 218 0 1
183 218 0 2
184 218 0 2
185 218 0 2
186 218 0 2
187 218 0 2
188 218 0 2
189 218 0 2
190 218 0 2
191 218 0 2
192 218 0 2
49 217 0 1
50 217 0 1
51 217 0 1
52 217 0 1
53 217 0 1
54 217 0 2
55 217 0 2
56 217 0 2
57 217 0 2
58 217 0 2
85 217 0 1
86 217 0 1
87 217 0 1
88 217 0 1
89 217 0 1
90 217 0 1
91 217 0 1
92 217 0 1
93 217 0 1
94 217 0 1
137 217 0 1
138 217 0 1
139 217 0 1
140 217 0 1
141 217 0 1
49 216 0 1
50 216 0 1
51 216 0 1
52 216 0 1
53 216 0 1
54 216 0 1
55 216 0 2
56 216 0 2
57 216 0 2
58 216 0 2
85 216 0 1
86 216 0 1
87 216 0 1
88 216 0 1
89 216 0 1
90 216 0 1
91 216 0 1
92 216 0 1
93 216 0 1
94 216 0 1
136 216 0 1
137 216 0 1
138 216 0 1
139 216 0 1
140 216 0 1
141 216 0 1
142 216 0 1
49 215 0 1
50 215 0 1
51 215 0 1
52 215 0 1
53 215 0 1
54 215 0 1
55 215 0 1
56 215 0 2
57 215 0 2
58 215 0 2
85 215 0 1
86 215 0 1
87 215 0 1
88 215 0 1
89 215 0 1
90 215 0 1
91 215 0 1
92 215 0 1
93 215 0 1
94 215 0 1
136 215 0 1
137 215 0 1
138 215 0 1
139 215 0 1
140 215 0 1
141 215 0 1
142 215 0 1
49 214 0 1
50 214 0 1
51 214 0 1
52 214 0 1
53 214 0 1
54 214 0 1
55 214 0 1
56 214 0 1
57 214 0 2
58 214 0 2
86 214 0 1
87 214 0 1
88 214 0 1
89 214 0 1
90 214 0 1
91 214 0 1
92 214 0 1
93 214 0 1
94 214 0 1
136 214 0 1
137 214 0 1
138 214 0 1
139 214 0 1
140 214 0 1
141 214 0 1
142 214 0 1
49 213 0 1
50 213 0 1
51 213 0 1
52 213 0 1
53 213 0 1
54 213 0 1
55 213 0 1
56 213 0 1
57 213 0 1
58 213 0 2
87 213 0 1
88 213 0 1
89 213 0 1
90 213 0 1
91 213 0 1
92 213 0 1
93 213 0 1
94 213 0 1
136 213 0 1
137 213 0 1
138 213 0 1
139 213 0 1
140 213 0 1
141 213 0 1
49 212 0 1
50 212 0 1
51 212 0 1
52 212 0 1
53 212 0 1
54 212 0 1
55 212 0 1
56 212 0 1
57 212 0 1
58 212 0 1
88 212 0 1
89 212 0 1
90 212 0 1
91 212 0 1
92 212 0 1
93 212 0 1
94 212 0 1
137 212 0 1
138 212 0 1
139 212 0 1
49 211 0 1
50 211 0 1
51 211 0 1
52 211 0 1
53 211 0 1
54 211 0 1
55 211 0 1
56 211 0 1
57 211 0 1
58 211 0 1
89 211 0 1
90 211 0 1
91 211 0 1
92 211 0 1
138 211 0 1
49 210 0 1
50 210 0 1
51 210 0 1
52 210 0 1
53 210 0 1
54 210 0 1
55 210 0 1
56 210 0 1
57 210 0 1
58 210 0 1
49 209 0 1
50 209 0 1
51 209 0 1
52 209 0 1
53 209 0 1
54 209 0 1
55 209 0 1
56 209 0 1
57 209 0 1
79 203 0 1
195 203 0 1
196 203 0 1
197 203 0 1
198 203 0 1
199 203 0 1
200 203 0 1
201 203 0 1
78 202 0 1
79 202 0 1
80 202 0 1
102 202 0 1
103 202 0 1
104 202 0 1
105 202 0 1
194 202 0 1
195 202 0 1
196 202 0 1
197 202 0 1
198 202 0 1
199 202 0 1
200 202 0 1
201 202 0 1
202 202 0 1
77 201 0 1
78 201 0 1
79 201 0 1
80 201 0 1
81 201 0 1
102 201 0 1
103 201 0 1
104 201 0 1
105 201 0 1
193 201 0 1
194 201 0 1
195 201 0 1
196 201 0 1
197 201 0 1
198 201 0 1
199 201 0 1
200 201 0 1
201 201 0 1
202 201 0 1
203 201 0 1
76 200 0 1
77 200 0 1
78 200 0 1
79 200 0 1
80 200 0 1
81 200 0 1
82 200 0 1
102 200 0 1
103 200 0 1
104 200 0 1
105 200 0 1
193 200 0 1
194 200 0 1
195 200 0 1
196 200 0 1
197 200 0 1
198 200 0 1
199 200 0 1
200 200 0 1
201 200 0 1
202 200 0 1
203 200 0 1
204 200 0 1
77 199 0 1
78 199 0 1
79 199 0 1
80 199 0 1
81 199 0 1
193 199 0 1
194 199 0 1
195 199 0 1
196 199 0 1
197 199 0 1
198 199 0 1
199 199 0 1
200 199 0 1
201 199 0 1
202 199 0 1
203 199 0 1
204 199 0 1
205 199 0 1
78 198 0 1
79 198 0 1
80 198 0 1
195 198 0 1
196 198 0 1
197 198 0 1
198 198 0 1
199 198 0 1
200 198 0 1
201 198 0 1
202 198 0 1
203 198 0 1
204 198 0 1
205 198 0 1
206 198 0 1
79 197 0 1
195 197 0 1
196 197 0 1
197 197 0 1
198 197 0 1
199 197 0 1
200 197 0 1
201 197 0 1
202 197 0 1
203 197 0 1
204 197 0 1
205 197 0 1
206 197 0 1
207 197 0 1
195 196 0 1
196 196 0 1
197 196 0 1
198 196 0 1
199 196 0 1
200 196 0 1
201 196 0 1
202 196 0 1
203 196 0 1
204 196 0 1
205 196 0 1
206 196 0 1
228 195 0 2
229 195 0 2
230 195 0 2
231 195 0 2
228 194 0 2
229 194 0 2
230 194 0 2
231 194 0 2
228 193 0 2
229 193 0 2
230 193 0 2
231 193 0 2
133 190 0 1
134 190 0 1
125 189 0 1
126 189 0 1
127 189 0 1
128 189 0 1
129 189 0 1
130 189 0 1
131 189 0 1
132 189 0 1
133 189 0 1
134 189 0 1
125 188 0 1
126 188 0 1
127 188 0 1
128 188 0 1
129 188 0 1
130 188 0 1
131 188 0 1
132 188 0 1
133 188 0 1
134 188 0 1
125 187 0 1
126 187 0 1
127 187 0 1
128 187 0 1
129 187 0 1
130 187 0 1
131 187 0 1
132 187 0 1
133 187 0 1
134 187 0 1
125 186 0 1
126 186 0 1
127 186 0 1
128 186 0 1
129 186 0 1
130 186 0 1
131 186 0 1
132 186 0 1
133 186 0 1
134 186 0 1
125 185 0 1
126 185 0 1
127 185 0 1
128 185 0 1
129 185 0 1
130 185 0 1
131 185 0 1
132 185 0 1
133 185 0 1
134 185 0 1
125 184 0 1
126 184 0 1
127 184 0 1
128 184 0 1
129 184 0 1
130 184 0 1
131 184 0 1
132 184 0 1
133 184 0 1
134 184 0 1
125 183 0 1
126 183 0 1
127 183 0 1
128 183 0 1
129 183 0 1
130 183 0 1
131 183 0 1
132 183 0 1
133 183 0 1
134 183 0 1
125 182 0 1
126 182 0 1
127 182 0 1
128 182 0 1
129 182 0 1
130 182 0 1
131 182 0 1
132 182 0 1
133 182 0 1
134 182 0 1
125 181 0 1
126 181 0 1
127 181 0 1
128 181 0 1
129 181 0 1
130 181 0 1
131 181 0 1
132 181 0 1
133 181 0 1
134 181 0 1
125 180 0 1
126 180 0 1
127 180 0 1
128 180 0 1
129 180 0 1
130 180 0 1
131 180 0 1
132 180 0 1
133 180 0 1
134 180 0 1
168 179 0 1
169 179 0 1
170 179 0 1
171 179 0 1
172 179 0 1
173 179 0 1
174 179 0 1
175 179 0 1
211 179 0 1
212 179 0 2
213 179 0 2
214 179 0 2
215 179 0 2
170 178 0 1
171 178 0 1
172 178 0 1
173 178 0 1
174 178 0 1
175 178 0 1
176 178 0 1
210 178 0 1
211 178 0 1
212 178 0 1
213 178 0 2
214 178 0 2
215 178 0 2
171 177 0 1
172 177 0 1
173 177 0 1
174 177 0 1
175 177 0 1
176 177 0 1
177 177 0 1
208 177 0 1
209 177 0 1
210 177 0 1
211 177 0 1
212 177 0 1
213 177 0 1
214 177 0 2
215 177 0 2
171 176 0 1
172 176 0 1
173 176 0 1
174 176 0 1
175 176 0 1
176 176 0 1
177 176 0 1
178 176 0 1
208 176 0 1
209 176 0 1
210 176 0 1
211 176 0 1
212 176 0 1
213 176 0 1
214 176 0 1
215 176 0 2
171 175 0 1
172 175 0 1
173 175 0 1
174 175 0 1
175 175 0 1
176 175 0 1
177 175 0 1
178 175 0 1
179 175 0 1
208 175 0 1
209 175 0 1
210 175 0 1
211 175 0 1
212 175 0 1
213 175 0 1
214 175 0 1
215 175 0 2
171 174 0 1
172 174 0 1
173 174 0 1
174 174 0 1
175 174 0 1
176 174 0 1
177 174 0 1
178 174 0 1
208 174 0 2
209 174 0 1
210 174 0 1
211 174 0 1
212 174 0 1
213 174 0 1
170 173 0 1
171 173 0 1
172 173 0 1
173 173 0 1
174 173 0 1
175 173 0 1
176 173 0 1
177 173 0 1
208 173 0 2
209 173 0 2
210 173 0 1
211 173 0 1
212 173 0 1
169 172 0 1
170 172 0 1
171 172 0 1
172 172 0 1
173 172 0 1
174 172 0 1
175 172 0 1
176 172 0 1
177 172 0 1
208 172 0 2
209 172 0 2
210 172 0 2
211 172 0 1
212 172 0 1
50 166 0 1
51 166 0 1
52 166 0 1
53 166 0 1
54 166 0 1
55 166 0 1
56 166 0 1
49 165 0 1
50 165 0 1
51 165 0 1
52 165 0 1
53 165 0 1
54 165 0 1
55 165 0 1
56 165 0 1
57 165 0 1
48 164 0 1
49 164 0 1
50 164 0 1
51 164 0 1
52 164 0 1
53 164 0 1
54 164 0 1
55 164 0 1
56 164 0 1
57 164 0 1
58 164 0 1
48 163 0 1
49 163 0 1
50 163 0 1
51 163 0 1
52 163 0 1
53 163 0 1
54 163 0 1
55 163 0 1
56 163 0 1
57 163 0 1
58 163 0 1
48 162 0 1
49 162 0 1
50 162 0 1
51 162 0 1
52 162 0 1
53 162 0 1
54 162 0 1
55 162 0 1
56 162 0 1
57 162 0 1
58 162 0 1
48 161 0 1
49 161 0 1
50 161 0 1
51 161 0 1
52 161 0 1
53 161 0 1
54 161 0 1
55 161 0 1
56 161 0 1
57 161 0 1
58 161 0 1
48 160 0 1
49 160 0 1
50 160 0 1
51 160 0 1
52 160 0 1
53 160 0 1
54 160 0 1
55 160 0 1
56 160 0 1
57 160 0 1
58 160 0 1
48 159 0 1
49 159 0 1
50 159 0 1
51 159 0 1
52 159 0 1
53 159 0 1
54 159 0 1
55 159 0 1
56 159 0 1
57 159 0 1
58 159 0 1
48 158 0 1
49 158 0 1
50 158 0 1
51 158 0 1
52 158 0 1
53 158 0 1
54 158 0 1
55 158 0 1
56 158 0 1
49 157 0 1
50 157 0 1
51 157 0 1
52 157 0 1
53 157 0 1
54 157 0 1
55 157 0 1
172 157 0 1
173 157 0 1
174 157 0 1
175 157 0 1
176 157 0 1
177 157 0 1
220 157 0 1
221 157 0 1
222 157 0 1
223 157 0 2
224 157 0 2
225 157 0 2
51 156 0 1
52 156 0 1
53 156 0 1
54 156 0 1
172 156 0 1
173 156 0 1
174 156 0 1
175 156 0 1
176 156 0 1
177 156 0 1
221 156 0 1
222 156 0 1
223 156 0 1
224 156 0 2
225 156 0 2
226 156 0 2
112 155 0 1
113 155 0 1
114 155 0 1
115 155 0 1
116 155 0 1
117 155 0 1
118 155 0 1
119 155 0 1
120 155 0 1
121 155 0 1
170 155 0 1
171 155 0 1
172 155 0 1
173 155 0 1
174 155 0 1
175 155 0 1
176 155 0 1
177 155 0 1
178 155 0 1
222 155 0 1
223 155 0 1
224 155 0 1
225 155 0 2
226 155 0 2
112 154 0 1
113 154 0 1
114 154 0 1
115 154 0 1
116 154 0 1
117 154 0 1
118 154 0 1
119 154 0 1
120 154 0 1
121 154 0 1
170 154 0 1
171 154 0 1
172 154 0 1
173 154 0 1
174 154 0 1
175 154 0 1
176 154 0 1
177 154 0 1
178 154 0 1
179 154 0 1
223 154 0 1
224 154 0 1
225 154 0 2
226 154 0 2
227 154 0 2
112 153 0 1
113 153 0 1
114 153 0 1
115 153 0 1
116 153 0 1
117 153 0 1
118 153 0 1
119 153 0 1
120 153 0 1
121 153 0 1
170 153 0 1
171 153 0 1
172 153 0 1
173 153 0 1
174 153 0 1
175 153 0 1
176 153 0 1
177 153 0 1
178 153 0 1
179 153 0 1
223 153 0 1
224 153 0 1
225 153 0 2
226 153 0 2
227 153 0 2
112 152 0 1
113 152 0 1
114 152 0 1
115 152 0 1
116 152 0 1
117 152 0 1
118 152 0 1
119 152 0 1
120 152 0 1
121 152 0 1
170 152 0 1
171 152 0 1
172 152 0 1
173 152 0 1
174 152 0 1
175 152 0 1
176 152 0 1
177 152 0 1
178 152 0 1
179 152 0 1
223 152 0 1
224 152 0 1
225 152 0 2
226 152 0 2
227 152 0 2
113 151 0 1
114 151 0 1
115 151 0 1
116 151 0 1
117 151 0 1
118 151 0 1
119 151 0 1
120 151 0 1
170 151 0 1
171 151 0 1
172 151 0 1
173 151 0 1
174 151 0 1
175 151 0 1
176 151 0 1
177 151 0 1
178 151 0 1
179 151 0 1
222 151 0 1
223 151 0 1
224 151 0 1
225 151 0 2
226 151 0 2
227 151 0 2
114 150 0 1
115 150 0 1
116 150 0 1
117 150 0 1
118 150 0 1
119 150 0 1
120 150 0 1
171 150 0 1
172 150 0 1
173 150 0 1
174 150 0 1
175 150 0 1
176 150 0 1
177 150 0 1
178 150 0 1
222 150 0 1
223 150 0 1
224 150 0 2
225 150 0 2
226 150 0 2
227 150 0 2
115 149 0 1
116 149 0 1
117 149 0 1
118 149 0 1
119 149 0 1
120 149 0 1
171 149 0 1
172 149 0 1
173 149 0 1
174 149 0 1
175 149 0 1
176 149 0 1
177 149 0 1
221 149 0 1
222 149 0 1
223 149 0 2
224 149 0 2
225 149 0 2
226 149 0 2
227 149 0 2
118 148 0 1
119 148 0 1
120 148 0 1
64 141 0 1
65 141 0 1
66 141 0 1
67 141 0 1
68 141 0 1
69 141 0 1
64 140 0 1
65 140 0 1
66 140 0 1
67 140 0 1
68 140 0 1
69 140 0 1
65 139 0 1
66 139 0 1
67 139 0 1
68 139 0 1
69 139 0 1
66 138 0 1
67 138 0 1
68 138 0 1
69 138 0 1
67 137 0 1
68 137 0 1
69 137 0 1
69 136 0 1
202 133 0 2
203 133 0 2
194 132 0 1
195 132 0 1
196 132 0 1
197 132 0 1
198 132 0 2
199 132 0 2
200 132 0 2
201 132 0 2
202 132 0 2
203 132 0 2
139 131 0 1
147 131 0 1
148 131 0 1
194 131 0 1
195 131 0 1
196 131 0 1
197 131 0 1
198 131 0 1
199 131 0 2
200 131 0 2
201 131 0 2
202 131 0 2
203 131 0 2
100 130 0 2
101 130 0 2
102 130 0 2
103 130 0 2
139 130 0 1
140 130 0 1
146 130 0 1
147 130 0 1
148 130 0 1
149 130 0 1
194 130 0 1
195 130 0 1
196 130 0 1
197 130 0 1
198 130 0 1
199 130 0 1
200 130 0 2
201 130 0 2
202 130 0 2
203 130 0 2
232 130 0 1
233 130 0 1
100 129 0 2
101 129 0 2
102 129 0 2
103 129 0 2
139 129 0 1
140 129 0 1
141 129 0 1
145 129 0 1
146 129 0 1
147 129 0 1
148 129 0 1
149 129 0 1
150 129 0 1
194 129 0 1
195 129 0 1
196 129 0 1
197 129 0 1
198 129 0 1
199 129 0 1
200 129 0 1
201 129 0 2
202 129 0 2
203 129 0 2
232 129 0 1
233 129 0 1
100 128 0 2
101 128 0 2
102 128 0 2
103 128 0 2
139 128 0 2
140 128 0 1
141 128 0 1
142 128 0 1
144 128 0 1
145 128 0 1
146 128 0 1
147 128 0 2
148 128 0 2
149 128 0 1
150 128 0 1
194 128 0 1
195 128 0 1
196 128 0 1
197 128 0 1
198 128 0 1
199 128 0 1
200 128 0 1
201 128 0 1
202 128 0 2
203 128 0 2
232 128 0 1
233 128 0 1
139 127 0 2
140 127 0 2
141 127 0 1
142 127 0 1
143 127 0 1
144 127 0 1
145 127 0 1
146 127 0 2
147 127 0 2
148 127 0 2
149 127 0 2
150 127 0 1
194 127 0 1
195 127 0 1
196 127 0 1
197 127 0 1
198 127 0 1
199 127 0 1
200 127 0 1
201 127 0 1
202 127 0 1
203 127 0 2
232 127 0 1
233 127 0 1
140 126 0 2
141 126 0 2
142 126 0 2
143 126 0 2
144 126 0 2
145 126 0 2
146 126 0 2
147 126 0 2
148 126 0 2
149 126 0 2
150 126 0 2
194 126 0 1
195 126 0 1
196 126 0 1
197 126 0 1
198 126 0 1
199 126 0 1
200 126 0 1
201 126 0 1
202 126 0 1
203 126 0 1
232 126 0 1
233 126 0 1
141 125 0 2
142 125 0 2
143 125 0 2
144 125 0 2
145 125 0 2
146 125 0 2
147 125 0 2
148 125 0 2
149 125 0 2
150 125 0 2
194 125 0 1
195 125 0 1
196 125 0 1
197 125 0 1
198 125 0 1
199 125 0 1
200 125 0 1
201 125 0 1
202 125 0 1
203 125 0 1
232 125 0 1
233 125 0 1
142 124 0 2
143 124 0 2
144 124 0 2
149 124 0 2
150 124 0 2
194 124 0 1
195 124 0 1
196 124 0 1
197 124 0 1
198 124 0 1
199 124 0 1
200 124 0 1
201 124 0 1
202 124 0 1
203 124 0 1
194 123 0 1
195 123 0 1
196 123 0 1
197 123 0 1
198 123 0 1
199 123 0 1
200 123 0 1
201 123 0 1
202 123 0 1
203 123 0 1
65 118 0 1
66 118 0 1
67 118 0 1
65 117 0 1
66 117 0 1
67 117 0 1
68 117 0 1
67 116 0 1
68 116 0 1
69 116 0 1
68 115 0 1
69 115 0 1
29 109 0 1
30 109 0 1
31 109 0 2
32 109 0 2
33 109 0 2
28 108 0 1
29 108 0 1
30 108 0 1
31 108 0 2
32 108 0 2
33 108 0 2
34 108 0 2
27 107 0 1
28 107 0 1
29 107 0 1
30 107 0 1
31 107 0 2
32 107 0 2
33 107 0 2
34 107 0 2
35 107 0 2
100 107 0 1
101 107 0 1
102 107 0 1
103 107 0 1
104 107 0 1
105 107 0 1
106 107 0 1
107 107 0 1
108 107 0 1
187 107 0 1
188 107 0 1
26 106 0 1
27 106 0 1
28 106 0 1
29 106 0 1
30 106 0 1
31 106 0 1
32 106 0 1
33 106 0 2
34 106 0 2
35 106 0 2
100 106 0 1
101 106 0 1
102 106 0 1
103 106 0 1
104 106 0 1
105 106 0 1
106 106 0 1
107 106 0 1
108 106 0 1
109 106 0 1
187 106 0 1
188 106 0 1
25 105 0 2
26 105 0 1
27 105 0 1
28 105 0 1
29 105 0 1
30 105 0 1
31 105 0 1
32 105 0 1
33 105 0 1
34 105 0 2
35 105 0 2
100 105 0 1
101 105 0 1
102 105 0 1
103 105 0 1
104 105 0 1
105 105 0 1
106 105 0 1
107 105 0 1
108 105 0 1
109 105 0 1
110 105 0 1
186 105 0 1
187 105 0 1
188 105 0 1
189 105 0 1
25 104 0 2
26 104 0 2
27 104 0 1
28 104 0 1
29 104 0 1
30 104 0 1
31 104 0 1
32 104 0 1
33 104 0 1
34 104 0 1
35 104 0 2
100 104 0 1
101 104 0 1
102 104 0 1
103 104 0 1
104 104 0 1
105 104 0 1
106 104 0 1
107 104 0 1
108 104 0 1
109 104 0 1
110 104 0 1
185 104 0 1
186 104 0 1
187 104 0 1
188 104 0 1
189 104 0 1
190 104 0 1
26 103 0 2
27 103 0 2
28 103 0 2
29 103 0 1
30 103 0 1
31 103 0 1
32 103 0 1
33 103 0 1
34 103 0 1
35 103 0 1
100 103 0 1
101 103 0 1
102 103 0 1
103 103 0 1
104 103 0 1
105 103 0 1
106 103 0 1
107 103 0 1
108 103 0 1
109 103 0 1
110 103 0 1
184 103 0 1
185 103 0 1
186 103 0 1
187 103 0 1
188 103 0 1
189 103 0 1
190 103 0 1
191 103 0 1
27 102 0 2
28 102 0 2
29 102 0 2
30 102 0 1
31 102 0 1
32 102 0 1
33 102 0 1
34 102 0 1
100 102 0 1
101 102 0 1
102 102 0 1
103 102 0 1
104 102 0 1
105 102 0 1
106 102 0 1
107 102 0 1
108 102 0 1
185 102 0 1
186 102 0 1
187 102 0 1
188 102 0 1
189 102 0 1
190 102 0 1
28 101 0 2
29 101 0 2
30 101 0 2
31 101 0 2
32 101 0 2
100 101 0 1
101 101 0 1
102 101 0 1
103 101 0 1
104 101 0 1
105 101 0 1
106 101 0 1
107 101 0 1
185 101 0 1
186 101 0 1
187 101 0 1
188 101 0 1
189 101 0 1
190 101 0 1
100 100 0 1
101 100 0 1
102 100 0 1
103 100 0 1
104 100 0 1
105 100 0 1
106 100 0 1
107 100 0 1
186 100 0 1
187 100 0 1
188 100 0 1
189 100 0 1
100 99 0 1
101 99 0 1
102 99 0 1
103 99 0 1
104 99 0 1
105 99 0 1
106 99 0 1
101 98 0 1
102 98 0 1
103 98 0 1
104 98 0 1
105 98 0 1
238 98 0 1
230 97 0 1
238 97 0 1
239 97 0 1
230 96 0 1
238 96 0 1
239 96 0 1
52 95 0 2
53 95 0 2
54 95 0 2
55 95 0 2
56 95 0 2
230 95 0 1
231 95 0 1
237 95 0 1
238 95 0 1
239 95 0 1
240 95 0 1
52 94 0 2
53 94 0 2
54 94 0 2
55 94 0 2
56 94 0 2
164 94 0 1
230 94 0 1
231 94 0 1
232 94 0 1
236 94 0 1
237 94 0 1
238 94 0 1
239 94 0 1
240 94 0 1
241 94 0 1
52 93 0 2
53 93 0 2
54 93 0 2
55 93 0 2
56 93 0 2
156 93 0 1
164 93 0 1
230 93 0 2
231 93 0 1
232 93 0 1
233 93 0 1
235 93 0 1
236 93 0 1
237 93 0 1
238 93 0 2
239 93 0 2
240 93 0 1
241 93 0 1
52 92 0 2
53 92 0 2
54 92 0 2
55 92 0 2
56 92 0 2
156 92 0 1
157 92 0 1
163 92 0 1
164 92 0 1
230 92 0 2
231 92 0 2
232 92 0 1
233 92 0 1
234 92 0 1
235 92 0 1
236 92 0 1
237 92 0 2
238 92 0 2
239 92 0 2
240 92 0 2
241 92 0 1
52 91 0 2
53 91 0 2
54 91 0 2
55 91 0 2
56 91 0 2
156 91 0 1
157 91 0 1
158 91 0 1
162 91 0 1
163 91 0 1
164 91 0 1
231 91 0 2
232 91 0 2
233 91 0 2
234 91 0 2
235 91 0 2
236 91 0 2
237 91 0 2
238 91 0 2
240 91 0 2
241 91 0 2
156 90 0 1
157 90 0 1
158 90 0 1
159 90 0 1
160 90 0 1
161 90 0 1
162 90 0 1
163 90 0 1
164 90 0 1
232 90 0 2
233 90 0 2
234 90 0 2
235 90 0 2
236 90 0 2
237 90 0 2
238 90 0 2
241 90 0 2
156 89 0 1
157 89 0 1
158 89 0 1
159 89 0 1
160 89 0 1
161 89 0 1
162 89 0 1
163 89 0 1
164 89 0 1
233 89 0 2
234 89 0 2
235 89 0 2
156 88 0 1
157 88 0 1
158 88 0 1
159 88 0 1
160 88 0 1
161 88 0 1
162 88 0 1
163 88 0 1
164 88 0 1
234 88 0 2
156 87 0 1
157 87 0 1
158 87 0 1
159 87 0 1
160 87 0 1
161 87 0 1
162 87 0 1
163 87 0 1
164 87 0 1
157 86 0 1
158 86 0 1
159 86 0 1
160 86 0 1
161 86 0 1
162 86 0 1
163 86 0 1
157 85 0 1
158 85 0 1
159 85 0 1
160 85 0 1
161 85 0 1
158 84 0 1
159 84 0 1
160 84 0 1
61 71 0 1
62 71 0 1
63 71 0 1
64 71 0 1
65 71 0 1
66 71 0 2
67 71 0 2
139 71 0 1
140 71 0 1
61 70 0 1
62 70 0 1
63 70 0 1
64 70 0 1
65 70 0 1
66 70 0 1
67 70 0 2
139 70 0 1
140 70 0 1
61 69 0 1
62 69 0 1
63 69 0 1
64 69 0 1
65 69 0 1
66 69 0 2
67 69 0 2
138 69 0 1
139 69 0 1
140 69 0 1
141 69 0 1
61 68 0 1
62 68 0 1
63 68 0 1
64 68 0 1
65 68 0 1
66 68 0 2
67 68 0 2
137 68 0 1
138 68 0 1
139 68 0 1
140 68 0 1
141 68 0 1
142 68 0 1
61 67 0 1
62 67 0 1
63 67 0 1
64 67 0 1
65 67 0 2
66 67 0 2
67 67 0 2
136 67 0 1
137 67 0 1
138 67 0 1
139 67 0 1
140 67 0 1
141 67 0 1
142 67 0 1
143 67 0 1
65 66 0 2
66 66 0 2
67 66 0 2
137 66 0 1
138 66 0 1
139 66 0 1
140 66 0 1
141 66 0 1
142 66 0 1
137 65 0 1
138 65 0 1
139 65 0 1
140 65 0 1
141 65 0 1
142 65 0 1
138 64 0 1
139 64 0 1
140 64 0 1
141 64 0 1
29 61 0 1
30 61 0 1
31 61 0 1
32 61 0 1
33 61 0 1
28 60 0 1
29 60 0 1
30 60 0 1
31 60 0 1
32 60 0 1
33 60 0 1
34 60 0 1
26 59 0 1
27 59 0 1
28 59 0 1
29 59 0 1
30 59 0 1
31 59 0 1
32 59 0 1
33 59 0 1
34 59 0 1
35 59 0 1
36 59 0 1
25 58 0 1
26 58 0 1
27 58 0 1
28 58 0 1
29 58 0 1
30 58 0 1
31 58 0 1
32 58 0 1
33 58 0 1
34 58 0 1
35 58 0 1
36 58 0 1
37 58 0 1
25 57 0 1
26 57 0 1
27 57 0 1
28 57 0 1
29 57 0 1
30 57 0 1
31 57 0 1
32 57 0 1
33 57 0 1
34 57 0 1
35 57 0 1
36 57 0 1
37 57 0 1
38 57 0 1
26 56 0 1
27 56 0 1
28 56 0 1
29 56 0 1
30 56 0 1
31 56 0 1
32 56 0 1
33 56 0 1
34 56 0 1
35 56 0 1
36 56 0 1
37 56 0 1
38 56 0 1
39 56 0 1
27 55 0 1
28 55 0 1
29 55 0 1
30 55 0 1
31 55 0 1
32 55 0 1
33 55 0 1
34 55 0 1
35 55 0 1
36 55 0 1
37 55 0 1
38 55 0 1
39 55 0 1
27 54 0 1
28 54 0 1
29 54 0 1
30 54 0 1
31 54 0 1
32 54 0 1
33 54 0 1
34 54 0 1
35 54 0 1
36 54 0 1
37 54 0 1
38 54 0 1
182 47 0 1
183 47 0 1
184 47 0 1
185 47 0 1
186 47 0 1
187 47 0 1
188 47 0 1
189 47 0 1
190 47 0 1
43 46 0 2
181 46 0 1
182 46 0 1
183 46 0 1
184 46 0 1
185 46 0 1
186 46 0 1
187 46 0 1
188 46 0 1
189 46 0 1
190 46 0 1
191 46 0 1
42 45 0 2
43 45 0 2
44 45 0 2
180 45 0 1
181 45 0 1
182 45 0 1
183 45 0 1
184 45 0 1
185 45 0 1
186 45 0 1
187 45 0 1
188 45 0 1
189 45 0 1
190 45 0 1
191 45 0 1
41 44 0 2
42 44 0 2
43 44 0 2
44 44 0 2
45 44 0 2
180 44 0 1
181 44 0 1
182 44 0 1
183 44 0 1
184 44 0 1
185 44 0 1
186 44 0 1
187 44 0 1
188 44 0 1
189 44 0 1
190 44 0 1
191 44 0 1
40 43 0 2
41 43 0 2
42 43 0 2
43 43 0 2
44 43 0 2
45 43 0 2
46 43 0 2
180 43 0 1
181 43 0 1
182 43 0 1
183 43 0 1
184 43 0 1
185 43 0 1
186 43 0 1
187 43 0 1
188 43 0 1
189 43 0 1
190 43 0 1
191 43 0 1
41 42 0 2
42 42 0 2
43 42 0 2
44 42 0 2
45 42 0 2
180 42 0 1
181 42 0 1
182 42 0 1
183 42 0 1
184 42 0 1
185 42 0 1
186 42 0 1
187 42 0 1
188 42 0 1
189 42 0 1
190 42 0 1
191 42 0 1
42 41 0 2
43 41 0 2
44 41 0 2
181 41 0 1
182 41 0 1
183 41 0 1
184 41 0 1
185 41 0 1
186 41 0 1
187 41 0 1
188 41 0 1
189 41 0 1
190 41 0 1
191 41 0 1
43 40 0 2
182 40 0 1
183 40 0 1
184 40 0 1
185 40 0 1
186 40 0 1
187 40 0 1
188 40 0 1
189 40 0 1
190 40 0 1
191 40 0 1
84 38 0 1
85 38 0 1
86 38 0 1
87 38 0 1
84 37 0 1
85 37 0 1
86 37 0 1
87 37 0 1
88 37 0 1
89 37 0 1
90 37 0 2
91 37 0 2
92 37 0 2
93 37 0 2
84 36 0 1
85 36 0 1
86 36 0 1
87 36 0 1
88 36 0 1
89 36 0 1
90 36 0 2
91 36 0 2
92 36 0 2
93 36 0 2
94 36 0 2
84 35 0 1
85 35 0 1
86 35 0 1
87 35 0 1
88 35 0 1
89 35 0 1
90 35 0 1
91 35 0 1
92 35 0 2
93 35 0 2
94 35 0 2
84 34 0 2
85 34 0 1
86 34 0 1
87 34 0 1
88 34 0 1
89 34 0 1
90 34 0 1
91 34 0 1
92 34 0 1
93 34 0 2
94 34 0 2
84 33 0 2
85 33 0 2
86 33 0 1
87 33 0 1
88 33 0 1
89 33 0 1
90 33 0 1
91 33 0 1
92 33 0 1
93 33 0 1
94 33 0 2
85 32 0 2
86 32 0 2
87 32 0 2
88 32 0 1
89 32 0 1
90 32 0 1
91 32 0 1
92 32 0 1
86 31 0 2
87 31 0 2
88 31 0 2
89 31 0 1
90 31 0 1
91 31 0 1
87 30 0 2
88 30 0 2
89 30 0 2
90 30 0 2
14 23 0 1
15 23 0 1
22 23 0 1
23 23 0 1
24 23 0 1
110 23 0 1
111 23 0 1
112 23 0 1
113 23 0 1
114 23 0 1
115 23 0 1
116 23 0 1
139 23 0 1
140 23 0 1
209 23 0 2
210 23 0 2
211 23 0 2
212 23 0 2
213 23 0 2
14 22 0 1
15 22 0 1
21 22 0 1
22 22 0 1
23 22 0 1
24 22 0 1
109 22 0 1
110 22 0 1
111 22 0 1
112 22 0 1
113 22 0 1
114 22 0 1
115 22 0 1
116 22 0 1
117 22 0 1
139 22 0 1
140 22 0 1
209 22 0 2
210 22 0 2
211 22 0 2
212 22 0 2
213 22 0 2
14 21 0 1
15 21 0 1
16 21 0 1
20 21 0 1
21 21 0 1
22 21 0 1
23 21 0 1
24 21 0 1
25 21 0 1
108 21 0 1
109 21 0 1
110 21 0 1
111 21 0 1
112 21 0 1
113 21 0 1
114 21 0 1
115 21 0 1
116 21 0 1
117 21 0 1
118 21 0 1
138 21 0 1
139 21 0 1
140 21 0 1
141 21 0 1
209 21 0 2
210 21 0 2
211 21 0 2
212 21 0 2
213 21 0 2
14 20 0 2
15 20 0 1
16 20 0 1
17 20 0 1
19 20 0 1
20 20 0 1
21 20 0 1
22 20 0 2
23 20 0 2
24 20 0 1
25 20 0 1
108 20 0 1
109 20 0 1
110 20 0 1
111 20 0 1
112 20 0 1
113 20 0 1
114 20 0 1
115 20 0 1
116 20 0 1
117 20 0 1
118 20 0 1
137 20 0 1
138 20 0 1
139 20 0 1
140 20 0 1
141 20 0 1
142 20 0 1
209 20 0 2
210 20 0 2
211 20 0 2
212 20 0 2
213 20 0 2
14 19 0 2
15 19 0 2
16 19 0 1
17 19 0 1
18 19 0 1
19 19 0 1
20 19 0 1
21 19 0 2
22 19 0 2
23 19 0 2
24 19 0 2
25 19 0 1
109 19 0 1
110 19 0 1
111 19 0 1
112 19 0 1
113 19 0 1
114 19 0 1
115 19 0 1
116 19 0 1
117 19 0 1
136 19 0 1
137 19 0 1
138 19 0 1
139 19 0 1
140 19 0 1
141 19 0 1
142 19 0 1
143 19 0 1
209 19 0 2
210 19 0 2
211 19 0 2
212 19 0 2
213 19 0 2
15 18 0 2
16 18 0 2
17 18 0 2
18 18 0 2
19 18 0 2
20 18 0 2
21 18 0 2
22 18 0 2
23 18 0 2
24 18 0 2
25 18 0 2
109 18 0 1
110 18 0 1
111 18 0 1
112 18 0 1
113 18 0 1
114 18 0 1
115 18 0 1
116 18 0 1
137 18 0 1
138 18 0 1
139 18 0 1
140 18 0 1
141 18 0 1
142 18 0 1
15 17 0 2
16 17 0 2
17 17 0 2
18 17 0 2
19 17 0 2
20 17 0 2
21 17 0 2
22 17 0 2
23 17 0 2
24 17 0 2
25 17 0 2
109 17 0 1
110 17 0 1
111 17 0 1
112 17 0 1
113 17 0 1
114 17 0 1
115 17 0 1
137 17 0 1
138 17 0 1
139 17 0 1
140 17 0 1
141 17 0 1
142 17 0 1
17 16 0 2
18 16 0 2
110 16 0 1
111 16 0 1
138 16 0 1
139 16 0 1
140 16 0 1
141 16 0 1
