32 239 0 2
136 239 0 1
137 239 0 1
138 239 0 1
139 239 0 1
140 239 0 1
141 239 0 1
142 239 0 1
143 239 0 1
31 238 0 2
32 238 0 2
33 238 0 2
136 238 0 1
137 238 0 1
138 238 0 1
139 238 0 1
30 237 0 2
31 237 0 2
32 237 0 2
33 237 0 2
34 237 0 2
88 237 0 1
89 237 0 1
90 237 0 1
91 237 0 1
200 237 0 1
201 237 0 1
202 237 0 1
29 236 0 2
30 236 0 2
31 236 0 2
32 236 0 2
33 236 0 2
34 236 0 2
35 236 0 2
88 236 0 1
89 236 0 1
90 236 0 1
91 236 0 1
199 236 0 1
200 236 0 1
201 236 0 1
202 236 0 1
30 235 0 2
31 235 0 2
32 235 0 2
33 235 0 2
34 235 0 2
88 235 0 1
89 235 0 1
90 235 0 1
91 235 0 1
198 235 0 1
199 235 0 1
200 235 0 1
201 235 0 1
202 235 0 1
31 234 0 2
32 234 0 2
33 234 0 2
197 234 0 1
198 234 0 1
199 234 0 1
200 234 0 1
201 234 0 1
202 234 0 1
32 233 0 2
197 233 0 1
198 233 0 1
199 233 0 1
200 233 0 1
201 233 0 1
202 233 0 1
197 232 0 1
198 232 0 1
199 232 0 1
200 232 0 1
201 232 0 1
202 232 0 1
197 231 0 1
198 231 0 1
199 231 0 1
200 231 0 1
201 231 0 1
202 231 0 1
198 230 0 1
199 230 0 1
200 230 0 1
201 230 0 1
138 218 0 1
139 218 0 1
137 217 0 1
138 217 0 1
139 217 0 1
140 217 0 1
141 217 0 1
136 216 0 1
137 216 0 1
138 216 0 1
139 216 0 1
140 216 0 1
141 216 0 1
142 216 0 1
136 215 0 1
137 215 0 1
138 215 0 1
139 215 0 1
140 215 0 1
141 215 0 1
142 215 0 1
136 214 0 1
137 214 0 1
138 214 0 1
139 214 0 1
140 214 0 1
141 214 0 1
142 214 0 1
136 213 0 1
137 213 0 1
138 213 0 1
139 213 0 1
140 213 0 1
141 213 0 1
137 212 0 1
138 212 0 1
139 212 0 1
138 211 0 1
79 203 0 1
78 202 0 1
79 202 0 1
80 202 0 1
77 201 0 1
78 201 0 1
79 201 0 1
80 201 0 1
81 201 0 1
184 201 0 2
185 201 0 2
186 201 0 2
187 201 0 2
188 201 0 2
189 201 0 2
190 201 0 2
191 201 0 2
76 200 0 1
77 200 0 1
78 200 0 1
79 200 0 1
80 200 0 1
81 200 0 1
82 200 0 1
184 200 0 2
185 200 0 1
186 200 0 2
187 200 0 2
188 200 0 2
189 200 0 2
190 200 0 2
191 200 0 2
77 199 0 1
78 199 0 1
79 199 0 1
80 199 0 1
81 199 0 1
184 199 0 2
185 199 0 1
186 199 0 1
187 199 0 1
188 199 0 2
189 199 0 2
190 199 0 2
191 199 0 2
78 198 0 1
79 198 0 1
80 198 0 1
184 198 0 2
185 198 0 1
186 198 0 1
187 198 0 1
188 198 0 1
189 198 0 1
190 198 0 2
191 198 0 2
79 197 0 1
228 195 0 2
229 195 0 2
230 195 0 2
231 195 0 2
228 194 0 2
229 194 0 2
230 194 0 2
231 194 0 2
228 193 0 2
229 193 0 2
230 193 0 2
231 193 0 2
40 190 0 1
41 190 0 1
42 190 0 1
43 190 0 1
44 190 0 1
45 190 0 1
40 189 0 1
41 189 0 1
42 189 0 1
43 189 0 1
44 189 0 1
45 189 0 1
132 189 0 1
140 189 0 1
41 188 0 1
42 188 0 1
43 188 0 1
44 188 0 1
45 188 0 1
132 188 0 1
133 188 0 1
139 188 0 1
140 188 0 1
42 187 0 1
43 187 0 1
44 187 0 1
45 187 0 1
132 187 0 1
133 187 0 1
134 187 0 1
138 187 0 1
139 187 0 1
140 187 0 1
43 186 0 1
44 186 0 1
45 186 0 1
132 186 0 1
133 186 0 1
134 186 0 1
135 186 0 1
136 186 0 1
137 186 0 1
138 186 0 1
139 186 0 1
140 186 0 1
45 185 0 1
132 185 0 1
133 185 0 1
134 185 0 1
135 185 0 1
136 185 0 1
137 185 0 1
138 185 0 1
139 185 0 1
140 185 0 1
132 184 0 1
133 184 0 1
134 184 0 1
135 184 0 1
136 184 0 1
137 184 0 1
138 184 0 1
139 184 0 1
140 184 0 1
176 179 0 1
177 179 0 1
178 179 0 1
211 179 0 1
212 179 0 2
213 179 0 2
214 179 0 2
215 179 0 2
175 178 0 1
176 178 0 1
177 178 0 1
178 178 0 1
210 178 0 1
211 178 0 1
212 178 0 1
213 178 0 2
214 178 0 2
215 178 0 2
174 177 0 1
175 177 0 1
176 177 0 1
177 177 0 1
178 177 0 1
208 177 0 1
209 177 0 1
210 177 0 1
211 177 0 1
212 177 0 1
213 177 0 1
214 177 0 2
215 177 0 2
173 176 0 1
174 176 0 1
175 176 0 1
176 176 0 1
177 176 0 1
178 176 0 1
208 176 0 1
209 176 0 1
210 176 0 1
211 176 0 1
212 176 0 1
213 176 0 1
214 176 0 1
215 176 0 2
173 175 0 1
174 175 0 1
175 175 0 1
176 175 0 1
177 175 0 1
178 175 0 1
208 175 0 1
209 175 0 1
210 175 0 1
211 175 0 1
212 175 0 1
213 175 0 1
214 175 0 1
215 175 0 2
173 174 0 1
174 174 0 1
175 174 0 1
176 174 0 1
177 174 0 1
178 174 0 1
209 174 0 1
210 174 0 1
211 174 0 1
212 174 0 1
213 174 0 1
173 173 0 1
174 173 0 1
175 173 0 1
176 173 0 1
177 173 0 1
178 173 0 1
174 172 0 1
175 172 0 1
176 172 0 1
177 172 0 1
106 166 0 1
107 166 0 1
108 166 0 1
109 166 0 1
105 165 0 1
106 165 0 1
107 165 0 1
108 165 0 1
109 165 0 1
110 165 0 1
104 164 0 1
105 164 0 1
106 164 0 1
107 164 0 2
108 164 0 2
109 164 0 1
110 164 0 1
104 163 0 1
105 163 0 1
106 163 0 2
107 163 0 2
108 163 0 2
109 163 0 2
110 163 0 1
104 162 0 2
105 162 0 2
106 162 0 2
107 162 0 2
108 162 0 2
109 162 0 2
110 162 0 2
104 161 0 2
105 161 0 2
106 161 0 2
107 161 0 2
108 161 0 2
109 161 0 2
110 161 0 2
104 160 0 2
109 160 0 2
110 160 0 2
36 159 0 2
37 159 0 2
38 159 0 2
39 159 0 2
36 158 0 2
37 158 0 2
38 158 0 2
39 158 0 2
36 157 0 2
37 157 0 2
38 157 0 2
39 157 0 2
198 155 0 1
199 155 0 1
200 155 0 1
201 155 0 2
202 155 0 2
199 154 0 1
200 154 0 1
201 154 0 2
202 154 0 2
203 154 0 2
199 153 0 1
200 153 0 1
201 153 0 2
202 153 0 2
203 153 0 2
199 152 0 1
200 152 0 1
201 152 0 2
202 152 0 2
203 152 0 2
199 151 0 1
200 151 0 1
201 151 0 2
202 151 0 2
203 151 0 2
198 150 0 1
199 150 0 1
200 150 0 2
201 150 0 2
202 150 0 2
197 149 0 1
198 149 0 1
199 149 0 2
200 149 0 2
201 149 0 2
64 141 0 1
65 141 0 1
66 141 0 1
67 141 0 1
68 141 0 1
69 141 0 1
64 140 0 1
65 140 0 1
66 140 0 1
67 140 0 1
68 140 0 1
69 140 0 1
65 139 0 1
66 139 0 1
67 139 0 1
68 139 0 1
69 139 0 1
66 138 0 1
67 138 0 1
68 138 0 1
69 138 0 1
67 137 0 1
68 137 0 1
69 137 0 1
69 136 0 1
100 130 0 2
101 130 0 2
102 130 0 2
103 130 0 2
146 130 0 1
147 130 0 1
148 130 0 1
149 130 0 1
232 130 0 1
233 130 0 1
100 129 0 2
101 129 0 2
102 129 0 2
103 129 0 2
145 129 0 1
146 129 0 1
147 129 0 1
148 129 0 1
149 129 0 1
150 129 0 1
232 129 0 1
233 129 0 1
100 128 0 2
101 128 0 2
102 128 0 2
103 128 0 2
144 128 0 1
145 128 0 1
146 128 0 1
147 128 0 2
148 128 0 2
149 128 0 1
150 128 0 1
232 128 0 1
233 128 0 1
144 127 0 1
145 127 0 1
146 127 0 2
147 127 0 2
148 127 0 2
149 127 0 2
150 127 0 1
232 127 0 1
233 127 0 1
144 126 0 2
145 126 0 2
146 126 0 2
147 126 0 2
148 126 0 2
149 126 0 2
150 126 0 2
232 126 0 1
233 126 0 1
144 125 0 2
145 125 0 2
146 125 0 2
147 125 0 2
148 125 0 2
149 125 0 2
150 125 0 2
232 125 0 1
233 125 0 1
144 124 0 2
149 124 0 2
150 124 0 2
187 107 0 1
188 107 0 1
187 106 0 1
188 106 0 1
186 105 0 1
187 105 0 1
188 105 0 1
189 105 0 1
28 104 0 1
29 104 0 1
30 104 0 1
31 104 0 1
185 104 0 1
186 104 0 1
187 104 0 1
188 104 0 1
189 104 0 1
190 104 0 1
28 103 0 2
29 103 0 1
30 103 0 1
31 103 0 1
184 103 0 1
185 103 0 1
186 103 0 1
187 103 0 1
188 103 0 1
189 103 0 1
190 103 0 1
191 103 0 1
28 102 0 2
29 102 0 2
30 102 0 1
31 102 0 1
185 102 0 1
186 102 0 1
187 102 0 1
188 102 0 1
189 102 0 1
190 102 0 1
28 101 0 2
29 101 0 2
30 101 0 2
31 101 0 2
185 101 0 1
186 101 0 1
187 101 0 1
188 101 0 1
189 101 0 1
190 101 0 1
186 100 0 1
187 100 0 1
188 100 0 1
189 100 0 1
52 95 0 2
53 95 0 2
54 95 0 2
55 95 0 2
56 95 0 2
52 94 0 2
53 94 0 2
54 94 0 2
55 94 0 2
56 94 0 2
52 93 0 2
53 93 0 2
54 93 0 2
55 93 0 2
56 93 0 2
52 92 0 2
53 92 0 2
54 92 0 2
55 92 0 2
56 92 0 2
52 91 0 2
53 91 0 2
54 91 0 2
55 91 0 2
56 91 0 2
120 81 0 1
128 81 0 1
120 80 0 1
121 80 0 1
127 80 0 1
128 80 0 1
120 79 0 1
121 79 0 1
122 79 0 1
126 79 0 1
127 79 0 1
128 79 0 1
120 78 0 1
121 78 0 1
122 78 0 1
123 78 0 1
124 78 0 1
125 78 0 1
126 78 0 1
127 78 0 1
128 78 0 1
120 77 0 1
121 77 0 1
122 77 0 1
123 77 0 1
124 77 0 1
125 77 0 1
126 77 0 1
127 77 0 1
128 77 0 1
120 76 0 1
121 76 0 1
122 76 0 1
123 76 0 1
124 76 0 1
125 76 0 1
126 76 0 1
127 76 0 1
128 76 0 1
61 71 0 1
62 71 0 1
63 71 0 1
64 71 0 1
65 71 0 1
66 71 0 2
67 71 0 2
61 70 0 1
62 70 0 1
63 70 0 1
64 70 0 1
65 70 0 1
66 70 0 1
67 70 0 2
61 69 0 1
62 69 0 1
63 69 0 1
64 69 0 1
65 69 0 1
66 69 0 2
67 69 0 2
216 69 0 1
224 69 0 1
61 68 0 1
62 68 0 1
63 68 0 1
64 68 0 1
65 68 0 1
66 68 0 2
67 68 0 2
216 68 0 1
217 68 0 1
223 68 0 1
224 68 0 1
61 67 0 1
62 67 0 1
63 67 0 1
64 67 0 1
65 67 0 2
66 67 0 2
67 67 0 2
216 67 0 1
217 67 0 1
218 67 0 1
222 67 0 1
223 67 0 1
224 67 0 1
65 66 0 2
66 66 0 2
67 66 0 2
216 66 0 1
217 66 0 1
218 66 0 1
219 66 0 1
220 66 0 1
221 66 0 1
222 66 0 1
223 66 0 1
224 66 0 1
216 65 0 1
217 65 0 1
218 65 0 1
219 65 0 1
220 65 0 1
221 65 0 1
222 65 0 1
223 65 0 1
224 65 0 1
216 64 0 1
217 64 0 1
218 64 0 1
219 64 0 1
220 64 0 1
221 64 0 1
222 64 0 1
223 64 0 1
224 64 0 1
43 46 0 2
181 46 0 1
182 46 0 1
183 46 0 1
184 46 0 1
185 46 0 1
42 45 0 2
43 45 0 2
44 45 0 2
180 45 0 1
181 45 0 1
182 45 0 1
183 45 0 1
184 45 0 1
185 45 0 1
186 45 0 1
41 44 0 2
42 44 0 2
43 44 0 2
44 44 0 2
45 44 0 2
180 44 0 1
181 44 0 1
182 44 0 1
183 44 0 1
184 44 0 1
185 44 0 1
186 44 0 1
40 43 0 2
41 43 0 2
42 43 0 2
43 43 0 2
44 43 0 2
45 43 0 2
46 43 0 2
180 43 0 1
181 43 0 1
182 43 0 1
183 43 0 1
184 43 0 1
185 43 0 1
186 43 0 1
41 42 0 2
42 42 0 2
43 42 0 2
44 42 0 2
45 42 0 2
180 42 0 1
181 42 0 1
182 42 0 1
183 42 0 1
184 42 0 1
185 42 0 1
186 42 0 1
42 41 0 2
43 41 0 2
44 41 0 2
181 41 0 1
182 41 0 1
183 41 0 1
184 41 0 1
185 41 0 1
43 40 0 2
84 35 0 1
85 35 0 1
86 35 0 1
87 35 0 1
84 34 0 2
85 34 0 1
86 34 0 1
87 34 0 1
84 33 0 2
85 33 0 2
86 33 0 1
87 33 0 1
85 32 0 2
86 32 0 2
87 32 0 2
86 31 0 2
87 31 0 2
87 30 0 2
22 23 0 1
23 23 0 1
139 23 0 1
140 23 0 1
209 23 0 2
210 23 0 2
211 23 0 2
212 23 0 2
213 23 0 2
21 22 0 1
22 22 0 1
23 22 0 1
139 22 0 1
140 22 0 1
209 22 0 2
210 22 0 2
211 22 0 2
212 22 0 2
213 22 0 2
16 21 0 1
20 21 0 1
21 21 0 1
22 21 0 1
23 21 0 1
138 21 0 1
139 21 0 1
140 21 0 1
141 21 0 1
209 21 0 2
210 21 0 2
211 21 0 2
212 21 0 2
213 21 0 2
16 20 0 1
17 20 0 1
19 20 0 1
20 20 0 1
21 20 0 1
22 20 0 2
23 20 0 2
137 20 0 1
138 20 0 1
139 20 0 1
140 20 0 1
141 20 0 1
142 20 0 1
209 20 0 2
210 20 0 2
211 20 0 2
212 20 0 2
213 20 0 2
16 19 0 1
17 19 0 1
18 19 0 1
19 19 0 1
20 19 0 1
21 19 0 2
22 19 0 2
23 19 0 2
136 19 0 1
137 19 0 1
138 19 0 1
139 19 0 1
140 19 0 1
141 19 0 1
142 19 0 1
143 19 0 1
209 19 0 2
210 19 0 2
211 19 0 2
212 19 0 2
213 19 0 2
16 18 0 2
17 18 0 2
18 18 0 2
19 18 0 2
20 18 0 2
21 18 0 2
22 18 0 2
23 18 0 2
137 18 0 1
138 18 0 1
139 18 0 1
140 18 0 1
141 18 0 1
142 18 0 1
137 17 0 1
138 17 0 1
139 17 0 1
140 17 0 1
141 17 0 1
142 17 0 1
138 16 0 1
139 16 0 1
140 16 0 1
141 16 0 1
