32 38 0 1
29 39 0 1
30 39 0 1
31 39 0 1
32 39 0 1
33 39 0 1
34 39 0 1
35 39 0 1
28 40 0 2
29 40 0 2
30 40 0 2
31 40 0 2
32 40 0 2
33 40 0 2
34 40 0 2
35 40 0 2
36 40 0 2
27 41 0 2
28 41 0 2
29 41 0 2
30 41 0 2
31 41 0 2
32 41 0 2
33 41 0 2
34 41 0 2
35 41 0 2
36 41 0 2
37 41 0 1
26 42 0 2
27 42 0 2
28 42 0 2
29 42 0 2
30 42 0 2
31 42 0 2
32 42 0 2
33 42 0 2
34 42 0 2
35 42 0 2
36 42 0 2
37 42 0 2
38 42 0 2
26 43 0 2
27 43 0 2
28 43 0 2
29 43 0 2
30 43 0 2
31 43 0 2
32 43 0 2
33 43 0 2
34 43 0 2
35 43 0 2
36 43 0 2
37 43 0 2
38 43 0 2
26 44 0 2
27 44 0 2
28 44 0 2
29 44 0 2
30 44 0 2
31 44 0 2
32 44 0 2
33 44 0 2
34 44 0 2
35 44 0 2
36 44 0 2
37 44 0 2
38 44 0 2
25 45 0 2
26 45 0 2
27 45 0 2
28 45 0 2
29 45 0 2
30 45 0 2
31 45 0 2
32 45 0 2
33 45 0 2
34 45 0 2
35 45 0 2
36 45 0 2
37 45 0 2
38 45 0 2
39 45 0 2
26 46 0 2
27 46 0 2
28 46 0 2
29 46 0 2
30 46 0 2
31 46 0 2
32 46 0 2
33 46 0 2
34 46 0 2
35 46 0 2
36 46 0 2
37 46 0 2
38 46 0 2
26 47 0 2
27 47 0 2
28 47 0 2
29 47 0 2
30 47 0 2
31 47 0 2
32 47 0 2
33 47 0 2
34 47 0 2
35 47 0 2
36 47 0 2
37 47 0 2
38 47 0 2
26 48 0 2
27 48 0 2
28 48 0 2
29 48 0 2
30 48 0 2
31 48 0 2
32 48 0 2
33 48 0 2
34 48 0 2
35 48 0 2
36 48 0 2
37 48 0 2
38 48 0 2
27 49 0 1
28 49 0 1
29 49 0 2
30 49 0 2
31 49 0 2
32 49 0 2
33 49 0 2
34 49 0 2
35 49 0 2
36 49 0 2
37 49 0 2
28 50 0 1
29 50 0 1
30 50 0 1
31 50 0 1
32 50 0 1
33 50 0 1
34 50 0 1
35 50 0 1
36 50 0 1
29 51 0 1
30 51 0 1
31 51 0 1
32 51 0 1
33 51 0 1
34 51 0 1
35 51 0 1
32 52 0 1
71 22 0 1
68 23 0 1
69 23 0 1
70 23 0 1
71 23 0 1
72 23 0 2
73 23 0 2
74 23 0 2
67 24 0 1
68 24 0 1
69 24 0 2
70 24 0 2
71 24 0 2
72 24 0 2
73 24 0 2
74 24 0 2
75 24 0 2
66 25 0 1
67 25 0 2
68 25 0 2
69 25 0 2
70 25 0 2
71 25 0 2
72 25 0 2
73 25 0 2
74 25 0 2
75 25 0 2
76 25 0 2
65 26 0 1
66 26 0 2
67 26 0 2
68 26 0 2
69 26 0 2
70 26 0 2
71 26 0 2
72 26 0 2
73 26 0 2
74 26 0 2
75 26 0 2
76 26 0 2
77 26 0 2
65 27 0 2
66 27 0 2
67 27 0 2
68 27 0 2
69 27 0 2
70 27 0 2
71 27 0 2
72 27 0 2
73 27 0 2
74 27 0 2
75 27 0 2
76 27 0 2
77 27 0 1
65 28 0 2
66 28 0 2
67 28 0 2
68 28 0 2
69 28 0 2
70 28 0 2
71 28 0 2
72 28 0 2
73 28 0 2
74 28 0 2
75 28 0 2
76 28 0 2
77 28 0 2
64 29 0 2
65 29 0 2
66 29 0 2
67 29 0 2
68 29 0 2
69 29 0 2
70 29 0 2
71 29 0 2
72 29 0 2
73 29 0 2
74 29 0 2
75 29 0 2
76 29 0 2
77 29 0 2
78 29 0 2
65 30 0 2
66 30 0 2
67 30 0 2
68 30 0 2
69 30 0 2
70 30 0 2
71 30 0 2
72 30 0 2
73 30 0 2
74 30 0 2
75 30 0 2
76 30 0 2
77 30 0 2
65 31 0 2
66 31 0 2
67 31 0 2
68 31 0 2
69 31 0 2
70 31 0 2
71 31 0 2
72 31 0 2
73 31 0 2
74 31 0 2
75 31 0 2
76 31 0 2
77 31 0 2
65 32 0 2
66 32 0 2
67 32 0 2
68 32 0 2
69 32 0 2
70 32 0 2
71 32 0 2
72 32 0 2
73 32 0 2
74 32 0 2
75 32 0 2
76 32 0 2
77 32 0 2
66 33 0 1
67 33 0 1
68 33 0 1
69 33 0 1
70 33 0 1
71 33 0 2
72 33 0 2
73 33 0 2
74 33 0 2
75 33 0 2
76 33 0 2
67 34 0 1
68 34 0 1
69 34 0 1
70 34 0 1
71 34 0 1
72 34 0 1
73 34 0 2
74 34 0 2
75 34 0 2
68 35 0 1
69 35 0 1
70 35 0 1
71 35 0 1
72 35 0 1
73 35 0 1
74 35 0 1
71 36 0 1
114 9 0 1
111 10 0 1
112 10 0 1
113 10 0 1
114 10 0 1
115 10 0 1
116 10 0 1
117 10 0 1
110 11 0 1
111 11 0 1
112 11 0 1
113 11 0 1
114 11 0 2
115 11 0 2
116 11 0 2
117 11 0 2
118 11 0 2
109 12 0 2
110 12 0 2
111 12 0 2
112 12 0 2
113 12 0 2
114 12 0 2
115 12 0 2
116 12 0 2
117 12 0 2
118 12 0 2
119 12 0 2
108 13 0 2
109 13 0 2
110 13 0 2
111 13 0 2
112 13 0 2
113 13 0 2
114 13 0 2
115 13 0 2
116 13 0 2
117 13 0 2
118 13 0 2
119 13 0 2
120 13 0 2
108 14 0 2
109 14 0 2
110 14 0 2
111 14 0 2
112 14 0 2
113 14 0 2
114 14 0 2
115 14 0 2
116 14 0 2
117 14 0 2
118 14 0 2
119 14 0 2
120 14 0 2
108 15 0 2
109 15 0 2
110 15 0 2
111 15 0 2
112 15 0 2
113 15 0 2
114 15 0 2
115 15 0 2
116 15 0 2
117 15 0 2
118 15 0 2
119 15 0 2
120 15 0 2
107 16 0 2
108 16 0 2
109 16 0 2
110 16 0 2
111 16 0 2
112 16 0 2
113 16 0 2
114 16 0 2
115 16 0 2
116 16 0 2
117 16 0 2
118 16 0 2
119 16 0 2
120 16 0 2
121 16 0 2
108 17 0 2
109 17 0 2
110 17 0 2
111 17 0 2
112 17 0 2
113 17 0 2
114 17 0 2
115 17 0 2
116 17 0 2
117 17 0 2
118 17 0 2
119 17 0 2
120 17 0 2
108 18 0 2
109 18 0 2
110 18 0 2
111 18 0 2
112 18 0 2
113 18 0 2
114 18 0 2
115 18 0 2
116 18 0 2
117 18 0 2
118 18 0 2
119 18 0 2
120 18 0 2
108 19 0 1
109 19 0 1
110 19 0 1
111 19 0 1
112 19 0 1
113 19 0 1
114 19 0 1
115 19 0 1
116 19 0 1
117 19 0 1
118 19 0 1
119 19 0 1
120 19 0 1
109 20 0 1
110 20 0 1
111 20 0 1
112 20 0 1
113 20 0 1
114 20 0 1
115 20 0 1
116 20 0 1
117 20 0 1
118 20 0 1
119 20 0 1
110 21 0 1
111 21 0 1
112 21 0 1
113 21 0 1
114 21 0 1
115 21 0 1
116 21 0 1
117 21 0 1
118 21 0 1
111 22 0 1
112 22 0 1
113 22 0 1
114 22 0 1
115 22 0 1
116 22 0 1
117 22 0 1
114 23 0 1
165 23 0 1
162 24 0 1
163 24 0 1
164 24 0 1
165 24 0 1
166 24 0 1
167 24 0 1
168 24 0 1
161 25 0 1
162 25 0 1
163 25 0 1
164 25 0 1
165 25 0 1
166 25 0 1
167 25 0 1
168 25 0 1
169 25 0 1
160 26 0 2
161 26 0 2
162 26 0 2
163 26 0 2
164 26 0 2
165 26 0 2
166 26 0 2
167 26 0 2
168 26 0 2
169 26 0 2
170 26 0 2
159 27 0 2
160 27 0 2
161 27 0 2
162 27 0 2
163 27 0 2
164 27 0 2
165 27 0 2
166 27 0 2
167 27 0 2
168 27 0 2
169 27 0 2
170 27 0 2
171 27 0 2
159 28 0 2
160 28 0 2
161 28 0 2
162 28 0 2
163 28 0 2
164 28 0 2
165 28 0 2
166 28 0 2
167 28 0 2
168 28 0 2
169 28 0 2
170 28 0 2
171 28 0 2
159 29 0 2
160 29 0 2
161 29 0 2
162 29 0 2
163 29 0 2
164 29 0 2
165 29 0 2
166 29 0 2
167 29 0 2
168 29 0 2
169 29 0 2
170 29 0 2
171 29 0 2
158 30 0 2
159 30 0 2
160 30 0 2
161 30 0 2
162 30 0 2
163 30 0 2
164 30 0 2
165 30 0 2
166 30 0 2
167 30 0 2
168 30 0 2
169 30 0 2
170 30 0 2
171 30 0 2
172 30 0 2
159 31 0 2
160 31 0 2
161 31 0 2
162 31 0 2
163 31 0 2
164 31 0 2
165 31 0 2
166 31 0 2
167 31 0 2
168 31 0 2
169 31 0 2
170 31 0 2
171 31 0 2
159 32 0 2
160 32 0 2
161 32 0 2
162 32 0 2
163 32 0 2
164 32 0 2
165 32 0 2
166 32 0 2
167 32 0 2
168 32 0 2
169 32 0 2
170 32 0 2
171 32 0 2
159 33 0 1
160 33 0 1
161 33 0 1
162 33 0 1
163 33 0 2
164 33 0 2
165 33 0 2
166 33 0 2
167 33 0 2
168 33 0 2
169 33 0 2
170 33 0 2
171 33 0 1
160 34 0 1
161 34 0 1
162 34 0 1
163 34 0 1
164 34 0 1
165 34 0 1
166 34 0 1
167 34 0 1
168 34 0 1
169 34 0 1
170 34 0 1
161 35 0 1
162 35 0 1
163 35 0 1
164 35 0 1
165 35 0 1
166 35 0 1
167 35 0 1
168 35 0 1
169 35 0 1
162 36 0 1
163 36 0 1
164 36 0 1
165 36 0 1
166 36 0 1
167 36 0 1
168 36 0 1
165 37 0 1
206 4 0 1
203 5 0 1
204 5 0 1
205 5 0 1
206 5 0 1
207 5 0 1
208 5 0 1
209 5 0 1
202 6 0 1
203 6 0 1
204 6 0 1
205 6 0 1
206 6 0 1
207 6 0 1
208 6 0 1
209 6 0 1
210 6 0 1
201 7 0 1
202 7 0 1
203 7 0 1
204 7 0 1
205 7 0 2
206 7 0 2
207 7 0 2
208 7 0 2
209 7 0 2
210 7 0 1
211 7 0 1
200 8 0 1
201 8 0 1
202 8 0 2
203 8 0 2
204 8 0 2
205 8 0 2
206 8 0 2
207 8 0 2
208 8 0 2
209 8 0 2
210 8 0 2
211 8 0 2
212 8 0 1
200 9 0 2
201 9 0 2
202 9 0 2
203 9 0 2
204 9 0 2
205 9 0 2
206 9 0 2
207 9 0 2
208 9 0 2
209 9 0 2
210 9 0 2
211 9 0 2
212 9 0 2
200 10 0 2
201 10 0 2
202 10 0 2
203 10 0 2
204 10 0 2
205 10 0 2
206 10 0 2
207 10 0 2
208 10 0 2
209 10 0 2
210 10 0 2
211 10 0 2
212 10 0 2
199 11 0 2
200 11 0 2
201 11 0 2
202 11 0 2
203 11 0 2
204 11 0 2
205 11 0 2
206 11 0 2
207 11 0 2
208 11 0 2
209 11 0 2
210 11 0 2
211 11 0 2
212 11 0 2
213 11 0 2
200 12 0 2
201 12 0 2
202 12 0 2
203 12 0 2
204 12 0 2
205 12 0 2
206 12 0 2
207 12 0 2
208 12 0 2
209 12 0 2
210 12 0 2
211 12 0 2
212 12 0 2
200 13 0 2
201 13 0 2
202 13 0 2
203 13 0 2
204 13 0 2
205 13 0 2
206 13 0 2
207 13 0 2
208 13 0 2
209 13 0 2
210 13 0 2
211 13 0 2
212 13 0 2
200 14 0 2
201 14 0 2
202 14 0 2
203 14 0 2
204 14 0 2
205 14 0 2
206 14 0 2
207 14 0 2
208 14 0 2
209 14 0 2
210 14 0 2
211 14 0 2
212 14 0 2
201 15 0 1
202 15 0 1
203 15 0 1
204 15 0 1
205 15 0 1
206 15 0 1
207 15 0 1
208 15 0 1
209 15 0 2
210 15 0 2
211 15 0 2
202 16 0 1
203 16 0 1
204 16 0 1
205 16 0 1
206 16 0 1
207 16 0 1
208 16 0 1
209 16 0 1
210 16 0 1
203 17 0 1
204 17 0 1
205 17 0 1
206 17 0 1
207 17 0 1
208 17 0 1
209 17 0 1
206 18 0 1
227 44 0 1
224 45 0 1
225 45 0 1
226 45 0 1
227 45 0 1
228 45 0 1
229 45 0 1
230 45 0 1
223 46 0 1
224 46 0 1
225 46 0 1
226 46 0 1
227 46 0 1
228 46 0 1
229 46 0 1
230 46 0 1
231 46 0 1
222 47 0 1
223 47 0 1
224 47 0 1
225 47 0 1
226 47 0 1
227 47 0 1
228 47 0 1
229 47 0 1
230 47 0 1
231 47 0 1
232 47 0 1
221 48 0 2
222 48 0 2
223 48 0 2
224 48 0 2
225 48 0 2
226 48 0 2
227 48 0 2
228 48 0 1
229 48 0 1
230 48 0 1
231 48 0 1
232 48 0 1
233 48 0 1
221 49 0 2
222 49 0 2
223 49 0 2
224 49 0 2
225 49 0 2
226 49 0 2
227 49 0 2
228 49 0 2
229 49 0 2
230 49 0 2
231 49 0 2
232 49 0 2
233 49 0 1
221 50 0 2
222 50 0 2
223 50 0 2
224 50 0 2
225 50 0 2
226 50 0 2
227 50 0 2
228 50 0 2
229 50 0 2
230 50 0 2
231 50 0 2
232 50 0 2
233 50 0 2
220 51 0 2
221 51 0 2
222 51 0 2
223 51 0 2
224 51 0 2
225 51 0 2
226 51 0 2
227 51 0 2
228 51 0 2
229 51 0 2
230 51 0 2
231 51 0 2
232 51 0 2
233 51 0 2
234 51 0 2
221 52 0 2
222 52 0 2
223 52 0 2
224 52 0 2
225 52 0 2
226 52 0 2
227 52 0 2
228 52 0 2
229 52 0 2
230 52 0 2
231 52 0 2
232 52 0 2
233 52 0 2
221 53 0 2
222 53 0 2
223 53 0 2
224 53 0 2
225 53 0 2
226 53 0 2
227 53 0 2
228 53 0 2
229 53 0 2
230 53 0 2
231 53 0 2
232 53 0 2
233 53 0 2
221 54 0 2
222 54 0 2
223 54 0 2
224 54 0 2
225 54 0 2
226 54 0 2
227 54 0 2
228 54 0 2
229 54 0 2
230 54 0 2
231 54 0 2
232 54 0 2
233 54 0 2
222 55 0 2
223 55 0 2
224 55 0 2
225 55 0 2
226 55 0 2
227 55 0 2
228 55 0 2
229 55 0 2
230 55 0 2
231 55 0 2
232 55 0 2
223 56 0 1
224 56 0 1
225 56 0 1
226 56 0 1
227 56 0 1
228 56 0 1
229 56 0 1
230 56 0 2
231 56 0 2
224 57 0 1
225 57 0 1
226 57 0 1
227 57 0 1
228 57 0 1
229 57 0 1
230 57 0 1
227 58 0 1
188 42 0 1
185 43 0 1
186 43 0 1
187 43 0 1
188 43 0 1
189 43 0 1
190 43 0 1
191 43 0 1
184 44 0 1
185 44 0 1
186 44 0 1
187 44 0 1
188 44 0 1
189 44 0 2
190 44 0 2
191 44 0 2
192 44 0 2
183 45 0 1
184 45 0 1
185 45 0 1
186 45 0 2
187 45 0 2
188 45 0 2
189 45 0 2
190 45 0 2
191 45 0 2
192 45 0 2
193 45 0 2
182 46 0 1
183 46 0 1
184 46 0 1
185 46 0 2
186 46 0 2
187 46 0 2
188 46 0 2
189 46 0 2
190 46 0 2
191 46 0 2
192 46 0 2
193 46 0 2
194 46 0 2
182 47 0 1
183 47 0 1
184 47 0 2
185 47 0 2
186 47 0 2
187 47 0 2
188 47 0 2
189 47 0 2
190 47 0 2
191 47 0 2
192 47 0 2
193 47 0 2
194 47 0 2
182 48 0 1
183 48 0 2
184 48 0 2
185 48 0 2
186 48 0 2
187 48 0 2
188 48 0 2
189 48 0 2
190 48 0 2
191 48 0 2
192 48 0 2
193 48 0 2
194 48 0 2
181 49 0 2
182 49 0 2
183 49 0 2
184 49 0 2
185 49 0 2
186 49 0 2
187 49 0 2
188 49 0 2
189 49 0 2
190 49 0 2
191 49 0 2
192 49 0 2
193 49 0 2
194 49 0 2
195 49 0 2
182 50 0 2
183 50 0 2
184 50 0 2
185 50 0 2
186 50 0 2
187 50 0 2
188 50 0 2
189 50 0 2
190 50 0 2
191 50 0 2
192 50 0 2
193 50 0 2
194 50 0 2
182 51 0 2
183 51 0 2
184 51 0 2
185 51 0 2
186 51 0 2
187 51 0 2
188 51 0 2
189 51 0 2
190 51 0 2
191 51 0 2
192 51 0 2
193 51 0 2
194 51 0 2
182 52 0 2
183 52 0 2
184 52 0 2
185 52 0 2
186 52 0 2
187 52 0 2
188 52 0 2
189 52 0 1
190 52 0 1
191 52 0 1
192 52 0 1
193 52 0 2
194 52 0 2
183 53 0 2
184 53 0 2
185 53 0 2
186 53 0 2
187 53 0 2
188 53 0 1
189 53 0 1
190 53 0 1
191 53 0 1
192 53 0 1
193 53 0 1
184 54 0 2
185 54 0 1
186 54 0 1
187 54 0 1
188 54 0 1
189 54 0 1
190 54 0 1
191 54 0 1
192 54 0 1
185 55 0 1
186 55 0 1
187 55 0 1
188 55 0 1
189 55 0 1
190 55 0 1
191 55 0 1
188 56 0 1
159 51 0 2
156 52 0 2
157 52 0 2
158 52 0 2
159 52 0 2
160 52 0 2
161 52 0 1
162 52 0 1
155 53 0 2
156 53 0 2
157 53 0 2
158 53 0 2
159 53 0 2
160 53 0 2
161 53 0 2
162 53 0 1
163 53 0 1
154 54 0 2
155 54 0 2
156 54 0 2
157 54 0 2
158 54 0 2
159 54 0 2
160 54 0 2
161 54 0 2
162 54 0 2
163 54 0 1
164 54 0 1
153 55 0 1
154 55 0 2
155 55 0 2
156 55 0 2
157 55 0 2
158 55 0 2
159 55 0 2
160 55 0 2
161 55 0 2
162 55 0 2
163 55 0 2
164 55 0 2
165 55 0 2
153 56 0 1
154 56 0 1
155 56 0 2
156 56 0 2
157 56 0 2
158 56 0 2
159 56 0 2
160 56 0 2
161 56 0 2
162 56 0 2
163 56 0 2
164 56 0 2
165 56 0 2
153 57 0 1
154 57 0 1
155 57 0 1
156 57 0 2
157 57 0 2
158 57 0 2
159 57 0 2
160 57 0 2
161 57 0 2
162 57 0 2
163 57 0 2
164 57 0 2
165 57 0 2
152 58 0 1
153 58 0 1
154 58 0 1
155 58 0 1
156 58 0 2
157 58 0 2
158 58 0 2
159 58 0 2
160 58 0 2
161 58 0 2
162 58 0 2
163 58 0 2
164 58 0 2
165 58 0 2
166 58 0 2
153 59 0 2
154 59 0 2
155 59 0 2
156 59 0 2
157 59 0 2
158 59 0 2
159 59 0 2
160 59 0 2
161 59 0 2
162 59 0 2
163 59 0 2
164 59 0 2
165 59 0 2
153 60 0 2
154 60 0 2
155 60 0 2
156 60 0 2
157 60 0 2
158 60 0 2
159 60 0 2
160 60 0 2
161 60 0 2
162 60 0 2
163 60 0 2
164 60 0 2
165 60 0 2
153 61 0 2
154 61 0 2
155 61 0 2
156 61 0 2
157 61 0 2
158 61 0 2
159 61 0 2
160 61 0 2
161 61 0 2
162 61 0 2
163 61 0 2
164 61 0 2
165 61 0 2
154 62 0 2
155 62 0 2
156 62 0 2
157 62 0 2
158 62 0 2
159 62 0 2
160 62 0 2
161 62 0 2
162 62 0 2
163 62 0 2
164 62 0 2
155 63 0 2
156 63 0 2
157 63 0 2
158 63 0 2
159 63 0 2
160 63 0 2
161 63 0 2
162 63 0 2
163 63 0 2
156 64 0 2
157 64 0 2
158 64 0 2
159 64 0 2
160 64 0 2
161 64 0 1
162 64 0 1
159 65 0 2
107 72 0 1
104 73 0 2
105 73 0 2
106 73 0 2
107 73 0 1
108 73 0 1
109 73 0 1
110 73 0 1
103 74 0 2
104 74 0 2
105 74 0 2
106 74 0 2
107 74 0 2
108 74 0 2
109 74 0 2
110 74 0 2
111 74 0 2
102 75 0 2
103 75 0 2
104 75 0 2
105 75 0 2
106 75 0 2
107 75 0 2
108 75 0 2
109 75 0 2
110 75 0 2
111 75 0 2
112 75 0 2
101 76 0 2
102 76 0 2
103 76 0 2
104 76 0 2
105 76 0 2
106 76 0 2
107 76 0 2
108 76 0 2
109 76 0 2
110 76 0 2
111 76 0 2
112 76 0 2
113 76 0 2
101 77 0 1
102 77 0 2
103 77 0 2
104 77 0 2
105 77 0 2
106 77 0 2
107 77 0 2
108 77 0 2
109 77 0 2
110 77 0 2
111 77 0 2
112 77 0 2
113 77 0 2
101 78 0 1
102 78 0 2
103 78 0 2
104 78 0 2
105 78 0 2
106 78 0 2
107 78 0 2
108 78 0 2
109 78 0 2
110 78 0 2
111 78 0 2
112 78 0 2
113 78 0 2
100 79 0 1
101 79 0 1
102 79 0 1
103 79 0 2
104 79 0 2
105 79 0 2
106 79 0 2
107 79 0 2
108 79 0 2
109 79 0 2
110 79 0 2
111 79 0 2
112 79 0 2
113 79 0 2
114 79 0 2
101 80 0 1
102 80 0 1
103 80 0 1
104 80 0 2
105 80 0 2
106 80 0 2
107 80 0 2
108 80 0 2
109 80 0 2
110 80 0 2
111 80 0 2
112 80 0 2
113 80 0 2
101 81 0 1
102 81 0 1
103 81 0 1
104 81 0 2
105 81 0 2
106 81 0 2
107 81 0 2
108 81 0 2
109 81 0 2
110 81 0 2
111 81 0 2
112 81 0 2
113 81 0 2
101 82 0 1
102 82 0 1
103 82 0 2
104 82 0 2
105 82 0 2
106 82 0 2
107 82 0 2
108 82 0 2
109 82 0 2
110 82 0 2
111 82 0 2
112 82 0 2
113 82 0 2
102 83 0 2
103 83 0 2
104 83 0 2
105 83 0 2
106 83 0 2
107 83 0 2
108 83 0 1
109 83 0 1
110 83 0 1
111 83 0 1
112 83 0 1
103 84 0 2
104 84 0 2
105 84 0 2
106 84 0 2
107 84 0 1
108 84 0 1
109 84 0 1
110 84 0 1
111 84 0 1
104 85 0 2
105 85 0 2
106 85 0 1
107 85 0 1
108 85 0 1
109 85 0 1
110 85 0 1
107 86 0 1
60 54 0 1
57 55 0 1
58 55 0 1
59 55 0 1
60 55 0 1
61 55 0 1
62 55 0 1
63 55 0 1
56 56 0 1
57 56 0 1
58 56 0 1
59 56 0 1
60 56 0 2
61 56 0 2
62 56 0 2
63 56 0 1
64 56 0 1
55 57 0 1
56 57 0 1
57 57 0 1
58 57 0 2
59 57 0 2
60 57 0 2
61 57 0 2
62 57 0 2
63 57 0 2
64 57 0 2
65 57 0 2
54 58 0 1
55 58 0 1
56 58 0 1
57 58 0 2
58 58 0 2
59 58 0 2
60 58 0 2
61 58 0 2
62 58 0 2
63 58 0 2
64 58 0 2
65 58 0 2
66 58 0 2
54 59 0 1
55 59 0 2
56 59 0 2
57 59 0 2
58 59 0 2
59 59 0 2
60 59 0 2
61 59 0 2
62 59 0 2
63 59 0 2
64 59 0 2
65 59 0 2
66 59 0 2
54 60 0 2
55 60 0 2
56 60 0 2
57 60 0 2
58 60 0 2
59 60 0 2
60 60 0 2
61 60 0 2
62 60 0 2
63 60 0 2
64 60 0 2
65 60 0 2
66 60 0 2
53 61 0 2
54 61 0 2
55 61 0 2
56 61 0 2
57 61 0 2
58 61 0 2
59 61 0 2
60 61 0 2
61 61 0 2
62 61 0 2
63 61 0 2
64 61 0 2
65 61 0 2
66 61 0 2
67 61 0 2
54 62 0 2
55 62 0 2
56 62 0 2
57 62 0 2
58 62 0 2
59 62 0 2
60 62 0 2
61 62 0 2
62 62 0 2
63 62 0 2
64 62 0 2
65 62 0 2
66 62 0 2
54 63 0 2
55 63 0 2
56 63 0 2
57 63 0 2
58 63 0 2
59 63 0 1
60 63 0 1
61 63 0 1
62 63 0 1
63 63 0 1
64 63 0 2
65 63 0 2
66 63 0 2
54 64 0 2
55 64 0 2
56 64 0 2
57 64 0 2
58 64 0 1
59 64 0 1
60 64 0 1
61 64 0 1
62 64 0 1
63 64 0 1
64 64 0 1
65 64 0 1
66 64 0 1
55 65 0 2
56 65 0 2
57 65 0 1
58 65 0 1
59 65 0 1
60 65 0 1
61 65 0 1
62 65 0 1
63 65 0 1
64 65 0 1
65 65 0 1
56 66 0 1
57 66 0 1
58 66 0 1
59 66 0 1
60 66 0 1
61 66 0 1
62 66 0 1
63 66 0 1
64 66 0 1
57 67 0 1
58 67 0 1
59 67 0 1
60 67 0 1
61 67 0 1
62 67 0 1
63 67 0 1
60 68 0 1
14 71 0 1
11 72 0 1
12 72 0 1
13 72 0 1
14 72 0 1
15 72 0 1
16 72 0 1
17 72 0 1
10 73 0 2
11 73 0 2
12 73 0 2
13 73 0 2
14 73 0 2
15 73 0 2
16 73 0 2
17 73 0 2
18 73 0 2
9 74 0 2
10 74 0 2
11 74 0 2
12 74 0 2
13 74 0 2
14 74 0 2
15 74 0 2
16 74 0 2
17 74 0 2
18 74 0 2
19 74 0 2
8 75 0 2
9 75 0 2
10 75 0 2
11 75 0 2
12 75 0 2
13 75 0 2
14 75 0 2
15 75 0 2
16 75 0 2
17 75 0 2
18 75 0 2
19 75 0 2
20 75 0 2
8 76 0 2
9 76 0 2
10 76 0 2
11 76 0 2
12 76 0 2
13 76 0 2
14 76 0 2
15 76 0 2
16 76 0 2
17 76 0 2
18 76 0 2
19 76 0 2
20 76 0 2
8 77 0 2
9 77 0 2
10 77 0 2
11 77 0 2
12 77 0 2
13 77 0 2
14 77 0 2
15 77 0 2
16 77 0 2
17 77 0 2
18 77 0 2
19 77 0 2
20 77 0 2
7 78 0 2
8 78 0 2
9 78 0 2
10 78 0 2
11 78 0 2
12 78 0 2
13 78 0 2
14 78 0 2
15 78 0 2
16 78 0 2
17 78 0 2
18 78 0 2
19 78 0 2
20 78 0 2
21 78 0 2
8 79 0 2
9 79 0 2
10 79 0 2
11 79 0 2
12 79 0 2
13 79 0 2
14 79 0 2
15 79 0 2
16 79 0 2
17 79 0 2
18 79 0 2
19 79 0 2
20 79 0 2
8 80 0 1
9 80 0 2
10 80 0 2
11 80 0 2
12 80 0 2
13 80 0 2
14 80 0 2
15 80 0 2
16 80 0 2
17 80 0 2
18 80 0 2
19 80 0 2
20 80 0 2
8 81 0 1
9 81 0 1
10 81 0 2
11 81 0 2
12 81 0 2
13 81 0 2
14 81 0 2
15 81 0 2
16 81 0 2
17 81 0 1
18 81 0 1
19 81 0 1
20 81 0 1
9 82 0 1
10 82 0 1
11 82 0 2
12 82 0 2
13 82 0 2
14 82 0 2
15 82 0 2
16 82 0 2
17 82 0 2
18 82 0 1
19 82 0 1
10 83 0 1
11 83 0 1
12 83 0 2
13 83 0 2
14 83 0 2
15 83 0 2
16 83 0 2
17 83 0 2
18 83 0 1
11 84 0 1
12 84 0 2
13 84 0 2
14 84 0 2
15 84 0 2
16 84 0 2
17 84 0 2
14 85 0 2
16 117 0 1
13 118 0 2
14 118 0 1
15 118 0 1
16 118 0 1
17 118 0 1
18 118 0 1
19 118 0 1
12 119 0 2
13 119 0 2
14 119 0 2
15 119 0 1
16 119 0 1
17 119 0 1
18 119 0 1
19 119 0 1
20 119 0 1
11 120 0 2
12 120 0 2
13 120 0 2
14 120 0 2
15 120 0 2
16 120 0 1
17 120 0 1
18 120 0 1
19 120 0 1
20 120 0 1
21 120 0 1
10 121 0 2
11 121 0 2
12 121 0 2
13 121 0 2
14 121 0 2
15 121 0 2
16 121 0 2
17 121 0 2
18 121 0 2
19 121 0 2
20 121 0 2
21 121 0 2
22 121 0 2
10 122 0 2
11 122 0 2
12 122 0 2
13 122 0 2
14 122 0 2
15 122 0 2
16 122 0 2
17 122 0 2
18 122 0 2
19 122 0 2
20 122 0 2
21 122 0 2
22 122 0 2
10 123 0 2
11 123 0 2
12 123 0 2
13 123 0 2
14 123 0 2
15 123 0 2
16 123 0 2
17 123 0 2
18 123 0 2
19 123 0 2
20 123 0 2
21 123 0 2
22 123 0 2
9 124 0 2
10 124 0 2
11 124 0 2
12 124 0 2
13 124 0 2
14 124 0 2
15 124 0 2
16 124 0 2
17 124 0 2
18 124 0 2
19 124 0 2
20 124 0 2
21 124 0 2
22 124 0 2
23 124 0 2
10 125 0 1
11 125 0 2
12 125 0 2
13 125 0 2
14 125 0 2
15 125 0 2
16 125 0 2
17 125 0 2
18 125 0 2
19 125 0 2
20 125 0 2
21 125 0 2
22 125 0 2
10 126 0 1
11 126 0 1
12 126 0 2
13 126 0 2
14 126 0 2
15 126 0 2
16 126 0 2
17 126 0 2
18 126 0 2
19 126 0 2
20 126 0 2
21 126 0 2
22 126 0 2
10 127 0 1
11 127 0 1
12 127 0 1
13 127 0 2
14 127 0 2
15 127 0 2
16 127 0 2
17 127 0 2
18 127 0 2
19 127 0 2
20 127 0 2
21 127 0 2
22 127 0 2
11 128 0 1
12 128 0 1
13 128 0 1
14 128 0 1
15 128 0 2
16 128 0 2
17 128 0 2
18 128 0 2
19 128 0 2
20 128 0 2
21 128 0 2
12 129 0 1
13 129 0 1
14 129 0 1
15 129 0 1
16 129 0 1
17 129 0 1
18 129 0 1
19 129 0 1
20 129 0 1
13 130 0 1
14 130 0 1
15 130 0 1
16 130 0 1
17 130 0 1
18 130 0 1
19 130 0 1
16 131 0 1
41 120 0 1
38 121 0 1
39 121 0 1
40 121 0 1
41 121 0 1
42 121 0 2
43 121 0 2
44 121 0 2
37 122 0 1
38 122 0 2
39 122 0 2
40 122 0 2
41 122 0 2
42 122 0 2
43 122 0 2
44 122 0 2
45 122 0 2
36 123 0 2
37 123 0 2
38 123 0 2
39 123 0 2
40 123 0 2
41 123 0 2
42 123 0 2
43 123 0 2
44 123 0 2
45 123 0 2
46 123 0 2
35 124 0 2
36 124 0 2
37 124 0 2
38 124 0 2
39 124 0 2
40 124 0 2
41 124 0 2
42 124 0 2
43 124 0 2
44 124 0 2
45 124 0 2
46 124 0 2
47 124 0 2
35 125 0 2
36 125 0 2
37 125 0 2
38 125 0 2
39 125 0 2
40 125 0 2
41 125 0 2
42 125 0 2
43 125 0 2
44 125 0 2
45 125 0 2
46 125 0 2
47 125 0 2
35 126 0 2
36 126 0 2
37 126 0 2
38 126 0 2
39 126 0 2
40 126 0 2
41 126 0 2
42 126 0 2
43 126 0 2
44 126 0 2
45 126 0 2
46 126 0 2
47 126 0 2
34 127 0 2
35 127 0 2
36 127 0 2
37 127 0 2
38 127 0 2
39 127 0 2
40 127 0 2
41 127 0 2
42 127 0 2
43 127 0 2
44 127 0 2
45 127 0 2
46 127 0 2
47 127 0 2
48 127 0 2
35 128 0 2
36 128 0 2
37 128 0 2
38 128 0 2
39 128 0 2
40 128 0 2
41 128 0 2
42 128 0 2
43 128 0 2
44 128 0 2
45 128 0 2
46 128 0 2
47 128 0 2
35 129 0 2
36 129 0 2
37 129 0 2
38 129 0 2
39 129 0 2
40 129 0 2
41 129 0 2
42 129 0 2
43 129 0 2
44 129 0 2
45 129 0 2
46 129 0 2
47 129 0 2
35 130 0 2
36 130 0 2
37 130 0 2
38 130 0 2
39 130 0 2
40 130 0 2
41 130 0 2
42 130 0 2
43 130 0 2
44 130 0 2
45 130 0 2
46 130 0 2
47 130 0 2
36 131 0 1
37 131 0 1
38 131 0 1
39 131 0 2
40 131 0 2
41 131 0 2
42 131 0 2
43 131 0 2
44 131 0 2
45 131 0 2
46 131 0 2
37 132 0 1
38 132 0 1
39 132 0 1
40 132 0 1
41 132 0 2
42 132 0 2
43 132 0 2
44 132 0 2
45 132 0 2
38 133 0 1
39 133 0 1
40 133 0 1
41 133 0 2
42 133 0 2
43 133 0 2
44 133 0 2
41 134 0 2
90 110 0 1
87 111 0 1
88 111 0 1
89 111 0 1
90 111 0 1
91 111 0 2
92 111 0 2
93 111 0 2
86 112 0 2
87 112 0 2
88 112 0 2
89 112 0 2
90 112 0 2
91 112 0 2
92 112 0 2
93 112 0 2
94 112 0 2
85 113 0 2
86 113 0 2
87 113 0 2
88 113 0 2
89 113 0 2
90 113 0 2
91 113 0 2
92 113 0 2
93 113 0 2
94 113 0 2
95 113 0 2
84 114 0 2
85 114 0 2
86 114 0 2
87 114 0 2
88 114 0 2
89 114 0 2
90 114 0 2
91 114 0 2
92 114 0 2
93 114 0 2
94 114 0 2
95 114 0 2
96 114 0 2
84 115 0 2
85 115 0 2
86 115 0 2
87 115 0 2
88 115 0 2
89 115 0 2
90 115 0 2
91 115 0 2
92 115 0 2
93 115 0 2
94 115 0 1
95 115 0 1
96 115 0 1
84 116 0 2
85 116 0 2
86 116 0 2
87 116 0 2
88 116 0 2
89 116 0 2
90 116 0 2
91 116 0 2
92 116 0 2
93 116 0 2
94 116 0 1
95 116 0 1
96 116 0 1
83 117 0 2
84 117 0 2
85 117 0 2
86 117 0 2
87 117 0 2
88 117 0 2
89 117 0 2
90 117 0 2
91 117 0 2
92 117 0 2
93 117 0 2
94 117 0 2
95 117 0 1
96 117 0 1
97 117 0 1
84 118 0 2
85 118 0 2
86 118 0 2
87 118 0 2
88 118 0 2
89 118 0 2
90 118 0 2
91 118 0 2
92 118 0 2
93 118 0 2
94 118 0 2
95 118 0 2
96 118 0 2
84 119 0 2
85 119 0 2
86 119 0 2
87 119 0 2
88 119 0 2
89 119 0 2
90 119 0 2
91 119 0 2
92 119 0 2
93 119 0 2
94 119 0 2
95 119 0 2
96 119 0 2
84 120 0 1
85 120 0 1
86 120 0 1
87 120 0 1
88 120 0 2
89 120 0 2
90 120 0 2
91 120 0 2
92 120 0 2
93 120 0 2
94 120 0 2
95 120 0 2
96 120 0 2
85 121 0 1
86 121 0 1
87 121 0 1
88 121 0 1
89 121 0 1
90 121 0 2
91 121 0 2
92 121 0 2
93 121 0 2
94 121 0 2
95 121 0 2
86 122 0 1
87 122 0 1
88 122 0 1
89 122 0 1
90 122 0 2
91 122 0 2
92 122 0 2
93 122 0 2
94 122 0 2
87 123 0 1
88 123 0 1
89 123 0 1
90 123 0 1
91 123 0 2
92 123 0 2
93 123 0 2
90 124 0 1
121 123 0 2
118 124 0 2
119 124 0 2
120 124 0 2
121 124 0 2
122 124 0 2
123 124 0 1
124 124 0 1
117 125 0 2
118 125 0 2
119 125 0 2
120 125 0 2
121 125 0 2
122 125 0 2
123 125 0 2
124 125 0 1
125 125 0 2
116 126 0 1
117 126 0 2
118 126 0 2
119 126 0 2
120 126 0 2
121 126 0 2
122 126 0 2
123 126 0 2
124 126 0 2
125 126 0 2
126 126 0 2
115 127 0 1
116 127 0 1
117 127 0 2
118 127 0 2
119 127 0 2
120 127 0 2
121 127 0 2
122 127 0 2
123 127 0 2
124 127 0 2
125 127 0 2
126 127 0 2
127 127 0 2
115 128 0 2
116 128 0 2
117 128 0 2
118 128 0 2
119 128 0 2
120 128 0 2
121 128 0 2
122 128 0 2
123 128 0 2
124 128 0 2
125 128 0 2
126 128 0 2
127 128 0 2
115 129 0 2
116 129 0 2
117 129 0 2
118 129 0 2
119 129 0 2
120 129 0 2
121 129 0 2
122 129 0 2
123 129 0 2
124 129 0 2
125 129 0 2
126 129 0 2
127 129 0 2
114 130 0 2
115 130 0 2
116 130 0 2
117 130 0 2
118 130 0 2
119 130 0 2
120 130 0 2
121 130 0 2
122 130 0 2
123 130 0 2
124 130 0 2
125 130 0 2
126 130 0 2
127 130 0 2
128 130 0 2
115 131 0 2
116 131 0 2
117 131 0 2
118 131 0 2
119 131 0 2
120 131 0 2
121 131 0 2
122 131 0 2
123 131 0 2
124 131 0 2
125 131 0 2
126 131 0 2
127 131 0 2
115 132 0 2
116 132 0 2
117 132 0 2
118 132 0 2
119 132 0 2
120 132 0 2
121 132 0 2
122 132 0 2
123 132 0 2
124 132 0 2
125 132 0 2
126 132 0 2
127 132 0 2
115 133 0 2
116 133 0 2
117 133 0 2
118 133 0 2
119 133 0 2
120 133 0 2
121 133 0 2
122 133 0 2
123 133 0 2
124 133 0 2
125 133 0 1
126 133 0 1
127 133 0 1
116 134 0 1
117 134 0 2
118 134 0 1
119 134 0 1
120 134 0 2
121 134 0 2
122 134 0 2
123 134 0 2
124 134 0 2
125 134 0 1
126 134 0 1
117 135 0 1
118 135 0 1
119 135 0 1
120 135 0 1
121 135 0 1
122 135 0 1
123 135 0 1
124 135 0 1
125 135 0 1
118 136 0 1
119 136 0 1
120 136 0 1
121 136 0 1
122 136 0 1
123 136 0 1
124 136 0 1
121 137 0 1
155 120 0 1
152 121 0 1
153 121 0 1
154 121 0 1
155 121 0 1
156 121 0 1
157 121 0 1
158 121 0 1
151 122 0 1
152 122 0 1
153 122 0 1
154 122 0 1
155 122 0 1
156 122 0 2
157 122 0 2
158 122 0 2
159 122 0 2
150 123 0 1
151 123 0 1
152 123 0 1
153 123 0 2
154 123 0 2
155 123 0 2
156 123 0 2
157 123 0 2
158 123 0 2
159 123 0 2
160 123 0 2
149 124 0 2
150 124 0 2
151 124 0 2
152 124 0 2
153 124 0 2
154 124 0 2
155 124 0 2
156 124 0 2
157 124 0 2
158 124 0 2
159 124 0 2
160 124 0 2
161 124 0 2
149 125 0 2
150 125 0 2
151 125 0 2
152 125 0 2
153 125 0 2
154 125 0 2
155 125 0 2
156 125 0 2
157 125 0 2
158 125 0 2
159 125 0 2
160 125 0 2
161 125 0 2
149 126 0 2
150 126 0 2
151 126 0 2
152 126 0 2
153 126 0 2
154 126 0 2
155 126 0 2
156 126 0 2
157 126 0 2
158 126 0 2
159 126 0 2
160 126 0 2
161 126 0 2
148 127 0 2
149 127 0 2
150 127 0 2
151 127 0 2
152 127 0 2
153 127 0 2
154 127 0 2
155 127 0 2
156 127 0 2
157 127 0 2
158 127 0 2
159 127 0 2
160 127 0 2
161 127 0 2
162 127 0 2
149 128 0 2
150 128 0 2
151 128 0 2
152 128 0 2
153 128 0 2
154 128 0 2
155 128 0 2
156 128 0 2
157 128 0 2
158 128 0 2
159 128 0 2
160 128 0 2
161 128 0 2
149 129 0 2
150 129 0 2
151 129 0 2
152 129 0 2
153 129 0 2
154 129 0 2
155 129 0 2
156 129 0 2
157 129 0 2
158 129 0 2
159 129 0 2
160 129 0 1
161 129 0 1
149 130 0 2
150 130 0 2
151 130 0 2
152 130 0 2
153 130 0 2
154 130 0 2
155 130 0 2
156 130 0 2
157 130 0 2
158 130 0 1
159 130 0 1
160 130 0 1
161 130 0 1
150 131 0 1
151 131 0 1
152 131 0 1
153 131 0 1
154 131 0 1
155 131 0 2
156 131 0 1
157 131 0 1
158 131 0 1
159 131 0 1
160 131 0 1
151 132 0 1
152 132 0 1
153 132 0 1
154 132 0 1
155 132 0 1
156 132 0 1
157 132 0 1
158 132 0 1
159 132 0 1
152 133 0 1
153 133 0 1
154 133 0 1
155 133 0 1
156 133 0 1
157 133 0 1
158 133 0 1
155 134 0 1
188 112 0 1
185 113 0 1
186 113 0 1
187 113 0 1
188 113 0 1
189 113 0 1
190 113 0 1
191 113 0 1
184 114 0 1
185 114 0 1
186 114 0 1
187 114 0 1
188 114 0 1
189 114 0 2
190 114 0 2
191 114 0 2
192 114 0 2
183 115 0 1
184 115 0 1
185 115 0 1
186 115 0 1
187 115 0 2
188 115 0 2
189 115 0 2
190 115 0 2
191 115 0 2
192 115 0 2
193 115 0 2
182 116 0 1
183 116 0 1
184 116 0 2
185 116 0 2
186 116 0 2
187 116 0 2
188 116 0 2
189 116 0 2
190 116 0 2
191 116 0 2
192 116 0 2
193 116 0 2
194 116 0 2
182 117 0 2
183 117 0 2
184 117 0 2
185 117 0 2
186 117 0 2
187 117 0 2
188 117 0 2
189 117 0 2
190 117 0 2
191 117 0 2
192 117 0 2
193 117 0 2
194 117 0 2
182 118 0 2
183 118 0 2
184 118 0 2
185 118 0 2
186 118 0 2
187 118 0 2
188 118 0 2
189 118 0 2
190 118 0 2
191 118 0 2
192 118 0 2
193 118 0 2
194 118 0 2
181 119 0 2
182 119 0 2
183 119 0 2
184 119 0 2
185 119 0 2
186 119 0 2
187 119 0 2
188 119 0 2
189 119 0 2
190 119 0 2
191 119 0 2
192 119 0 2
193 119 0 2
194 119 0 2
195 119 0 2
182 120 0 2
183 120 0 2
184 120 0 2
185 120 0 2
186 120 0 2
187 120 0 2
188 120 0 2
189 120 0 2
190 120 0 2
191 120 0 2
192 120 0 2
193 120 0 2
194 120 0 2
182 121 0 2
183 121 0 2
184 121 0 2
185 121 0 2
186 121 0 2
187 121 0 1
188 121 0 1
189 121 0 1
190 121 0 1
191 121 0 1
192 121 0 1
193 121 0 1
194 121 0 1
182 122 0 2
183 122 0 1
184 122 0 1
185 122 0 1
186 122 0 1
187 122 0 1
188 122 0 1
189 122 0 1
190 122 0 1
191 122 0 1
192 122 0 1
193 122 0 1
194 122 0 1
183 123 0 1
184 123 0 1
185 123 0 1
186 123 0 1
187 123 0 1
188 123 0 1
189 123 0 1
190 123 0 1
191 123 0 1
192 123 0 1
193 123 0 1
184 124 0 1
185 124 0 1
186 124 0 1
187 124 0 1
188 124 0 1
189 124 0 1
190 124 0 1
191 124 0 1
192 124 0 1
185 125 0 1
186 125 0 1
187 125 0 1
188 125 0 1
189 125 0 1
190 125 0 1
191 125 0 1
188 126 0 1
219 112 0 1
216 113 0 1
217 113 0 1
218 113 0 1
219 113 0 1
220 113 0 1
221 113 0 1
222 113 0 1
215 114 0 2
216 114 0 1
217 114 0 1
218 114 0 1
219 114 0 1
220 114 0 1
221 114 0 1
222 114 0 1
223 114 0 1
214 115 0 2
215 115 0 2
216 115 0 2
217 115 0 2
218 115 0 1
219 115 0 1
220 115 0 1
221 115 0 1
222 115 0 1
223 115 0 1
224 115 0 1
213 116 0 2
214 116 0 2
215 116 0 2
216 116 0 2
217 116 0 2
218 116 0 2
219 116 0 2
220 116 0 2
221 116 0 2
222 116 0 2
223 116 0 2
224 116 0 2
225 116 0 2
213 117 0 2
214 117 0 2
215 117 0 2
216 117 0 2
217 117 0 2
218 117 0 2
219 117 0 2
220 117 0 2
221 117 0 2
222 117 0 2
223 117 0 2
224 117 0 2
225 117 0 2
213 118 0 2
214 118 0 2
215 118 0 2
216 118 0 2
217 118 0 2
218 118 0 2
219 118 0 2
220 118 0 2
221 118 0 2
222 118 0 2
223 118 0 2
224 118 0 2
225 118 0 2
212 119 0 2
213 119 0 2
214 119 0 2
215 119 0 2
216 119 0 2
217 119 0 2
218 119 0 2
219 119 0 2
220 119 0 2
221 119 0 2
222 119 0 2
223 119 0 2
224 119 0 2
225 119 0 2
226 119 0 2
213 120 0 2
214 120 0 2
215 120 0 2
216 120 0 2
217 120 0 2
218 120 0 2
219 120 0 2
220 120 0 2
221 120 0 2
222 120 0 2
223 120 0 2
224 120 0 2
225 120 0 2
213 121 0 2
214 121 0 2
215 121 0 2
216 121 0 2
217 121 0 2
218 121 0 2
219 121 0 2
220 121 0 2
221 121 0 2
222 121 0 2
223 121 0 2
224 121 0 2
225 121 0 2
213 122 0 1
214 122 0 1
215 122 0 2
216 122 0 2
217 122 0 2
218 122 0 2
219 122 0 1
220 122 0 1
221 122 0 2
222 122 0 2
223 122 0 2
224 122 0 2
225 122 0 2
214 123 0 1
215 123 0 1
216 123 0 1
217 123 0 2
218 123 0 2
219 123 0 1
220 123 0 1
221 123 0 2
222 123 0 2
223 123 0 2
224 123 0 2
215 124 0 1
216 124 0 1
217 124 0 1
218 124 0 1
219 124 0 1
220 124 0 1
221 124 0 1
222 124 0 1
223 124 0 2
216 125 0 1
217 125 0 1
218 125 0 1
219 125 0 1
220 125 0 1
221 125 0 1
222 125 0 1
219 126 0 1
233 148 0 1
230 149 0 1
231 149 0 1
232 149 0 1
233 149 0 1
234 149 0 1
235 149 0 1
236 149 0 1
229 150 0 1
230 150 0 1
231 150 0 1
232 150 0 1
233 150 0 1
234 150 0 1
235 150 0 1
236 150 0 1
237 150 0 1
228 151 0 1
229 151 0 1
230 151 0 1
231 151 0 1
232 151 0 1
233 151 0 1
234 151 0 1
235 151 0 1
236 151 0 2
237 151 0 2
238 151 0 2
227 152 0 1
228 152 0 1
229 152 0 1
230 152 0 1
231 152 0 1
232 152 0 1
233 152 0 2
234 152 0 2
235 152 0 2
236 152 0 2
237 152 0 2
238 152 0 2
239 152 0 2
227 153 0 1
228 153 0 2
229 153 0 2
230 153 0 2
231 153 0 2
232 153 0 2
233 153 0 2
234 153 0 2
235 153 0 2
236 153 0 2
237 153 0 2
238 153 0 2
239 153 0 2
227 154 0 1
228 154 0 2
229 154 0 2
230 154 0 2
231 154 0 2
232 154 0 2
233 154 0 2
234 154 0 2
235 154 0 2
236 154 0 2
237 154 0 2
238 154 0 2
239 154 0 2
226 155 0 2
227 155 0 2
228 155 0 2
229 155 0 2
230 155 0 2
231 155 0 2
232 155 0 2
233 155 0 2
234 155 0 2
235 155 0 2
236 155 0 2
237 155 0 2
238 155 0 2
239 155 0 2
240 155 0 2
227 156 0 2
228 156 0 2
229 156 0 2
230 156 0 2
231 156 0 2
232 156 0 2
233 156 0 2
234 156 0 2
235 156 0 2
236 156 0 2
237 156 0 2
238 156 0 2
239 156 0 2
227 157 0 2
228 157 0 2
229 157 0 2
230 157 0 2
231 157 0 2
232 157 0 2
233 157 0 2
234 157 0 2
235 157 0 1
236 157 0 1
237 157 0 1
238 157 0 1
239 157 0 1
227 158 0 2
228 158 0 2
229 158 0 2
230 158 0 2
231 158 0 2
232 158 0 2
233 158 0 2
234 158 0 2
235 158 0 1
236 158 0 1
237 158 0 1
238 158 0 1
239 158 0 1
228 159 0 2
229 159 0 2
230 159 0 2
231 159 0 2
232 159 0 1
233 159 0 1
234 159 0 1
235 159 0 1
236 159 0 1
237 159 0 1
238 159 0 1
229 160 0 1
230 160 0 1
231 160 0 1
232 160 0 1
233 160 0 1
234 160 0 1
235 160 0 1
236 160 0 1
237 160 0 1
230 161 0 1
231 161 0 1
232 161 0 1
233 161 0 1
234 161 0 1
235 161 0 1
236 161 0 1
233 162 0 1
210 159 0 1
207 160 0 1
208 160 0 1
209 160 0 1
210 160 0 1
211 160 0 1
212 160 0 1
213 160 0 1
206 161 0 2
207 161 0 2
208 161 0 2
209 161 0 2
210 161 0 1
211 161 0 2
212 161 0 2
213 161 0 2
214 161 0 2
205 162 0 2
206 162 0 2
207 162 0 2
208 162 0 2
209 162 0 2
210 162 0 2
211 162 0 2
212 162 0 2
213 162 0 2
214 162 0 2
215 162 0 2
204 163 0 2
205 163 0 2
206 163 0 2
207 163 0 2
208 163 0 2
209 163 0 2
210 163 0 2
211 163 0 2
212 163 0 2
213 163 0 2
214 163 0 2
215 163 0 2
216 163 0 2
204 164 0 2
205 164 0 2
206 164 0 2
207 164 0 2
208 164 0 2
209 164 0 2
210 164 0 2
211 164 0 2
212 164 0 2
213 164 0 2
214 164 0 2
215 164 0 2
216 164 0 2
204 165 0 2
205 165 0 2
206 165 0 2
207 165 0 2
208 165 0 2
209 165 0 2
210 165 0 2
211 165 0 2
212 165 0 2
213 165 0 2
214 165 0 2
215 165 0 2
216 165 0 2
203 166 0 2
204 166 0 2
205 166 0 2
206 166 0 2
207 166 0 2
208 166 0 2
209 166 0 2
210 166 0 2
211 166 0 2
212 166 0 2
213 166 0 2
214 166 0 2
215 166 0 2
216 166 0 2
217 166 0 2
204 167 0 2
205 167 0 2
206 167 0 2
207 167 0 2
208 167 0 2
209 167 0 2
210 167 0 2
211 167 0 2
212 167 0 2
213 167 0 2
214 167 0 2
215 167 0 2
216 167 0 1
204 168 0 2
205 168 0 2
206 168 0 2
207 168 0 2
208 168 0 2
209 168 0 2
210 168 0 2
211 168 0 2
212 168 0 2
213 168 0 2
214 168 0 1
215 168 0 1
216 168 0 1
204 169 0 1
205 169 0 1
206 169 0 2
207 169 0 2
208 169 0 2
209 169 0 2
210 169 0 2
211 169 0 2
212 169 0 2
213 169 0 2
214 169 0 1
215 169 0 1
216 169 0 1
205 170 0 1
206 170 0 2
207 170 0 2
208 170 0 2
209 170 0 2
210 170 0 2
211 170 0 2
212 170 0 2
213 170 0 2
214 170 0 2
215 170 0 2
206 171 0 1
207 171 0 2
208 171 0 2
209 171 0 2
210 171 0 2
211 171 0 2
212 171 0 2
213 171 0 2
214 171 0 2
207 172 0 1
208 172 0 1
209 172 0 1
210 172 0 2
211 172 0 2
212 172 0 2
213 172 0 2
210 173 0 1
143 150 0 1
140 151 0 2
141 151 0 2
142 151 0 1
143 151 0 1
144 151 0 1
145 151 0 1
146 151 0 1
139 152 0 2
140 152 0 2
141 152 0 2
142 152 0 2
143 152 0 2
144 152 0 2
145 152 0 2
146 152 0 2
147 152 0 2
138 153 0 2
139 153 0 2
140 153 0 2
141 153 0 2
142 153 0 2
143 153 0 2
144 153 0 2
145 153 0 2
146 153 0 2
147 153 0 2
148 153 0 2
137 154 0 1
138 154 0 2
139 154 0 2
140 154 0 2
141 154 0 2
142 154 0 2
143 154 0 2
144 154 0 2
145 154 0 2
146 154 0 2
147 154 0 2
148 154 0 2
149 154 0 2
137 155 0 1
138 155 0 2
139 155 0 2
140 155 0 2
141 155 0 2
142 155 0 2
143 155 0 2
144 155 0 2
145 155 0 2
146 155 0 2
147 155 0 2
148 155 0 2
149 155 0 2
137 156 0 1
138 156 0 2
139 156 0 2
140 156 0 2
141 156 0 2
142 156 0 2
143 156 0 2
144 156 0 2
145 156 0 2
146 156 0 2
147 156 0 2
148 156 0 2
149 156 0 2
136 157 0 1
137 157 0 1
138 157 0 1
139 157 0 2
140 157 0 2
141 157 0 2
142 157 0 2
143 157 0 2
144 157 0 2
145 157 0 2
146 157 0 2
147 157 0 2
148 157 0 2
149 157 0 2
150 157 0 2
137 158 0 1
138 158 0 2
139 158 0 2
140 158 0 2
141 158 0 2
142 158 0 2
143 158 0 2
144 158 0 2
145 158 0 2
146 158 0 2
147 158 0 2
148 158 0 2
149 158 0 2
137 159 0 1
138 159 0 2
139 159 0 2
140 159 0 2
141 159 0 2
142 159 0 2
143 159 0 2
144 159 0 2
145 159 0 2
146 159 0 2
147 159 0 2
148 159 0 2
149 159 0 2
137 160 0 2
138 160 0 2
139 160 0 2
140 160 0 2
141 160 0 2
142 160 0 2
143 160 0 2
144 160 0 2
145 160 0 2
146 160 0 1
147 160 0 1
148 160 0 1
149 160 0 1
138 161 0 2
139 161 0 2
140 161 0 2
141 161 0 2
142 161 0 2
143 161 0 2
144 161 0 2
145 161 0 1
146 161 0 1
147 161 0 1
148 161 0 1
139 162 0 2
140 162 0 2
141 162 0 2
142 162 0 2
143 162 0 2
144 162 0 1
145 162 0 1
146 162 0 1
147 162 0 1
140 163 0 2
141 163 0 2
142 163 0 2
143 163 0 1
144 163 0 1
145 163 0 1
146 163 0 1
143 164 0 1
77 149 0 1
74 150 0 2
75 150 0 2
76 150 0 1
77 150 0 1
78 150 0 1
79 150 0 1
80 150 0 1
73 151 0 2
74 151 0 2
75 151 0 2
76 151 0 2
77 151 0 1
78 151 0 1
79 151 0 1
80 151 0 2
81 151 0 2
72 152 0 2
73 152 0 2
74 152 0 2
75 152 0 2
76 152 0 2
77 152 0 2
78 152 0 2
79 152 0 2
80 152 0 2
81 152 0 2
82 152 0 2
71 153 0 2
72 153 0 2
73 153 0 2
74 153 0 2
75 153 0 2
76 153 0 2
77 153 0 2
78 153 0 2
79 153 0 2
80 153 0 2
81 153 0 2
82 153 0 2
83 153 0 2
71 154 0 2
72 154 0 2
73 154 0 2
74 154 0 2
75 154 0 2
76 154 0 2
77 154 0 2
78 154 0 2
79 154 0 2
80 154 0 2
81 154 0 2
82 154 0 2
83 154 0 2
71 155 0 2
72 155 0 2
73 155 0 2
74 155 0 2
75 155 0 2
76 155 0 2
77 155 0 2
78 155 0 2
79 155 0 2
80 155 0 2
81 155 0 2
82 155 0 2
83 155 0 2
70 156 0 2
71 156 0 2
72 156 0 2
73 156 0 2
74 156 0 2
75 156 0 2
76 156 0 2
77 156 0 2
78 156 0 2
79 156 0 2
80 156 0 2
81 156 0 2
82 156 0 2
83 156 0 2
84 156 0 2
71 157 0 2
72 157 0 2
73 157 0 2
74 157 0 2
75 157 0 2
76 157 0 2
77 157 0 2
78 157 0 2
79 157 0 2
80 157 0 2
81 157 0 2
82 157 0 2
83 157 0 2
71 158 0 2
72 158 0 2
73 158 0 2
74 158 0 2
75 158 0 2
76 158 0 2
77 158 0 2
78 158 0 2
79 158 0 2
80 158 0 2
81 158 0 2
82 158 0 2
83 158 0 2
71 159 0 1
72 159 0 1
73 159 0 1
74 159 0 1
75 159 0 1
76 159 0 1
77 159 0 2
78 159 0 2
79 159 0 2
80 159 0 2
81 159 0 2
82 159 0 2
83 159 0 2
72 160 0 1
73 160 0 1
74 160 0 1
75 160 0 1
76 160 0 1
77 160 0 1
78 160 0 1
79 160 0 1
80 160 0 1
81 160 0 1
82 160 0 1
73 161 0 1
74 161 0 1
75 161 0 1
76 161 0 1
77 161 0 1
78 161 0 1
79 161 0 1
80 161 0 1
81 161 0 1
74 162 0 1
75 162 0 1
76 162 0 1
77 162 0 1
78 162 0 1
79 162 0 1
80 162 0 1
77 163 0 1
35 153 0 1
32 154 0 1
33 154 0 1
34 154 0 1
35 154 0 1
36 154 0 1
37 154 0 1
38 154 0 1
31 155 0 1
32 155 0 1
33 155 0 1
34 155 0 1
35 155 0 1
36 155 0 1
37 155 0 1
38 155 0 1
39 155 0 1
30 156 0 2
31 156 0 2
32 156 0 2
33 156 0 2
34 156 0 2
35 156 0 2
36 156 0 2
37 156 0 2
38 156 0 2
39 156 0 2
40 156 0 2
29 157 0 2
30 157 0 2
31 157 0 2
32 157 0 2
33 157 0 2
34 157 0 2
35 157 0 2
36 157 0 2
37 157 0 2
38 157 0 2
39 157 0 2
40 157 0 2
41 157 0 2
29 158 0 2
30 158 0 2
31 158 0 2
32 158 0 2
33 158 0 2
34 158 0 2
35 158 0 2
36 158 0 2
37 158 0 2
38 158 0 2
39 158 0 2
40 158 0 2
41 158 0 2
29 159 0 2
30 159 0 2
31 159 0 2
32 159 0 2
33 159 0 2
34 159 0 2
35 159 0 2
36 159 0 2
37 159 0 2
38 159 0 2
39 159 0 2
40 159 0 2
41 159 0 2
28 160 0 2
29 160 0 2
30 160 0 2
31 160 0 2
32 160 0 2
33 160 0 2
34 160 0 2
35 160 0 2
36 160 0 2
37 160 0 2
38 160 0 2
39 160 0 2
40 160 0 2
41 160 0 2
42 160 0 2
29 161 0 2
30 161 0 2
31 161 0 2
32 161 0 2
33 161 0 2
34 161 0 2
35 161 0 2
36 161 0 2
37 161 0 2
38 161 0 2
39 161 0 2
40 161 0 2
41 161 0 2
29 162 0 2
30 162 0 2
31 162 0 2
32 162 0 2
33 162 0 2
34 162 0 2
35 162 0 2
36 162 0 2
37 162 0 2
38 162 0 2
39 162 0 2
40 162 0 2
41 162 0 2
29 163 0 2
30 163 0 2
31 163 0 2
32 163 0 2
33 163 0 2
34 163 0 2
35 163 0 2
36 163 0 2
37 163 0 2
38 163 0 2
39 163 0 2
40 163 0 2
41 163 0 2
30 164 0 2
31 164 0 2
32 164 0 2
33 164 0 2
34 164 0 2
35 164 0 2
36 164 0 2
37 164 0 2
38 164 0 2
39 164 0 2
40 164 0 2
31 165 0 1
32 165 0 1
33 165 0 1
34 165 0 1
35 165 0 1
36 165 0 1
37 165 0 1
38 165 0 1
39 165 0 1
32 166 0 1
33 166 0 1
34 166 0 1
35 166 0 1
36 166 0 1
37 166 0 1
38 166 0 1
35 167 0 1
13 183 0 1
10 184 0 1
11 184 0 1
12 184 0 1
13 184 0 1
14 184 0 1
15 184 0 1
16 184 0 1
9 185 0 2
10 185 0 2
11 185 0 1
12 185 0 1
13 185 0 1
14 185 0 1
15 185 0 1
16 185 0 1
17 185 0 1
8 186 0 2
9 186 0 2
10 186 0 2
11 186 0 1
12 186 0 1
13 186 0 1
14 186 0 1
15 186 0 1
16 186 0 1
17 186 0 1
18 186 0 1
7 187 0 2
8 187 0 2
9 187 0 2
10 187 0 2
11 187 0 2
12 187 0 2
13 187 0 1
14 187 0 1
15 187 0 1
16 187 0 1
17 187 0 1
18 187 0 1
19 187 0 1
7 188 0 2
8 188 0 2
9 188 0 2
10 188 0 2
11 188 0 2
12 188 0 2
13 188 0 2
14 188 0 2
15 188 0 2
16 188 0 1
17 188 0 1
18 188 0 1
19 188 0 1
7 189 0 2
8 189 0 2
9 189 0 2
10 189 0 2
11 189 0 2
12 189 0 2
13 189 0 2
14 189 0 2
15 189 0 2
16 189 0 2
17 189 0 2
18 189 0 2
19 189 0 1
6 190 0 1
7 190 0 2
8 190 0 2
9 190 0 2
10 190 0 2
11 190 0 2
12 190 0 2
13 190 0 2
14 190 0 2
15 190 0 2
16 190 0 2
17 190 0 2
18 190 0 2
19 190 0 1
20 190 0 1
7 191 0 1
8 191 0 2
9 191 0 2
10 191 0 2
11 191 0 2
12 191 0 2
13 191 0 2
14 191 0 2
15 191 0 2
16 191 0 2
17 191 0 2
18 191 0 2
19 191 0 2
7 192 0 1
8 192 0 1
9 192 0 2
10 192 0 2
11 192 0 2
12 192 0 2
13 192 0 2
14 192 0 2
15 192 0 2
16 192 0 2
17 192 0 2
18 192 0 2
19 192 0 2
7 193 0 1
8 193 0 1
9 193 0 1
10 193 0 1
11 193 0 1
12 193 0 1
13 193 0 2
14 193 0 2
15 193 0 2
16 193 0 2
17 193 0 2
18 193 0 2
19 193 0 2
8 194 0 1
9 194 0 1
10 194 0 1
11 194 0 1
12 194 0 1
13 194 0 1
14 194 0 1
15 194 0 2
16 194 0 2
17 194 0 2
18 194 0 2
9 195 0 1
10 195 0 1
11 195 0 1
12 195 0 1
13 195 0 1
14 195 0 1
15 195 0 1
16 195 0 1
17 195 0 2
10 196 0 1
11 196 0 1
12 196 0 1
13 196 0 1
14 196 0 1
15 196 0 1
16 196 0 1
13 197 0 1
50 186 0 1
47 187 0 1
48 187 0 2
49 187 0 2
50 187 0 2
51 187 0 2
52 187 0 2
53 187 0 2
46 188 0 2
47 188 0 2
48 188 0 2
49 188 0 2
50 188 0 2
51 188 0 2
52 188 0 2
53 188 0 2
54 188 0 2
45 189 0 2
46 189 0 2
47 189 0 2
48 189 0 2
49 189 0 2
50 189 0 2
51 189 0 2
52 189 0 2
53 189 0 2
54 189 0 2
55 189 0 2
44 190 0 2
45 190 0 2
46 190 0 2
47 190 0 2
48 190 0 2
49 190 0 2
50 190 0 2
51 190 0 2
52 190 0 2
53 190 0 2
54 190 0 2
55 190 0 2
56 190 0 2
44 191 0 2
45 191 0 2
46 191 0 2
47 191 0 2
48 191 0 2
49 191 0 2
50 191 0 2
51 191 0 2
52 191 0 2
53 191 0 2
54 191 0 2
55 191 0 2
56 191 0 2
44 192 0 2
45 192 0 2
46 192 0 2
47 192 0 2
48 192 0 2
49 192 0 2
50 192 0 2
51 192 0 2
52 192 0 2
53 192 0 2
54 192 0 2
55 192 0 2
56 192 0 2
43 193 0 2
44 193 0 2
45 193 0 2
46 193 0 2
47 193 0 2
48 193 0 2
49 193 0 2
50 193 0 2
51 193 0 2
52 193 0 2
53 193 0 2
54 193 0 2
55 193 0 2
56 193 0 2
57 193 0 2
44 194 0 2
45 194 0 2
46 194 0 2
47 194 0 2
48 194 0 2
49 194 0 2
50 194 0 2
51 194 0 2
52 194 0 2
53 194 0 2
54 194 0 2
55 194 0 2
56 194 0 2
44 195 0 1
45 195 0 1
46 195 0 1
47 195 0 1
48 195 0 2
49 195 0 2
50 195 0 2
51 195 0 2
52 195 0 2
53 195 0 2
54 195 0 2
55 195 0 2
56 195 0 2
44 196 0 1
45 196 0 1
46 196 0 1
47 196 0 1
48 196 0 2
49 196 0 2
50 196 0 2
51 196 0 2
52 196 0 2
53 196 0 2
54 196 0 2
55 196 0 1
56 196 0 1
45 197 0 1
46 197 0 1
47 197 0 2
48 197 0 2
49 197 0 2
50 197 0 2
51 197 0 2
52 197 0 2
53 197 0 2
54 197 0 2
55 197 0 1
46 198 0 2
47 198 0 2
48 198 0 2
49 198 0 2
50 198 0 2
51 198 0 2
52 198 0 2
53 198 0 2
54 198 0 1
47 199 0 2
48 199 0 2
49 199 0 2
50 199 0 2
51 199 0 2
52 199 0 2
53 199 0 1
50 200 0 2
90 172 0 1
87 173 0 1
88 173 0 1
89 173 0 1
90 173 0 1
91 173 0 1
92 173 0 1
93 173 0 1
86 174 0 2
87 174 0 2
88 174 0 2
89 174 0 2
90 174 0 1
91 174 0 1
92 174 0 1
93 174 0 1
94 174 0 1
85 175 0 2
86 175 0 2
87 175 0 2
88 175 0 2
89 175 0 2
90 175 0 1
91 175 0 1
92 175 0 1
93 175 0 1
94 175 0 1
95 175 0 1
84 176 0 2
85 176 0 2
86 176 0 2
87 176 0 2
88 176 0 2
89 176 0 2
90 176 0 2
91 176 0 2
92 176 0 2
93 176 0 2
94 176 0 2
95 176 0 2
96 176 0 2
84 177 0 2
85 177 0 2
86 177 0 2
87 177 0 2
88 177 0 2
89 177 0 2
90 177 0 2
91 177 0 2
92 177 0 2
93 177 0 2
94 177 0 2
95 177 0 2
96 177 0 2
84 178 0 2
85 178 0 2
86 178 0 2
87 178 0 2
88 178 0 2
89 178 0 2
90 178 0 2
91 178 0 2
92 178 0 2
93 178 0 2
94 178 0 2
95 178 0 2
96 178 0 2
83 179 0 2
84 179 0 2
85 179 0 2
86 179 0 2
87 179 0 2
88 179 0 2
89 179 0 2
90 179 0 2
91 179 0 2
92 179 0 2
93 179 0 2
94 179 0 2
95 179 0 2
96 179 0 2
97 179 0 2
84 180 0 1
85 180 0 2
86 180 0 2
87 180 0 2
88 180 0 2
89 180 0 2
90 180 0 2
91 180 0 2
92 180 0 2
93 180 0 2
94 180 0 2
95 180 0 2
96 180 0 2
84 181 0 1
85 181 0 1
86 181 0 1
87 181 0 1
88 181 0 2
89 181 0 2
90 181 0 2
91 181 0 2
92 181 0 2
93 181 0 2
94 181 0 2
95 181 0 2
96 181 0 2
84 182 0 1
85 182 0 1
86 182 0 1
87 182 0 1
88 182 0 1
89 182 0 1
90 182 0 1
91 182 0 1
92 182 0 1
93 182 0 1
94 182 0 1
95 182 0 2
96 182 0 2
85 183 0 1
86 183 0 1
87 183 0 1
88 183 0 1
89 183 0 1
90 183 0 1
91 183 0 1
92 183 0 1
93 183 0 1
94 183 0 1
95 183 0 1
86 184 0 1
87 184 0 1
88 184 0 1
89 184 0 1
90 184 0 1
91 184 0 1
92 184 0 1
93 184 0 1
94 184 0 1
87 185 0 1
88 185 0 1
89 185 0 1
90 185 0 1
91 185 0 1
92 185 0 1
93 185 0 1
90 186 0 1
137 188 0 1
134 189 0 1
135 189 0 1
136 189 0 1
137 189 0 1
138 189 0 2
139 189 0 2
140 189 0 2
133 190 0 2
134 190 0 1
135 190 0 1
136 190 0 1
137 190 0 1
138 190 0 2
139 190 0 2
140 190 0 2
141 190 0 2
132 191 0 2
133 191 0 2
134 191 0 2
135 191 0 2
136 191 0 2
137 191 0 2
138 191 0 2
139 191 0 2
140 191 0 2
141 191 0 2
142 191 0 2
131 192 0 2
132 192 0 2
133 192 0 2
134 192 0 2
135 192 0 2
136 192 0 2
137 192 0 2
138 192 0 2
139 192 0 2
140 192 0 2
141 192 0 2
142 192 0 2
143 192 0 2
131 193 0 2
132 193 0 2
133 193 0 2
134 193 0 2
135 193 0 2
136 193 0 2
137 193 0 2
138 193 0 2
139 193 0 2
140 193 0 2
141 193 0 2
142 193 0 2
143 193 0 1
131 194 0 1
132 194 0 2
133 194 0 2
134 194 0 2
135 194 0 2
136 194 0 2
137 194 0 2
138 194 0 2
139 194 0 2
140 194 0 2
141 194 0 2
142 194 0 2
143 194 0 1
130 195 0 1
131 195 0 1
132 195 0 2
133 195 0 2
134 195 0 2
135 195 0 2
136 195 0 2
137 195 0 2
138 195 0 2
139 195 0 2
140 195 0 2
141 195 0 2
142 195 0 2
143 195 0 1
144 195 0 1
131 196 0 1
132 196 0 1
133 196 0 1
134 196 0 2
135 196 0 2
136 196 0 2
137 196 0 2
138 196 0 2
139 196 0 2
140 196 0 2
141 196 0 2
142 196 0 2
143 196 0 2
131 197 0 1
132 197 0 1
133 197 0 1
134 197 0 1
135 197 0 1
136 197 0 2
137 197 0 2
138 197 0 2
139 197 0 2
140 197 0 2
141 197 0 2
142 197 0 2
143 197 0 2
131 198 0 1
132 198 0 1
133 198 0 1
134 198 0 1
135 198 0 1
136 198 0 1
137 198 0 2
138 198 0 2
139 198 0 2
140 198 0 2
141 198 0 2
142 198 0 2
143 198 0 2
132 199 0 1
133 199 0 1
134 199 0 1
135 199 0 1
136 199 0 1
137 199 0 2
138 199 0 2
139 199 0 2
140 199 0 2
141 199 0 2
142 199 0 2
133 200 0 1
134 200 0 1
135 200 0 1
136 200 0 1
137 200 0 2
138 200 0 2
139 200 0 2
140 200 0 2
141 200 0 2
134 201 0 1
135 201 0 1
136 201 0 1
137 201 0 1
138 201 0 1
139 201 0 2
140 201 0 2
137 202 0 1
167 174 0 1
164 175 0 1
165 175 0 1
166 175 0 1
167 175 0 1
168 175 0 1
169 175 0 1
170 175 0 1
163 176 0 1
164 176 0 1
165 176 0 1
166 176 0 1
167 176 0 1
168 176 0 1
169 176 0 1
170 176 0 1
171 176 0 1
162 177 0 1
163 177 0 1
164 177 0 1
165 177 0 1
166 177 0 1
167 177 0 1
168 177 0 1
169 177 0 1
170 177 0 1
171 177 0 1
172 177 0 1
161 178 0 2
162 178 0 2
163 178 0 2
164 178 0 2
165 178 0 2
166 178 0 2
167 178 0 2
168 178 0 2
169 178 0 2
170 178 0 2
171 178 0 2
172 178 0 2
173 178 0 1
161 179 0 2
162 179 0 2
163 179 0 2
164 179 0 2
165 179 0 2
166 179 0 2
167 179 0 2
168 179 0 2
169 179 0 2
170 179 0 2
171 179 0 2
172 179 0 2
173 179 0 2
161 180 0 2
162 180 0 2
163 180 0 2
164 180 0 2
165 180 0 2
166 180 0 2
167 180 0 2
168 180 0 2
169 180 0 2
170 180 0 2
171 180 0 2
172 180 0 2
173 180 0 2
160 181 0 2
161 181 0 2
162 181 0 2
163 181 0 2
164 181 0 2
165 181 0 2
166 181 0 2
167 181 0 2
168 181 0 2
169 181 0 2
170 181 0 2
171 181 0 2
172 181 0 2
173 181 0 2
174 181 0 2
161 182 0 2
162 182 0 2
163 182 0 2
164 182 0 2
165 182 0 2
166 182 0 2
167 182 0 2
168 182 0 2
169 182 0 2
170 182 0 2
171 182 0 2
172 182 0 2
173 182 0 2
161 183 0 2
162 183 0 2
163 183 0 2
164 183 0 2
165 183 0 2
166 183 0 2
167 183 0 2
168 183 0 2
169 183 0 2
170 183 0 2
171 183 0 2
172 183 0 2
173 183 0 2
161 184 0 2
162 184 0 2
163 184 0 2
164 184 0 2
165 184 0 2
166 184 0 2
167 184 0 2
168 184 0 2
169 184 0 2
170 184 0 2
171 184 0 2
172 184 0 2
173 184 0 2
162 185 0 1
163 185 0 1
164 185 0 1
165 185 0 1
166 185 0 1
167 185 0 1
168 185 0 1
169 185 0 1
170 185 0 1
171 185 0 1
172 185 0 2
163 186 0 1
164 186 0 1
165 186 0 1
166 186 0 1
167 186 0 1
168 186 0 1
169 186 0 1
170 186 0 1
171 186 0 1
164 187 0 1
165 187 0 1
166 187 0 1
167 187 0 1
168 187 0 1
169 187 0 1
170 187 0 1
167 188 0 1
206 196 0 2
203 197 0 2
204 197 0 2
205 197 0 2
206 197 0 2
207 197 0 2
208 197 0 2
209 197 0 1
202 198 0 2
203 198 0 2
204 198 0 2
205 198 0 2
206 198 0 2
207 198 0 2
208 198 0 2
209 198 0 2
210 198 0 1
201 199 0 2
202 199 0 2
203 199 0 2
204 199 0 2
205 199 0 2
206 199 0 2
207 199 0 2
208 199 0 2
209 199 0 2
210 199 0 1
211 199 0 1
200 200 0 2
201 200 0 2
202 200 0 2
203 200 0 2
204 200 0 2
205 200 0 2
206 200 0 2
207 200 0 2
208 200 0 2
209 200 0 2
210 200 0 2
211 200 0 1
212 200 0 1
200 201 0 2
201 201 0 2
202 201 0 2
203 201 0 2
204 201 0 2
205 201 0 2
206 201 0 2
207 201 0 2
208 201 0 2
209 201 0 2
210 201 0 2
211 201 0 2
212 201 0 2
200 202 0 2
201 202 0 2
202 202 0 2
203 202 0 2
204 202 0 2
205 202 0 2
206 202 0 2
207 202 0 2
208 202 0 2
209 202 0 2
210 202 0 2
211 202 0 2
212 202 0 2
199 203 0 2
200 203 0 2
201 203 0 2
202 203 0 2
203 203 0 2
204 203 0 2
205 203 0 2
206 203 0 2
207 203 0 2
208 203 0 2
209 203 0 2
210 203 0 2
211 203 0 2
212 203 0 2
213 203 0 2
200 204 0 2
201 204 0 2
202 204 0 2
203 204 0 2
204 204 0 2
205 204 0 2
206 204 0 2
207 204 0 2
208 204 0 2
209 204 0 2
210 204 0 2
211 204 0 2
212 204 0 2
200 205 0 2
201 205 0 2
202 205 0 2
203 205 0 2
204 205 0 2
205 205 0 2
206 205 0 2
207 205 0 2
208 205 0 2
209 205 0 2
210 205 0 2
211 205 0 2
212 205 0 2
200 206 0 2
201 206 0 2
202 206 0 2
203 206 0 2
204 206 0 2
205 206 0 2
206 206 0 2
207 206 0 2
208 206 0 2
209 206 0 2
210 206 0 2
211 206 0 2
212 206 0 2
201 207 0 1
202 207 0 1
203 207 0 1
204 207 0 1
205 207 0 1
206 207 0 2
207 207 0 2
208 207 0 2
209 207 0 2
210 207 0 2
211 207 0 2
202 208 0 1
203 208 0 1
204 208 0 1
205 208 0 1
206 208 0 1
207 208 0 1
208 208 0 1
209 208 0 2
210 208 0 2
203 209 0 1
204 209 0 1
205 209 0 1
206 209 0 1
207 209 0 1
208 209 0 1
209 209 0 1
206 210 0 1
154 213 0 2
151 214 0 2
152 214 0 2
153 214 0 2
154 214 0 2
155 214 0 2
156 214 0 1
157 214 0 1
150 215 0 2
151 215 0 2
152 215 0 2
153 215 0 2
154 215 0 2
155 215 0 2
156 215 0 2
157 215 0 2
158 215 0 2
149 216 0 1
150 216 0 2
151 216 0 2
152 216 0 2
153 216 0 2
154 216 0 2
155 216 0 2
156 216 0 2
157 216 0 2
158 216 0 2
159 216 0 2
148 217 0 1
149 217 0 1
150 217 0 2
151 217 0 2
152 217 0 2
153 217 0 2
154 217 0 2
155 217 0 2
156 217 0 2
157 217 0 2
158 217 0 2
159 217 0 2
160 217 0 2
148 218 0 1
149 218 0 1
150 218 0 2
151 218 0 2
152 218 0 2
153 218 0 2
154 218 0 2
155 218 0 2
156 218 0 2
157 218 0 2
158 218 0 2
159 218 0 2
160 218 0 2
148 219 0 1
149 219 0 2
150 219 0 2
151 219 0 2
152 219 0 2
153 219 0 2
154 219 0 2
155 219 0 2
156 219 0 2
157 219 0 2
158 219 0 2
159 219 0 2
160 219 0 2
147 220 0 2
148 220 0 2
149 220 0 2
150 220 0 2
151 220 0 2
152 220 0 2
153 220 0 2
154 220 0 2
155 220 0 2
156 220 0 2
157 220 0 2
158 220 0 2
159 220 0 2
160 220 0 2
161 220 0 2
148 221 0 2
149 221 0 2
150 221 0 2
151 221 0 2
152 221 0 2
153 221 0 2
154 221 0 2
155 221 0 2
156 221 0 2
157 221 0 2
158 221 0 2
159 221 0 2
160 221 0 1
148 222 0 2
149 222 0 2
150 222 0 2
151 222 0 2
152 222 0 2
153 222 0 2
154 222 0 2
155 222 0 2
156 222 0 2
157 222 0 2
158 222 0 2
159 222 0 1
160 222 0 1
148 223 0 2
149 223 0 2
150 223 0 2
151 223 0 2
152 223 0 2
153 223 0 2
154 223 0 2
155 223 0 2
156 223 0 2
157 223 0 2
158 223 0 1
159 223 0 1
160 223 0 1
149 224 0 2
150 224 0 2
151 224 0 2
152 224 0 2
153 224 0 2
154 224 0 1
155 224 0 1
156 224 0 1
157 224 0 1
158 224 0 1
159 224 0 1
150 225 0 2
151 225 0 2
152 225 0 2
153 225 0 2
154 225 0 1
155 225 0 1
156 225 0 1
157 225 0 1
158 225 0 1
151 226 0 2
152 226 0 2
153 226 0 1
154 226 0 1
155 226 0 1
156 226 0 1
157 226 0 1
154 227 0 1
234 211 0 1
231 212 0 1
232 212 0 1
233 212 0 1
234 212 0 1
235 212 0 1
236 212 0 1
237 212 0 2
230 213 0 1
231 213 0 1
232 213 0 1
233 213 0 1
234 213 0 1
235 213 0 1
236 213 0 2
237 213 0 2
238 213 0 2
229 214 0 2
230 214 0 1
231 214 0 1
232 214 0 1
233 214 0 1
234 214 0 1
235 214 0 1
236 214 0 2
237 214 0 2
238 214 0 2
239 214 0 2
228 215 0 2
229 215 0 2
230 215 0 2
231 215 0 2
232 215 0 2
233 215 0 2
234 215 0 2
235 215 0 2
236 215 0 2
237 215 0 2
238 215 0 2
239 215 0 2
240 215 0 2
228 216 0 2
229 216 0 2
230 216 0 2
231 216 0 2
232 216 0 2
233 216 0 2
234 216 0 2
235 216 0 2
236 216 0 2
237 216 0 2
238 216 0 2
239 216 0 2
240 216 0 2
228 217 0 2
229 217 0 2
230 217 0 2
231 217 0 2
232 217 0 2
233 217 0 2
234 217 0 2
235 217 0 2
236 217 0 2
237 217 0 2
238 217 0 2
239 217 0 2
240 217 0 2
227 218 0 2
228 218 0 2
229 218 0 2
230 218 0 2
231 218 0 2
232 218 0 2
233 218 0 2
234 218 0 2
235 218 0 2
236 218 0 2
237 218 0 2
238 218 0 2
239 218 0 2
240 218 0 2
241 218 0 2
228 219 0 2
229 219 0 2
230 219 0 2
231 219 0 2
232 219 0 2
233 219 0 2
234 219 0 2
235 219 0 2
236 219 0 2
237 219 0 2
238 219 0 2
239 219 0 2
240 219 0 2
228 220 0 2
229 220 0 2
230 220 0 2
231 220 0 2
232 220 0 2
233 220 0 2
234 220 0 2
235 220 0 2
236 220 0 2
237 220 0 2
238 220 0 2
239 220 0 2
240 220 0 1
228 221 0 1
229 221 0 2
230 221 0 2
231 221 0 2
232 221 0 2
233 221 0 2
234 221 0 2
235 221 0 1
236 221 0 1
237 221 0 1
238 221 0 1
239 221 0 1
240 221 0 1
229 222 0 1
230 222 0 1
231 222 0 1
232 222 0 1
233 222 0 1
234 222 0 1
235 222 0 1
236 222 0 1
237 222 0 1
238 222 0 1
239 222 0 1
230 223 0 1
231 223 0 1
232 223 0 1
233 223 0 1
234 223 0 1
235 223 0 1
236 223 0 1
237 223 0 1
238 223 0 1
231 224 0 1
232 224 0 1
233 224 0 1
234 224 0 1
235 224 0 1
236 224 0 1
237 224 0 1
234 225 0 1
106 207 0 1
103 208 0 1
104 208 0 1
105 208 0 1
106 208 0 1
107 208 0 1
108 208 0 1
109 208 0 1
102 209 0 2
103 209 0 2
104 209 0 2
105 209 0 1
106 209 0 1
107 209 0 1
108 209 0 1
109 209 0 1
110 209 0 1
101 210 0 2
102 210 0 2
103 210 0 2
104 210 0 2
105 210 0 2
106 210 0 2
107 210 0 2
108 210 0 2
109 210 0 2
110 210 0 2
111 210 0 2
100 211 0 2
101 211 0 2
102 211 0 2
103 211 0 2
104 211 0 2
105 211 0 2
106 211 0 2
107 211 0 2
108 211 0 2
109 211 0 2
110 211 0 2
111 211 0 2
112 211 0 2
100 212 0 2
101 212 0 2
102 212 0 2
103 212 0 2
104 212 0 2
105 212 0 2
106 212 0 2
107 212 0 2
108 212 0 2
109 212 0 2
110 212 0 2
111 212 0 2
112 212 0 2
100 213 0 2
101 213 0 2
102 213 0 2
103 213 0 2
104 213 0 2
105 213 0 2
106 213 0 2
107 213 0 2
108 213 0 2
109 213 0 2
110 213 0 2
111 213 0 2
112 213 0 2
99 214 0 2
100 214 0 2
101 214 0 2
102 214 0 2
103 214 0 2
104 214 0 2
105 214 0 2
106 214 0 2
107 214 0 2
108 214 0 2
109 214 0 2
110 214 0 2
111 214 0 2
112 214 0 2
113 214 0 2
100 215 0 2
101 215 0 2
102 215 0 2
103 215 0 2
104 215 0 2
105 215 0 2
106 215 0 2
107 215 0 2
108 215 0 2
109 215 0 2
110 215 0 2
111 215 0 2
112 215 0 2
100 216 0 2
101 216 0 2
102 216 0 2
103 216 0 2
104 216 0 2
105 216 0 2
106 216 0 2
107 216 0 2
108 216 0 2
109 216 0 2
110 216 0 2
111 216 0 2
112 216 0 2
100 217 0 2
101 217 0 2
102 217 0 2
103 217 0 2
104 217 0 2
105 217 0 2
106 217 0 2
107 217 0 2
108 217 0 2
109 217 0 2
110 217 0 2
111 217 0 2
112 217 0 2
101 218 0 1
102 218 0 1
103 218 0 1
104 218 0 1
105 218 0 1
106 218 0 1
107 218 0 1
108 218 0 2
109 218 0 2
110 218 0 2
111 218 0 2
102 219 0 1
103 219 0 1
104 219 0 1
105 219 0 1
106 219 0 1
107 219 0 1
108 219 0 1
109 219 0 2
110 219 0 2
103 220 0 1
104 220 0 1
105 220 0 1
106 220 0 1
107 220 0 1
108 220 0 1
109 220 0 1
106 221 0 1
69 204 0 1
66 205 0 1
67 205 0 1
68 205 0 1
69 205 0 1
70 205 0 1
71 205 0 1
72 205 0 1
65 206 0 1
66 206 0 1
67 206 0 1
68 206 0 1
69 206 0 1
70 206 0 1
71 206 0 2
72 206 0 2
73 206 0 2
64 207 0 1
65 207 0 1
66 207 0 1
67 207 0 1
68 207 0 1
69 207 0 2
70 207 0 2
71 207 0 2
72 207 0 2
73 207 0 2
74 207 0 2
63 208 0 1
64 208 0 1
65 208 0 1
66 208 0 2
67 208 0 2
68 208 0 2
69 208 0 2
70 208 0 2
71 208 0 2
72 208 0 2
73 208 0 2
74 208 0 2
75 208 0 2
63 209 0 1
64 209 0 1
65 209 0 2
66 209 0 2
67 209 0 2
68 209 0 2
69 209 0 2
70 209 0 2
71 209 0 2
72 209 0 2
73 209 0 2
74 209 0 2
75 209 0 2
63 210 0 2
64 210 0 2
65 210 0 2
66 210 0 2
67 210 0 2
68 210 0 2
69 210 0 2
70 210 0 2
71 210 0 2
72 210 0 2
73 210 0 2
74 210 0 2
75 210 0 2
62 211 0 2
63 211 0 2
64 211 0 2
65 211 0 2
66 211 0 2
67 211 0 2
68 211 0 2
69 211 0 2
70 211 0 2
71 211 0 2
72 211 0 2
73 211 0 2
74 211 0 2
75 211 0 2
76 211 0 1
63 212 0 2
64 212 0 2
65 212 0 2
66 212 0 2
67 212 0 2
68 212 0 2
69 212 0 2
70 212 0 2
71 212 0 2
72 212 0 2
73 212 0 1
74 212 0 1
75 212 0 1
63 213 0 2
64 213 0 2
65 213 0 2
66 213 0 2
67 213 0 2
68 213 0 2
69 213 0 2
70 213 0 2
71 213 0 2
72 213 0 1
73 213 0 1
74 213 0 1
75 213 0 1
63 214 0 2
64 214 0 2
65 214 0 2
66 214 0 2
67 214 0 2
68 214 0 2
69 214 0 2
70 214 0 2
71 214 0 2
72 214 0 1
73 214 0 1
74 214 0 1
75 214 0 1
64 215 0 2
65 215 0 2
66 215 0 2
67 215 0 2
68 215 0 2
69 215 0 1
70 215 0 1
71 215 0 1
72 215 0 1
73 215 0 1
74 215 0 1
65 216 0 2
66 216 0 1
67 216 0 1
68 216 0 1
69 216 0 1
70 216 0 1
71 216 0 1
72 216 0 1
73 216 0 1
66 217 0 1
67 217 0 1
68 217 0 1
69 217 0 1
70 217 0 1
71 217 0 1
72 217 0 1
69 218 0 1
40 213 0 2
37 214 0 1
38 214 0 2
39 214 0 2
40 214 0 2
41 214 0 2
42 214 0 2
43 214 0 2
36 215 0 1
37 215 0 1
38 215 0 2
39 215 0 2
40 215 0 2
41 215 0 2
42 215 0 2
43 215 0 1
44 215 0 1
35 216 0 1
36 216 0 2
37 216 0 2
38 216 0 2
39 216 0 2
40 216 0 2
41 216 0 2
42 216 0 2
43 216 0 2
44 216 0 1
45 216 0 1
34 217 0 1
35 217 0 1
36 217 0 2
37 217 0 2
38 217 0 2
39 217 0 2
40 217 0 2
41 217 0 2
42 217 0 2
43 217 0 2
44 217 0 2
45 217 0 2
46 217 0 2
34 218 0 2
35 218 0 2
36 218 0 2
37 218 0 2
38 218 0 2
39 218 0 2
40 218 0 2
41 218 0 2
42 218 0 2
43 218 0 2
44 218 0 2
45 218 0 2
46 218 0 2
34 219 0 2
35 219 0 2
36 219 0 2
37 219 0 2
38 219 0 2
39 219 0 2
40 219 0 2
41 219 0 2
42 219 0 2
43 219 0 2
44 219 0 2
45 219 0 2
46 219 0 2
33 220 0 2
34 220 0 2
35 220 0 2
36 220 0 2
37 220 0 2
38 220 0 2
39 220 0 2
40 220 0 2
41 220 0 2
42 220 0 2
43 220 0 2
44 220 0 2
45 220 0 2
46 220 0 2
47 220 0 2
34 221 0 2
35 221 0 2
36 221 0 2
37 221 0 2
38 221 0 2
39 221 0 2
40 221 0 2
41 221 0 2
42 221 0 2
43 221 0 2
44 221 0 2
45 221 0 2
46 221 0 2
34 222 0 2
35 222 0 2
36 222 0 2
37 222 0 2
38 222 0 2
39 222 0 2
40 222 0 2
41 222 0 2
42 222 0 2
43 222 0 2
44 222 0 2
45 222 0 2
46 222 0 2
34 223 0 2
35 223 0 2
36 223 0 2
37 223 0 2
38 223 0 2
39 223 0 2
40 223 0 2
41 223 0 2
42 223 0 2
43 223 0 2
44 223 0 2
45 223 0 2
46 223 0 2
35 224 0 2
36 224 0 2
37 224 0 2
38 224 0 2
39 224 0 1
40 224 0 2
41 224 0 2
42 224 0 1
43 224 0 1
44 224 0 1
45 224 0 1
36 225 0 2
37 225 0 2
38 225 0 1
39 225 0 1
40 225 0 1
41 225 0 1
42 225 0 1
43 225 0 1
44 225 0 1
37 226 0 1
38 226 0 1
39 226 0 1
40 226 0 1
41 226 0 1
42 226 0 1
43 226 0 1
40 227 0 1
14 220 0 1
11 221 0 1
12 221 0 1
13 221 0 1
14 221 0 1
15 221 0 1
16 221 0 1
17 221 0 1
10 222 0 1
11 222 0 1
12 222 0 1
13 222 0 1
14 222 0 1
15 222 0 1
16 222 0 1
17 222 0 1
18 222 0 1
9 223 0 1
10 223 0 1
11 223 0 1
12 223 0 1
13 223 0 1
14 223 0 1
15 223 0 2
16 223 0 2
17 223 0 2
18 223 0 2
19 223 0 2
8 224 0 2
9 224 0 2
10 224 0 2
11 224 0 2
12 224 0 2
13 224 0 2
14 224 0 2
15 224 0 2
16 224 0 2
17 224 0 2
18 224 0 2
19 224 0 2
20 224 0 2
8 225 0 2
9 225 0 2
10 225 0 2
11 225 0 2
12 225 0 2
13 225 0 2
14 225 0 2
15 225 0 2
16 225 0 2
17 225 0 2
18 225 0 2
19 225 0 2
20 225 0 2
8 226 0 2
9 226 0 2
10 226 0 2
11 226 0 2
12 226 0 2
13 226 0 2
14 226 0 2
15 226 0 2
16 226 0 2
17 226 0 2
18 226 0 2
19 226 0 2
20 226 0 2
7 227 0 2
8 227 0 2
9 227 0 2
10 227 0 2
11 227 0 2
12 227 0 2
13 227 0 2
14 227 0 2
15 227 0 2
16 227 0 2
17 227 0 2
18 227 0 2
19 227 0 2
20 227 0 2
21 227 0 2
8 228 0 2
9 228 0 2
10 228 0 2
11 228 0 2
12 228 0 2
13 228 0 2
14 228 0 2
15 228 0 2
16 228 0 2
17 228 0 2
18 228 0 2
19 228 0 2
20 228 0 2
8 229 0 2
9 229 0 2
10 229 0 2
11 229 0 2
12 229 0 2
13 229 0 2
14 229 0 2
15 229 0 2
16 229 0 2
17 229 0 2
18 229 0 2
19 229 0 2
20 229 0 2
8 230 0 2
9 230 0 2
10 230 0 2
11 230 0 2
12 230 0 2
13 230 0 2
14 230 0 2
15 230 0 2
16 230 0 2
17 230 0 2
18 230 0 2
19 230 0 2
20 230 0 2
9 231 0 2
10 231 0 2
11 231 0 2
12 231 0 2
13 231 0 2
14 231 0 2
15 231 0 2
16 231 0 2
17 231 0 2
18 231 0 2
19 231 0 2
10 232 0 1
11 232 0 1
12 232 0 1
13 232 0 1
14 232 0 1
15 232 0 1
16 232 0 1
17 232 0 1
18 232 0 1
11 233 0 1
12 233 0 1
13 233 0 1
14 233 0 1
15 233 0 1
16 233 0 1
17 233 0 1
14 234 0 1
112 235 0 1
109 236 0 1
110 236 0 1
111 236 0 1
112 236 0 1
113 236 0 1
114 236 0 1
115 236 0 1
108 237 0 1
109 237 0 1
110 237 0 1
111 237 0 1
112 237 0 1
113 237 0 1
114 237 0 1
115 237 0 1
116 237 0 1
107 238 0 1
108 238 0 1
109 238 0 1
110 238 0 1
111 238 0 1
112 238 0 1
113 238 0 1
114 238 0 1
115 238 0 1
116 238 0 1
117 238 0 1
106 239 0 2
107 239 0 2
108 239 0 2
109 239 0 2
110 239 0 2
111 239 0 2
112 239 0 2
113 239 0 2
114 239 0 2
115 239 0 2
116 239 0 2
117 239 0 2
118 239 0 1
106 240 0 2
107 240 0 2
108 240 0 2
109 240 0 2
110 240 0 2
111 240 0 2
112 240 0 2
113 240 0 2
114 240 0 2
115 240 0 2
116 240 0 2
117 240 0 2
118 240 0 2
106 241 0 2
107 241 0 2
108 241 0 2
109 241 0 2
110 241 0 2
111 241 0 2
112 241 0 2
113 241 0 2
114 241 0 2
115 241 0 2
116 241 0 2
117 241 0 2
118 241 0 2
105 242 0 2
106 242 0 2
107 242 0 2
108 242 0 2
109 242 0 2
110 242 0 2
111 242 0 2
112 242 0 2
113 242 0 2
114 242 0 2
115 242 0 2
116 242 0 2
117 242 0 2
118 242 0 2
119 242 0 2
106 243 0 2
107 243 0 2
108 243 0 2
109 243 0 2
110 243 0 2
111 243 0 2
112 243 0 2
113 243 0 2
114 243 0 2
115 243 0 2
116 243 0 2
117 243 0 2
118 243 0 2
106 244 0 2
107 244 0 2
108 244 0 2
109 244 0 2
110 244 0 2
111 244 0 2
112 244 0 2
113 244 0 2
114 244 0 2
115 244 0 2
116 244 0 2
117 244 0 2
118 244 0 2
106 245 0 2
107 245 0 2
108 245 0 2
109 245 0 2
110 245 0 2
111 245 0 2
112 245 0 2
113 245 0 2
114 245 0 2
115 245 0 2
116 245 0 2
117 245 0 2
118 245 0 2
107 246 0 1
108 246 0 1
109 246 0 1
110 246 0 1
111 246 0 1
112 246 0 1
113 246 0 1
114 246 0 1
115 246 0 1
116 246 0 1
117 246 0 1
108 247 0 1
109 247 0 1
110 247 0 1
111 247 0 1
112 247 0 1
113 247 0 1
114 247 0 1
115 247 0 1
116 247 0 1
109 248 0 1
110 248 0 1
111 248 0 1
112 248 0 1
113 248 0 1
114 248 0 1
115 248 0 1
112 249 0 1
197 233 0 1
194 234 0 1
195 234 0 1
196 234 0 1
197 234 0 1
198 234 0 1
199 234 0 1
200 234 0 1
193 235 0 1
194 235 0 1
195 235 0 1
196 235 0 1
197 235 0 1
198 235 0 1
199 235 0 1
200 235 0 1
201 235 0 1
192 236 0 1
193 236 0 1
194 236 0 1
195 236 0 1
196 236 0 2
197 236 0 2
198 236 0 2
199 236 0 2
200 236 0 2
201 236 0 2
202 236 0 2
191 237 0 2
192 237 0 2
193 237 0 2
194 237 0 2
195 237 0 2
196 237 0 2
197 237 0 2
198 237 0 2
199 237 0 2
200 237 0 2
201 237 0 2
202 237 0 2
203 237 0 2
191 238 0 2
192 238 0 2
193 238 0 2
194 238 0 2
195 238 0 2
196 238 0 2
197 238 0 2
198 238 0 2
199 238 0 2
200 238 0 2
201 238 0 2
202 238 0 2
203 238 0 2
191 239 0 2
192 239 0 2
193 239 0 2
194 239 0 2
195 239 0 2
196 239 0 2
197 239 0 2
198 239 0 2
199 239 0 2
200 239 0 2
201 239 0 2
202 239 0 2
203 239 0 2
190 240 0 2
191 240 0 2
192 240 0 2
193 240 0 2
194 240 0 2
195 240 0 2
196 240 0 2
197 240 0 2
198 240 0 2
199 240 0 2
200 240 0 2
201 240 0 2
202 240 0 2
203 240 0 2
204 240 0 2
191 241 0 2
192 241 0 2
193 241 0 2
194 241 0 2
195 241 0 2
196 241 0 2
197 241 0 2
198 241 0 2
199 241 0 2
200 241 0 2
201 241 0 2
202 241 0 2
203 241 0 2
191 242 0 2
192 242 0 2
193 242 0 2
194 242 0 2
195 242 0 2
196 242 0 2
197 242 0 2
198 242 0 2
199 242 0 2
200 242 0 2
201 242 0 2
202 242 0 2
203 242 0 2
191 243 0 2
192 243 0 2
193 243 0 2
194 243 0 2
195 243 0 2
196 243 0 2
197 243 0 2
198 243 0 2
199 243 0 2
200 243 0 2
201 243 0 2
202 243 0 2
203 243 0 1
192 244 0 2
193 244 0 1
194 244 0 1
195 244 0 1
196 244 0 1
197 244 0 1
198 244 0 1
199 244 0 1
200 244 0 1
201 244 0 1
202 244 0 1
193 245 0 1
194 245 0 1
195 245 0 1
196 245 0 1
197 245 0 1
198 245 0 1
199 245 0 1
200 245 0 1
201 245 0 1
194 246 0 1
195 246 0 1
196 246 0 1
197 246 0 1
198 246 0 1
199 246 0 1
200 246 0 1
197 247 0 1
200 133 0 1
197 134 0 1
198 134 0 1
199 134 0 1
200 134 0 1
201 134 0 1
202 134 0 1
203 134 0 1
196 135 0 1
197 135 0 1
198 135 0 1
199 135 0 1
200 135 0 1
201 135 0 1
202 135 0 1
203 135 0 1
204 135 0 1
195 136 0 1
196 136 0 1
197 136 0 1
198 136 0 1
199 136 0 1
200 136 0 1
201 136 0 1
202 136 0 1
203 136 0 1
204 136 0 1
205 136 0 1
194 137 0 1
195 137 0 1
196 137 0 1
197 137 0 1
198 137 0 1
199 137 0 1
200 137 0 1
201 137 0 1
202 137 0 1
203 137 0 1
204 137 0 1
205 137 0 1
206 137 0 1
194 138 0 1
195 138 0 1
196 138 0 1
197 138 0 1
198 138 0 1
199 138 0 1
200 138 0 1
201 138 0 1
202 138 0 1
203 138 0 1
204 138 0 1
205 138 0 1
206 138 0 1
194 139 0 1
195 139 0 1
196 139 0 1
197 139 0 1
198 139 0 1
199 139 0 1
200 139 0 1
201 139 0 1
202 139 0 1
203 139 0 1
204 139 0 1
205 139 0 1
206 139 0 1
193 140 0 1
194 140 0 1
195 140 0 1
196 140 0 1
197 140 0 1
198 140 0 1
199 140 0 1
200 140 0 1
201 140 0 1
202 140 0 1
203 140 0 1
204 140 0 1
205 140 0 1
206 140 0 1
207 140 0 1
194 141 0 1
195 141 0 1
196 141 0 1
197 141 0 1
198 141 0 1
199 141 0 1
200 141 0 1
201 141 0 1
202 141 0 1
203 141 0 1
204 141 0 1
205 141 0 1
206 141 0 1
194 142 0 1
195 142 0 1
196 142 0 1
197 142 0 1
198 142 0 1
199 142 0 1
200 142 0 1
201 142 0 1
202 142 0 1
203 142 0 1
204 142 0 1
205 142 0 1
206 142 0 1
194 143 0 1
195 143 0 1
196 143 0 1
197 143 0 1
198 143 0 1
199 143 0 1
200 143 0 1
201 143 0 1
202 143 0 1
203 143 0 1
204 143 0 1
205 143 0 1
206 143 0 1
195 144 0 1
196 144 0 1
197 144 0 1
198 144 0 1
199 144 0 1
200 144 0 1
201 144 0 1
202 144 0 1
203 144 0 1
204 144 0 1
205 144 0 1
196 145 0 1
197 145 0 1
198 145 0 1
199 145 0 1
200 145 0 1
201 145 0 1
202 145 0 1
203 145 0 1
204 145 0 1
197 146 0 1
198 146 0 1
199 146 0 1
200 146 0 1
201 146 0 1
202 146 0 1
203 146 0 1
200 147 0 1
157 91 0 1
154 92 0 1
155 92 0 1
156 92 0 1
157 92 0 1
158 92 0 1
159 92 0 1
160 92 0 1
153 93 0 1
154 93 0 1
155 93 0 1
156 93 0 1
157 93 0 1
158 93 0 1
159 93 0 1
160 93 0 1
161 93 0 1
152 94 0 2
153 94 0 2
154 94 0 2
155 94 0 1
156 94 0 1
157 94 0 1
158 94 0 1
159 94 0 1
160 94 0 1
161 94 0 2
162 94 0 2
151 95 0 2
152 95 0 2
153 95 0 2
154 95 0 2
155 95 0 2
156 95 0 2
157 95 0 2
158 95 0 2
159 95 0 2
160 95 0 2
161 95 0 2
162 95 0 2
163 95 0 2
151 96 0 2
152 96 0 2
153 96 0 2
154 96 0 2
155 96 0 2
156 96 0 2
157 96 0 2
158 96 0 2
159 96 0 2
160 96 0 2
161 96 0 2
162 96 0 2
163 96 0 2
151 97 0 2
152 97 0 2
153 97 0 2
154 97 0 2
155 97 0 2
156 97 0 2
157 97 0 2
158 97 0 2
159 97 0 2
160 97 0 2
161 97 0 2
162 97 0 2
163 97 0 2
150 98 0 2
151 98 0 2
152 98 0 2
153 98 0 2
154 98 0 2
155 98 0 2
156 98 0 2
157 98 0 2
158 98 0 2
159 98 0 2
160 98 0 2
161 98 0 2
162 98 0 2
163 98 0 2
164 98 0 2
151 99 0 2
152 99 0 2
153 99 0 2
154 99 0 2
155 99 0 2
156 99 0 2
157 99 0 2
158 99 0 2
159 99 0 2
160 99 0 2
161 99 0 2
162 99 0 2
163 99 0 2
151 100 0 2
152 100 0 2
153 100 0 2
154 100 0 2
155 100 0 2
156 100 0 2
157 100 0 2
158 100 0 2
159 100 0 2
160 100 0 2
161 100 0 2
162 100 0 2
163 100 0 2
151 101 0 1
152 101 0 1
153 101 0 1
154 101 0 1
155 101 0 1
156 101 0 1
157 101 0 1
158 101 0 1
159 101 0 1
160 101 0 1
161 101 0 1
162 101 0 1
163 101 0 1
152 102 0 1
153 102 0 1
154 102 0 1
155 102 0 1
156 102 0 1
157 102 0 1
158 102 0 1
159 102 0 1
160 102 0 1
161 102 0 1
162 102 0 1
153 103 0 1
154 103 0 1
155 103 0 1
156 103 0 1
157 103 0 1
158 103 0 1
159 103 0 1
160 103 0 1
161 103 0 1
154 104 0 1
155 104 0 1
156 104 0 1
157 104 0 1
158 104 0 1
159 104 0 1
160 104 0 1
157 105 0 1
214 65 0 1
211 66 0 1
212 66 0 1
213 66 0 1
214 66 0 1
215 66 0 1
216 66 0 1
217 66 0 1
210 67 0 1
211 67 0 1
212 67 0 1
213 67 0 1
214 67 0 1
215 67 0 2
216 67 0 2
217 67 0 2
218 67 0 2
209 68 0 1
210 68 0 1
211 68 0 1
212 68 0 2
213 68 0 2
214 68 0 2
215 68 0 2
216 68 0 2
217 68 0 2
218 68 0 2
219 68 0 2
208 69 0 1
209 69 0 1
210 69 0 1
211 69 0 1
212 69 0 2
213 69 0 2
214 69 0 2
215 69 0 2
216 69 0 2
217 69 0 2
218 69 0 2
219 69 0 2
220 69 0 2
208 70 0 2
209 70 0 2
210 70 0 2
211 70 0 2
212 70 0 2
213 70 0 2
214 70 0 2
215 70 0 2
216 70 0 2
217 70 0 2
218 70 0 2
219 70 0 2
220 70 0 2
208 71 0 2
209 71 0 2
210 71 0 2
211 71 0 2
212 71 0 2
213 71 0 2
214 71 0 2
215 71 0 2
216 71 0 2
217 71 0 2
218 71 0 2
219 71 0 2
220 71 0 2
207 72 0 2
208 72 0 2
209 72 0 2
210 72 0 2
211 72 0 2
212 72 0 2
213 72 0 2
214 72 0 2
215 72 0 2
216 72 0 2
217 72 0 2
218 72 0 2
219 72 0 2
220 72 0 2
221 72 0 2
208 73 0 2
209 73 0 2
210 73 0 2
211 73 0 2
212 73 0 2
213 73 0 2
214 73 0 2
215 73 0 2
216 73 0 2
217 73 0 2
218 73 0 2
219 73 0 2
220 73 0 2
208 74 0 2
209 74 0 2
210 74 0 2
211 74 0 2
212 74 0 2
213 74 0 2
214 74 0 2
215 74 0 2
216 74 0 2
217 74 0 2
218 74 0 2
219 74 0 2
220 74 0 2
208 75 0 2
209 75 0 2
210 75 0 2
211 75 0 2
212 75 0 2
213 75 0 2
214 75 0 2
215 75 0 1
216 75 0 1
217 75 0 1
218 75 0 1
219 75 0 1
220 75 0 1
209 76 0 2
210 76 0 2
211 76 0 2
212 76 0 2
213 76 0 2
214 76 0 1
215 76 0 1
216 76 0 1
217 76 0 1
218 76 0 1
219 76 0 1
210 77 0 2
211 77 0 2
212 77 0 1
213 77 0 1
214 77 0 1
215 77 0 1
216 77 0 1
217 77 0 1
218 77 0 1
211 78 0 1
212 78 0 1
213 78 0 1
214 78 0 1
215 78 0 1
216 78 0 1
217 78 0 1
214 79 0 1
111 51 0 1
108 52 0 1
109 52 0 1
110 52 0 1
111 52 0 1
112 52 0 1
113 52 0 1
114 52 0 1
107 53 0 1
108 53 0 1
109 53 0 1
110 53 0 1
111 53 0 1
112 53 0 1
113 53 0 1
114 53 0 1
115 53 0 1
106 54 0 1
107 54 0 1
108 54 0 1
109 54 0 1
110 54 0 1
111 54 0 1
112 54 0 1
113 54 0 1
114 54 0 1
115 54 0 1
116 54 0 1
105 55 0 1
106 55 0 1
107 55 0 1
108 55 0 1
109 55 0 1
110 55 0 1
111 55 0 1
112 55 0 1
113 55 0 1
114 55 0 1
115 55 0 1
116 55 0 1
117 55 0 1
105 56 0 1
106 56 0 1
107 56 0 1
108 56 0 1
109 56 0 1
110 56 0 1
111 56 0 1
112 56 0 1
113 56 0 1
114 56 0 1
115 56 0 1
116 56 0 1
117 56 0 1
105 57 0 1
106 57 0 1
107 57 0 1
108 57 0 1
109 57 0 1
110 57 0 1
111 57 0 1
112 57 0 1
113 57 0 1
114 57 0 1
115 57 0 1
116 57 0 1
117 57 0 1
104 58 0 1
105 58 0 1
106 58 0 1
107 58 0 1
108 58 0 1
109 58 0 1
110 58 0 1
111 58 0 1
112 58 0 1
113 58 0 1
114 58 0 1
115 58 0 1
116 58 0 1
117 58 0 1
118 58 0 1
105 59 0 1
106 59 0 1
107 59 0 1
108 59 0 1
109 59 0 1
110 59 0 1
111 59 0 1
112 59 0 1
113 59 0 1
114 59 0 1
115 59 0 1
116 59 0 1
117 59 0 1
105 60 0 1
106 60 0 1
107 60 0 1
108 60 0 1
109 60 0 1
110 60 0 1
111 60 0 1
112 60 0 1
113 60 0 1
114 60 0 1
115 60 0 1
116 60 0 1
117 60 0 1
105 61 0 1
106 61 0 1
107 61 0 1
108 61 0 1
109 61 0 1
110 61 0 1
111 61 0 1
112 61 0 1
113 61 0 1
114 61 0 1
115 61 0 1
116 61 0 1
117 61 0 1
106 62 0 1
107 62 0 1
108 62 0 1
109 62 0 1
110 62 0 1
111 62 0 1
112 62 0 1
113 62 0 1
114 62 0 1
115 62 0 1
116 62 0 1
107 63 0 1
108 63 0 1
109 63 0 1
110 63 0 1
111 63 0 1
112 63 0 1
113 63 0 1
114 63 0 1
115 63 0 1
108 64 0 1
109 64 0 1
110 64 0 1
111 64 0 1
112 64 0 1
113 64 0 1
114 64 0 1
111 65 0 1
59 93 0 1
56 94 0 1
57 94 0 1
58 94 0 1
59 94 0 1
60 94 0 1
61 94 0 1
62 94 0 1
55 95 0 1
56 95 0 1
57 95 0 1
58 95 0 1
59 95 0 1
60 95 0 1
61 95 0 1
62 95 0 1
63 95 0 1
54 96 0 1
55 96 0 1
56 96 0 1
57 96 0 2
58 96 0 2
59 96 0 2
60 96 0 2
61 96 0 2
62 96 0 2
63 96 0 2
64 96 0 2
53 97 0 2
54 97 0 2
55 97 0 2
56 97 0 2
57 97 0 2
58 97 0 2
59 97 0 2
60 97 0 2
61 97 0 2
62 97 0 2
63 97 0 2
64 97 0 2
65 97 0 2
53 98 0 2
54 98 0 2
55 98 0 2
56 98 0 2
57 98 0 2
58 98 0 2
59 98 0 2
60 98 0 2
61 98 0 2
62 98 0 2
63 98 0 2
64 98 0 2
65 98 0 2
53 99 0 2
54 99 0 2
55 99 0 2
56 99 0 2
57 99 0 2
58 99 0 2
59 99 0 2
60 99 0 2
61 99 0 2
62 99 0 2
63 99 0 2
64 99 0 2
65 99 0 2
52 100 0 2
53 100 0 2
54 100 0 2
55 100 0 2
56 100 0 2
57 100 0 2
58 100 0 2
59 100 0 2
60 100 0 2
61 100 0 2
62 100 0 2
63 100 0 2
64 100 0 2
65 100 0 2
66 100 0 2
53 101 0 2
54 101 0 2
55 101 0 2
56 101 0 2
57 101 0 2
58 101 0 2
59 101 0 2
60 101 0 2
61 101 0 2
62 101 0 2
63 101 0 2
64 101 0 2
65 101 0 2
53 102 0 2
54 102 0 2
55 102 0 2
56 102 0 2
57 102 0 2
58 102 0 2
59 102 0 2
60 102 0 2
61 102 0 2
62 102 0 2
63 102 0 2
64 102 0 1
65 102 0 1
53 103 0 2
54 103 0 2
55 103 0 2
56 103 0 1
57 103 0 1
58 103 0 1
59 103 0 1
60 103 0 1
61 103 0 1
62 103 0 1
63 103 0 1
64 103 0 1
65 103 0 1
54 104 0 2
55 104 0 2
56 104 0 1
57 104 0 1
58 104 0 1
59 104 0 1
60 104 0 1
61 104 0 1
62 104 0 1
63 104 0 1
64 104 0 1
55 105 0 1
56 105 0 1
57 105 0 1
58 105 0 1
59 105 0 1
60 105 0 1
61 105 0 1
62 105 0 1
63 105 0 1
56 106 0 1
57 106 0 1
58 106 0 1
59 106 0 1
60 106 0 1
61 106 0 1
62 106 0 1
59 107 0 1
41 8 0 1
38 9 0 1
39 9 0 1
40 9 0 1
41 9 0 1
42 9 0 1
43 9 0 1
44 9 0 1
37 10 0 1
38 10 0 1
39 10 0 1
40 10 0 1
41 10 0 1
42 10 0 1
43 10 0 1
44 10 0 1
45 10 0 1
36 11 0 1
37 11 0 1
38 11 0 1
39 11 0 1
40 11 0 1
41 11 0 1
42 11 0 1
43 11 0 1
44 11 0 1
45 11 0 1
46 11 0 1
35 12 0 1
36 12 0 1
37 12 0 1
38 12 0 1
39 12 0 1
40 12 0 1
41 12 0 1
42 12 0 1
43 12 0 1
44 12 0 1
45 12 0 1
46 12 0 1
47 12 0 1
35 13 0 1
36 13 0 1
37 13 0 1
38 13 0 1
39 13 0 1
40 13 0 1
41 13 0 1
42 13 0 1
43 13 0 1
44 13 0 1
45 13 0 1
46 13 0 1
47 13 0 1
35 14 0 1
36 14 0 1
37 14 0 1
38 14 0 1
39 14 0 1
40 14 0 1
41 14 0 1
42 14 0 1
43 14 0 1
44 14 0 1
45 14 0 1
46 14 0 1
47 14 0 1
34 15 0 1
35 15 0 1
36 15 0 1
37 15 0 1
38 15 0 1
39 15 0 1
40 15 0 1
41 15 0 1
42 15 0 1
43 15 0 1
44 15 0 1
45 15 0 1
46 15 0 1
47 15 0 1
48 15 0 1
35 16 0 1
36 16 0 1
37 16 0 1
38 16 0 1
39 16 0 1
40 16 0 1
41 16 0 1
42 16 0 1
43 16 0 1
44 16 0 1
45 16 0 1
46 16 0 1
47 16 0 1
35 17 0 1
36 17 0 1
37 17 0 1
38 17 0 1
39 17 0 1
40 17 0 1
41 17 0 1
42 17 0 1
43 17 0 1
44 17 0 1
45 17 0 1
46 17 0 1
47 17 0 1
35 18 0 1
36 18 0 1
37 18 0 1
38 18 0 1
39 18 0 1
40 18 0 1
41 18 0 1
42 18 0 1
43 18 0 1
44 18 0 1
45 18 0 1
46 18 0 1
47 18 0 1
36 19 0 1
37 19 0 1
38 19 0 1
39 19 0 1
40 19 0 1
41 19 0 1
42 19 0 1
43 19 0 1
44 19 0 1
45 19 0 1
46 19 0 1
37 20 0 1
38 20 0 1
39 20 0 1
40 20 0 1
41 20 0 1
42 20 0 1
43 20 0 1
44 20 0 1
45 20 0 1
38 21 0 1
39 21 0 1
40 21 0 1
41 21 0 1
42 21 0 1
43 21 0 1
44 21 0 1
41 22 0 1
60 228 0 1
57 229 0 1
58 229 0 1
59 229 0 1
60 229 0 1
61 229 0 1
62 229 0 1
63 229 0 1
56 230 0 1
57 230 0 1
58 230 0 1
59 230 0 1
60 230 0 1
61 230 0 1
62 230 0 1
63 230 0 1
64 230 0 1
55 231 0 1
56 231 0 1
57 231 0 1
58 231 0 1
59 231 0 1
60 231 0 1
61 231 0 1
62 231 0 1
63 231 0 1
64 231 0 1
65 231 0 1
54 232 0 1
55 232 0 1
56 232 0 1
57 232 0 1
58 232 0 1
59 232 0 1
60 232 0 1
61 232 0 1
62 232 0 1
63 232 0 1
64 232 0 1
65 232 0 1
66 232 0 1
54 233 0 1
55 233 0 1
56 233 0 1
57 233 0 1
58 233 0 1
59 233 0 1
60 233 0 1
61 233 0 1
62 233 0 1
63 233 0 1
64 233 0 1
65 233 0 1
66 233 0 1
54 234 0 1
55 234 0 1
56 234 0 1
57 234 0 1
58 234 0 1
59 234 0 1
60 234 0 1
61 234 0 1
62 234 0 1
63 234 0 1
64 234 0 1
65 234 0 1
66 234 0 1
53 235 0 1
54 235 0 1
55 235 0 1
56 235 0 1
57 235 0 1
58 235 0 1
59 235 0 1
60 235 0 1
61 235 0 1
62 235 0 1
63 235 0 1
64 235 0 1
65 235 0 1
66 235 0 1
67 235 0 1
54 236 0 1
55 236 0 1
56 236 0 1
57 236 0 1
58 236 0 1
59 236 0 1
60 236 0 1
61 236 0 1
62 236 0 1
63 236 0 1
64 236 0 1
65 236 0 1
66 236 0 1
54 237 0 1
55 237 0 1
56 237 0 1
57 237 0 1
58 237 0 1
59 237 0 1
60 237 0 1
61 237 0 1
62 237 0 1
63 237 0 1
64 237 0 1
65 237 0 1
66 237 0 1
54 238 0 1
55 238 0 1
56 238 0 1
57 238 0 1
58 238 0 1
59 238 0 1
60 238 0 1
61 238 0 1
62 238 0 1
63 238 0 1
64 238 0 1
65 238 0 1
66 238 0 1
55 239 0 1
56 239 0 1
57 239 0 1
58 239 0 1
59 239 0 1
60 239 0 1
61 239 0 1
62 239 0 1
63 239 0 1
64 239 0 1
65 239 0 1
56 240 0 1
57 240 0 1
58 240 0 1
59 240 0 1
60 240 0 1
61 240 0 1
62 240 0 1
63 240 0 1
64 240 0 1
57 241 0 1
58 241 0 1
59 241 0 1
60 241 0 1
61 241 0 1
62 241 0 1
63 241 0 1
60 242 0 1
224 89 0 1
221 90 0 1
222 90 0 1
223 90 0 1
224 90 0 1
225 90 0 1
226 90 0 1
227 90 0 1
220 91 0 1
221 91 0 1
222 91 0 1
223 91 0 1
224 91 0 1
225 91 0 1
226 91 0 1
227 91 0 1
228 91 0 1
219 92 0 1
220 92 0 1
221 92 0 1
222 92 0 1
223 92 0 1
224 92 0 1
225 92 0 1
226 92 0 1
227 92 0 1
228 92 0 1
229 92 0 1
218 93 0 1
219 93 0 1
220 93 0 1
221 93 0 1
222 93 0 1
223 93 0 1
224 93 0 1
225 93 0 1
226 93 0 1
227 93 0 1
228 93 0 1
229 93 0 1
230 93 0 1
218 94 0 1
219 94 0 1
220 94 0 1
221 94 0 1
222 94 0 1
223 94 0 1
224 94 0 1
225 94 0 1
226 94 0 1
227 94 0 1
228 94 0 1
229 94 0 1
230 94 0 1
218 95 0 1
219 95 0 1
220 95 0 1
221 95 0 1
222 95 0 1
223 95 0 1
224 95 0 1
225 95 0 1
226 95 0 1
227 95 0 1
228 95 0 1
229 95 0 1
230 95 0 1
217 96 0 1
218 96 0 1
219 96 0 1
220 96 0 1
221 96 0 1
222 96 0 1
223 96 0 1
224 96 0 1
225 96 0 1
226 96 0 1
227 96 0 1
228 96 0 1
229 96 0 1
230 96 0 1
231 96 0 1
218 97 0 1
219 97 0 1
220 97 0 1
221 97 0 1
222 97 0 1
223 97 0 1
224 97 0 1
225 97 0 1
226 97 0 1
227 97 0 1
228 97 0 1
229 97 0 1
230 97 0 1
218 98 0 1
219 98 0 1
220 98 0 1
221 98 0 1
222 98 0 1
223 98 0 1
224 98 0 1
225 98 0 1
226 98 0 1
227 98 0 1
228 98 0 1
229 98 0 1
230 98 0 1
218 99 0 1
219 99 0 1
220 99 0 1
221 99 0 1
222 99 0 1
223 99 0 1
224 99 0 1
225 99 0 1
226 99 0 1
227 99 0 1
228 99 0 1
229 99 0 1
230 99 0 1
219 100 0 1
220 100 0 1
221 100 0 1
222 100 0 1
223 100 0 1
224 100 0 1
225 100 0 1
226 100 0 1
227 100 0 1
228 100 0 1
229 100 0 1
220 101 0 1
221 101 0 1
222 101 0 1
223 101 0 1
224 101 0 1
225 101 0 1
226 101 0 1
227 101 0 1
228 101 0 1
221 102 0 1
222 102 0 1
223 102 0 1
224 102 0 1
225 102 0 1
226 102 0 1
227 102 0 1
224 103 0 1
132 100 0 1
129 101 0 1
130 101 0 1
131 101 0 1
132 101 0 1
133 101 0 1
134 101 0 1
135 101 0 1
128 102 0 1
129 102 0 1
130 102 0 1
131 102 0 1
132 102 0 1
133 102 0 1
134 102 0 1
135 102 0 1
136 102 0 1
127 103 0 1
128 103 0 1
129 103 0 1
130 103 0 1
131 103 0 1
132 103 0 1
133 103 0 1
134 103 0 1
135 103 0 1
136 103 0 1
137 103 0 1
126 104 0 1
127 104 0 1
128 104 0 1
129 104 0 1
130 104 0 1
131 104 0 1
132 104 0 1
133 104 0 1
134 104 0 1
135 104 0 1
136 104 0 1
137 104 0 1
138 104 0 1
126 105 0 1
127 105 0 1
128 105 0 1
129 105 0 1
130 105 0 1
131 105 0 1
132 105 0 1
133 105 0 1
134 105 0 1
135 105 0 1
136 105 0 1
137 105 0 1
138 105 0 1
126 106 0 1
127 106 0 1
128 106 0 1
129 106 0 1
130 106 0 1
131 106 0 1
132 106 0 1
133 106 0 1
134 106 0 1
135 106 0 1
136 106 0 1
137 106 0 1
138 106 0 1
125 107 0 1
126 107 0 1
127 107 0 1
128 107 0 1
129 107 0 1
130 107 0 1
131 107 0 1
132 107 0 1
133 107 0 1
134 107 0 1
135 107 0 1
136 107 0 1
137 107 0 1
138 107 0 1
139 107 0 1
126 108 0 1
127 108 0 1
128 108 0 1
129 108 0 1
130 108 0 1
131 108 0 1
132 108 0 1
133 108 0 1
134 108 0 1
135 108 0 1
136 108 0 1
137 108 0 1
138 108 0 1
126 109 0 1
127 109 0 1
128 109 0 1
129 109 0 1
130 109 0 1
131 109 0 1
132 109 0 1
133 109 0 1
134 109 0 1
135 109 0 1
136 109 0 1
137 109 0 1
138 109 0 1
126 110 0 1
127 110 0 1
128 110 0 1
129 110 0 1
130 110 0 1
131 110 0 1
132 110 0 1
133 110 0 1
134 110 0 1
135 110 0 1
136 110 0 1
137 110 0 1
138 110 0 1
127 111 0 1
128 111 0 1
129 111 0 1
130 111 0 1
131 111 0 1
132 111 0 1
133 111 0 1
134 111 0 1
135 111 0 1
136 111 0 1
137 111 0 1
128 112 0 1
129 112 0 1
130 112 0 1
131 112 0 1
132 112 0 1
133 112 0 1
134 112 0 1
135 112 0 1
136 112 0 1
129 113 0 1
130 113 0 1
131 113 0 1
132 113 0 1
133 113 0 1
134 113 0 1
135 113 0 1
132 114 0 1
173 69 0 1
170 70 0 1
171 70 0 1
172 70 0 1
173 70 0 1
174 70 0 1
175 70 0 1
176 70 0 1
169 71 0 1
170 71 0 1
171 71 0 1
172 71 0 1
173 71 0 1
174 71 0 1
175 71 0 1
176 71 0 1
177 71 0 1
168 72 0 1
169 72 0 1
170 72 0 1
171 72 0 1
172 72 0 1
173 72 0 1
174 72 0 1
175 72 0 1
176 72 0 1
177 72 0 1
178 72 0 1
167 73 0 1
168 73 0 1
169 73 0 1
170 73 0 1
171 73 0 1
172 73 0 1
173 73 0 1
174 73 0 1
175 73 0 1
176 73 0 1
177 73 0 1
178 73 0 1
179 73 0 1
167 74 0 1
168 74 0 1
169 74 0 1
170 74 0 1
171 74 0 1
172 74 0 1
173 74 0 1
174 74 0 1
175 74 0 1
176 74 0 1
177 74 0 1
178 74 0 1
179 74 0 1
167 75 0 1
168 75 0 1
169 75 0 1
170 75 0 1
171 75 0 1
172 75 0 1
173 75 0 1
174 75 0 1
175 75 0 1
176 75 0 1
177 75 0 1
178 75 0 1
179 75 0 1
166 76 0 1
167 76 0 1
168 76 0 1
169 76 0 1
170 76 0 1
171 76 0 1
172 76 0 1
173 76 0 1
174 76 0 1
175 76 0 1
176 76 0 1
177 76 0 1
178 76 0 1
179 76 0 1
180 76 0 1
167 77 0 1
168 77 0 1
169 77 0 1
170 77 0 1
171 77 0 1
172 77 0 1
173 77 0 1
174 77 0 1
175 77 0 1
176 77 0 1
177 77 0 1
178 77 0 1
179 77 0 1
167 78 0 1
168 78 0 1
169 78 0 1
170 78 0 1
171 78 0 1
172 78 0 1
173 78 0 1
174 78 0 1
175 78 0 1
176 78 0 1
177 78 0 1
178 78 0 1
179 78 0 1
167 79 0 1
168 79 0 1
169 79 0 1
170 79 0 1
171 79 0 1
172 79 0 1
173 79 0 1
174 79 0 1
175 79 0 1
176 79 0 1
177 79 0 1
178 79 0 1
179 79 0 1
168 80 0 1
169 80 0 1
170 80 0 1
171 80 0 1
172 80 0 1
173 80 0 1
174 80 0 1
175 80 0 1
176 80 0 1
177 80 0 1
178 80 0 1
169 81 0 1
170 81 0 1
171 81 0 1
172 81 0 1
173 81 0 1
174 81 0 1
175 81 0 1
176 81 0 1
177 81 0 1
170 82 0 1
171 82 0 1
172 82 0 1
173 82 0 1
174 82 0 1
175 82 0 1
176 82 0 1
173 83 0 1
158 3 0 1
155 4 0 1
156 4 0 1
157 4 0 1
158 4 0 1
159 4 0 1
160 4 0 1
161 4 0 1
154 5 0 1
155 5 0 1
156 5 0 1
157 5 0 1
158 5 0 1
159 5 0 1
160 5 0 1
161 5 0 1
162 5 0 1
153 6 0 1
154 6 0 1
155 6 0 1
156 6 0 1
157 6 0 1
158 6 0 1
159 6 0 1
160 6 0 1
161 6 0 1
162 6 0 1
163 6 0 1
152 7 0 1
153 7 0 1
154 7 0 1
155 7 0 1
156 7 0 1
157 7 0 1
158 7 0 1
159 7 0 1
160 7 0 1
161 7 0 1
162 7 0 1
163 7 0 1
164 7 0 1
152 8 0 1
153 8 0 1
154 8 0 1
155 8 0 1
156 8 0 1
157 8 0 1
158 8 0 1
159 8 0 1
160 8 0 1
161 8 0 1
162 8 0 1
163 8 0 1
164 8 0 1
152 9 0 1
153 9 0 1
154 9 0 1
155 9 0 1
156 9 0 1
157 9 0 1
158 9 0 1
159 9 0 1
160 9 0 1
161 9 0 1
162 9 0 1
163 9 0 1
164 9 0 1
151 10 0 1
152 10 0 1
153 10 0 1
154 10 0 1
155 10 0 1
156 10 0 1
157 10 0 1
158 10 0 1
159 10 0 1
160 10 0 1
161 10 0 1
162 10 0 1
163 10 0 1
164 10 0 1
165 10 0 1
152 11 0 1
153 11 0 1
154 11 0 1
155 11 0 1
156 11 0 1
157 11 0 1
158 11 0 1
159 11 0 1
160 11 0 1
161 11 0 1
162 11 0 1
163 11 0 1
164 11 0 1
152 12 0 1
153 12 0 1
154 12 0 1
155 12 0 1
156 12 0 1
157 12 0 1
158 12 0 1
159 12 0 1
160 12 0 1
161 12 0 1
162 12 0 1
163 12 0 1
164 12 0 1
152 13 0 1
153 13 0 1
154 13 0 1
155 13 0 1
156 13 0 1
157 13 0 1
158 13 0 1
159 13 0 1
160 13 0 1
161 13 0 1
162 13 0 1
163 13 0 1
164 13 0 1
153 14 0 1
154 14 0 1
155 14 0 1
156 14 0 1
157 14 0 1
158 14 0 1
159 14 0 1
160 14 0 1
161 14 0 1
162 14 0 1
163 14 0 1
154 15 0 1
155 15 0 1
156 15 0 1
157 15 0 1
158 15 0 1
159 15 0 1
160 15 0 1
161 15 0 1
162 15 0 1
155 16 0 1
156 16 0 1
157 16 0 1
158 16 0 1
159 16 0 1
160 16 0 1
161 16 0 1
158 17 0 1
70 74 0 1
67 75 0 1
68 75 0 1
69 75 0 1
70 75 0 1
71 75 0 1
72 75 0 1
73 75 0 1
66 76 0 1
67 76 0 1
68 76 0 1
69 76 0 1
70 76 0 1
71 76 0 1
72 76 0 1
73 76 0 1
74 76 0 1
65 77 0 1
66 77 0 1
67 77 0 1
68 77 0 1
69 77 0 1
70 77 0 1
71 77 0 1
72 77 0 1
73 77 0 1
74 77 0 1
75 77 0 1
64 78 0 1
65 78 0 1
66 78 0 1
67 78 0 1
68 78 0 1
69 78 0 1
70 78 0 1
71 78 0 1
72 78 0 1
73 78 0 1
74 78 0 1
75 78 0 1
76 78 0 1
64 79 0 1
65 79 0 1
66 79 0 1
67 79 0 1
68 79 0 1
69 79 0 1
70 79 0 1
71 79 0 1
72 79 0 1
73 79 0 1
74 79 0 1
75 79 0 1
76 79 0 1
64 80 0 1
65 80 0 1
66 80 0 1
67 80 0 1
68 80 0 1
69 80 0 1
70 80 0 1
71 80 0 1
72 80 0 1
73 80 0 1
74 80 0 1
75 80 0 1
76 80 0 1
63 81 0 1
64 81 0 1
65 81 0 1
66 81 0 1
67 81 0 1
68 81 0 1
69 81 0 1
70 81 0 1
71 81 0 1
72 81 0 1
73 81 0 1
74 81 0 1
75 81 0 1
76 81 0 1
77 81 0 1
64 82 0 1
65 82 0 1
66 82 0 1
67 82 0 1
68 82 0 1
69 82 0 1
70 82 0 1
71 82 0 1
72 82 0 1
73 82 0 1
74 82 0 1
75 82 0 1
76 82 0 1
64 83 0 1
65 83 0 1
66 83 0 1
67 83 0 1
68 83 0 1
69 83 0 1
70 83 0 1
71 83 0 1
72 83 0 1
73 83 0 1
74 83 0 1
75 83 0 1
76 83 0 1
64 84 0 1
65 84 0 1
66 84 0 1
67 84 0 1
68 84 0 1
69 84 0 1
70 84 0 1
71 84 0 1
72 84 0 1
73 84 0 1
74 84 0 1
75 84 0 1
76 84 0 1
65 85 0 1
66 85 0 1
67 85 0 1
68 85 0 1
69 85 0 1
70 85 0 1
71 85 0 1
72 85 0 1
73 85 0 1
74 85 0 1
75 85 0 1
66 86 0 1
67 86 0 1
68 86 0 1
69 86 0 1
70 86 0 1
71 86 0 1
72 86 0 1
73 86 0 1
74 86 0 1
67 87 0 1
68 87 0 1
69 87 0 1
70 87 0 1
71 87 0 1
72 87 0 1
73 87 0 1
70 88 0 1
11 141 0 1
8 142 0 1
9 142 0 1
10 142 0 1
11 142 0 1
12 142 0 1
13 142 0 1
14 142 0 1
7 143 0 1
8 143 0 1
9 143 0 1
10 143 0 1
11 143 0 1
12 143 0 1
13 143 0 1
14 143 0 1
15 143 0 1
6 144 0 1
7 144 0 1
8 144 0 1
9 144 0 1
10 144 0 1
11 144 0 1
12 144 0 1
13 144 0 1
14 144 0 1
15 144 0 1
16 144 0 1
5 145 0 1
6 145 0 1
7 145 0 1
8 145 0 1
9 145 0 1
10 145 0 1
11 145 0 1
12 145 0 1
13 145 0 1
14 145 0 1
15 145 0 1
16 145 0 1
17 145 0 1
5 146 0 1
6 146 0 1
7 146 0 1
8 146 0 1
9 146 0 1
10 146 0 1
11 146 0 1
12 146 0 1
13 146 0 1
14 146 0 1
15 146 0 1
16 146 0 1
17 146 0 1
5 147 0 1
6 147 0 1
7 147 0 1
8 147 0 1
9 147 0 1
10 147 0 1
11 147 0 1
12 147 0 1
13 147 0 1
14 147 0 1
15 147 0 1
16 147 0 1
17 147 0 1
4 148 0 1
5 148 0 1
6 148 0 1
7 148 0 1
8 148 0 1
9 148 0 1
10 148 0 1
11 148 0 1
12 148 0 1
13 148 0 1
14 148 0 1
15 148 0 1
16 148 0 1
17 148 0 1
18 148 0 1
5 149 0 1
6 149 0 1
7 149 0 1
8 149 0 1
9 149 0 1
10 149 0 1
11 149 0 1
12 149 0 1
13 149 0 1
14 149 0 1
15 149 0 1
16 149 0 1
17 149 0 1
5 150 0 1
6 150 0 1
7 150 0 1
8 150 0 1
9 150 0 1
10 150 0 1
11 150 0 1
12 150 0 1
13 150 0 1
14 150 0 1
15 150 0 1
16 150 0 1
17 150 0 1
5 151 0 1
6 151 0 1
7 151 0 1
8 151 0 1
9 151 0 1
10 151 0 1
11 151 0 1
12 151 0 1
13 151 0 1
14 151 0 1
15 151 0 1
16 151 0 1
17 151 0 1
6 152 0 1
7 152 0 1
8 152 0 1
9 152 0 1
10 152 0 1
11 152 0 1
12 152 0 1
13 152 0 1
14 152 0 1
15 152 0 1
16 152 0 1
7 153 0 1
8 153 0 1
9 153 0 1
10 153 0 1
11 153 0 1
12 153 0 1
13 153 0 1
14 153 0 1
15 153 0 1
8 154 0 1
9 154 0 1
10 154 0 1
11 154 0 1
12 154 0 1
13 154 0 1
14 154 0 1
11 155 0 1
