81 89 0 1
78 90 0 1
79 90 0 1
80 90 0 1
81 90 0 1
82 90 0 1
83 90 0 1
84 90 0 1
77 91 0 1
78 91 0 1
79 91 0 1
80 91 0 1
81 91 0 1
82 91 0 2
83 91 0 2
84 91 0 2
85 91 0 2
76 92 0 1
77 92 0 1
78 92 0 1
79 92 0 2
80 92 0 2
81 92 0 2
82 92 0 2
83 92 0 2
84 92 0 2
85 92 0 2
86 92 0 2
75 93 0 2
76 93 0 2
77 93 0 2
78 93 0 2
79 93 0 2
80 93 0 2
81 93 0 2
82 93 0 2
83 93 0 2
84 93 0 2
85 93 0 2
86 93 0 2
87 93 0 2
75 94 0 2
76 94 0 2
77 94 0 2
78 94 0 2
79 94 0 2
80 94 0 2
81 94 0 2
82 94 0 2
83 94 0 2
84 94 0 2
85 94 0 2
86 94 0 2
87 94 0 2
75 95 0 2
76 95 0 2
77 95 0 2
78 95 0 2
79 95 0 2
80 95 0 2
81 95 0 2
82 95 0 2
83 95 0 2
84 95 0 2
85 95 0 2
86 95 0 2
87 95 0 2
74 96 0 2
75 96 0 2
76 96 0 2
77 96 0 2
78 96 0 2
79 96 0 2
80 96 0 2
81 96 0 2
82 96 0 2
83 96 0 2
84 96 0 2
85 96 0 2
86 96 0 2
87 96 0 2
88 96 0 2
75 97 0 2
76 97 0 2
77 97 0 2
78 97 0 2
79 97 0 2
80 97 0 2
81 97 0 2
82 97 0 2
83 97 0 2
84 97 0 2
85 97 0 2
86 97 0 2
87 97 0 2
75 98 0 2
76 98 0 2
77 98 0 2
78 98 0 2
79 98 0 2
80 98 0 2
81 98 0 2
82 98 0 2
83 98 0 2
84 98 0 2
85 98 0 1
86 98 0 1
87 98 0 1
75 99 0 2
76 99 0 2
77 99 0 2
78 99 0 2
79 99 0 2
80 99 0 2
81 99 0 2
82 99 0 2
83 99 0 1
84 99 0 1
85 99 0 1
86 99 0 1
87 99 0 1
76 100 0 2
77 100 0 2
78 100 0 2
79 100 0 2
80 100 0 1
81 100 0 1
82 100 0 1
83 100 0 1
84 100 0 1
85 100 0 1
86 100 0 1
77 101 0 1
78 101 0 1
79 101 0 1
80 101 0 1
81 101 0 1
82 101 0 1
83 101 0 1
84 101 0 1
85 101 0 1
78 102 0 1
79 102 0 1
80 102 0 1
81 102 0 1
82 102 0 1
83 102 0 1
84 102 0 1
81 103 0 1
139 80 0 1
136 81 0 1
137 81 0 1
138 81 0 1
139 81 0 1
140 81 0 1
141 81 0 1
142 81 0 1
135 82 0 2
136 82 0 2
137 82 0 1
138 82 0 1
139 82 0 1
140 82 0 1
141 82 0 1
142 82 0 1
143 82 0 1
134 83 0 2
135 83 0 2
136 83 0 2
137 83 0 2
138 83 0 2
139 83 0 2
140 83 0 1
141 83 0 1
142 83 0 1
143 83 0 1
144 83 0 1
133 84 0 2
134 84 0 2
135 84 0 2
136 84 0 2
137 84 0 2
138 84 0 2
139 84 0 2
140 84 0 2
141 84 0 2
142 84 0 1
143 84 0 1
144 84 0 1
145 84 0 1
133 85 0 2
134 85 0 2
135 85 0 2
136 85 0 2
137 85 0 2
138 85 0 2
139 85 0 2
140 85 0 2
141 85 0 2
142 85 0 2
143 85 0 1
144 85 0 1
145 85 0 1
133 86 0 2
134 86 0 2
135 86 0 2
136 86 0 2
137 86 0 2
138 86 0 2
139 86 0 2
140 86 0 2
141 86 0 2
142 86 0 2
143 86 0 2
144 86 0 1
145 86 0 1
132 87 0 2
133 87 0 2
134 87 0 2
135 87 0 2
136 87 0 2
137 87 0 2
138 87 0 2
139 87 0 2
140 87 0 2
141 87 0 2
142 87 0 2
143 87 0 2
144 87 0 2
145 87 0 1
146 87 0 1
133 88 0 2
134 88 0 2
135 88 0 2
136 88 0 2
137 88 0 2
138 88 0 2
139 88 0 2
140 88 0 2
141 88 0 2
142 88 0 2
143 88 0 2
144 88 0 2
145 88 0 2
133 89 0 1
134 89 0 2
135 89 0 2
136 89 0 2
137 89 0 2
138 89 0 2
139 89 0 2
140 89 0 2
141 89 0 2
142 89 0 2
143 89 0 2
144 89 0 2
145 89 0 2
133 90 0 1
134 90 0 2
135 90 0 1
136 90 0 2
137 90 0 2
138 90 0 2
139 90 0 2
140 90 0 2
141 90 0 2
142 90 0 2
143 90 0 2
144 90 0 2
145 90 0 2
134 91 0 1
135 91 0 1
136 91 0 1
137 91 0 1
138 91 0 2
139 91 0 2
140 91 0 2
141 91 0 2
142 91 0 2
143 91 0 2
144 91 0 2
135 92 0 1
136 92 0 1
137 92 0 1
138 92 0 1
139 92 0 2
140 92 0 2
141 92 0 2
142 92 0 2
143 92 0 2
136 93 0 1
137 93 0 1
138 93 0 1
139 93 0 1
140 93 0 1
141 93 0 2
142 93 0 2
139 94 0 1
179 84 0 1
176 85 0 1
177 85 0 1
178 85 0 1
179 85 0 1
180 85 0 2
181 85 0 2
182 85 0 2
175 86 0 1
176 86 0 1
177 86 0 1
178 86 0 1
179 86 0 1
180 86 0 2
181 86 0 2
182 86 0 2
183 86 0 2
174 87 0 1
175 87 0 1
176 87 0 1
177 87 0 1
178 87 0 2
179 87 0 2
180 87 0 2
181 87 0 2
182 87 0 2
183 87 0 2
184 87 0 2
173 88 0 1
174 88 0 1
175 88 0 2
176 88 0 2
177 88 0 2
178 88 0 2
179 88 0 2
180 88 0 2
181 88 0 2
182 88 0 2
183 88 0 2
184 88 0 2
185 88 0 2
173 89 0 1
174 89 0 2
175 89 0 2
176 89 0 2
177 89 0 2
178 89 0 2
179 89 0 2
180 89 0 2
181 89 0 2
182 89 0 2
183 89 0 2
184 89 0 2
185 89 0 2
173 90 0 2
174 90 0 2
175 90 0 2
176 90 0 2
177 90 0 2
178 90 0 2
179 90 0 2
180 90 0 2
181 90 0 2
182 90 0 2
183 90 0 2
184 90 0 2
185 90 0 2
172 91 0 2
173 91 0 2
174 91 0 2
175 91 0 2
176 91 0 2
177 91 0 2
178 91 0 2
179 91 0 2
180 91 0 2
181 91 0 2
182 91 0 2
183 91 0 2
184 91 0 1
185 91 0 1
186 91 0 1
173 92 0 2
174 92 0 2
175 92 0 2
176 92 0 2
177 92 0 2
178 92 0 2
179 92 0 2
180 92 0 2
181 92 0 2
182 92 0 2
183 92 0 2
184 92 0 1
185 92 0 1
173 93 0 2
174 93 0 2
175 93 0 2
176 93 0 2
177 93 0 2
178 93 0 2
179 93 0 2
180 93 0 2
181 93 0 1
182 93 0 1
183 93 0 1
184 93 0 1
185 93 0 1
173 94 0 2
174 94 0 2
175 94 0 2
176 94 0 2
177 94 0 2
178 94 0 1
179 94 0 1
180 94 0 1
181 94 0 1
182 94 0 1
183 94 0 1
184 94 0 1
185 94 0 1
174 95 0 2
175 95 0 2
176 95 0 2
177 95 0 2
178 95 0 1
179 95 0 1
180 95 0 1
181 95 0 1
182 95 0 1
183 95 0 1
184 95 0 1
175 96 0 1
176 96 0 1
177 96 0 1
178 96 0 1
179 96 0 1
180 96 0 1
181 96 0 1
182 96 0 1
183 96 0 1
176 97 0 1
177 97 0 1
178 97 0 1
179 97 0 1
180 97 0 1
181 97 0 1
182 97 0 1
179 98 0 1
