7 0 0 1
4 1 0 1
5 1 0 1
6 1 0 1
7 1 0 1
8 1 0 1
9 1 0 1
10 1 0 1
3 2 0 1
4 2 0 1
5 2 0 1
6 2 0 1
7 2 0 1
8 2 0 1
9 2 0 1
10 2 0 1
11 2 0 1
2 3 0 1
3 3 0 1
4 3 0 1
5 3 0 1
6 3 0 1
7 3 0 1
8 3 0 1
9 3 0 1
10 3 0 1
11 3 0 1
12 3 0 1
1 4 0 1
2 4 0 1
3 4 0 1
4 4 0 1
5 4 0 1
6 4 0 1
7 4 0 1
8 4 0 1
9 4 0 1
10 4 0 1
11 4 0 1
12 4 0 1
13 4 0 1
1 5 0 1
2 5 0 1
3 5 0 1
4 5 0 1
5 5 0 1
6 5 0 1
7 5 0 1
8 5 0 1
9 5 0 1
10 5 0 1
11 5 0 1
12 5 0 1
13 5 0 1
1 6 0 1
2 6 0 1
3 6 0 1
4 6 0 1
5 6 0 1
6 6 0 1
7 6 0 1
8 6 0 1
9 6 0 1
10 6 0 1
11 6 0 1
12 6 0 1
13 6 0 1
0 7 0 1
1 7 0 1
2 7 0 1
3 7 0 1
4 7 0 1
5 7 0 1
6 7 0 1
7 7 0 1
8 7 0 1
9 7 0 1
10 7 0 1
11 7 0 1
12 7 0 1
13 7 0 1
14 7 0 1
1 8 0 1
2 8 0 1
3 8 0 1
4 8 0 1
5 8 0 1
6 8 0 1
7 8 0 1
8 8 0 1
9 8 0 1
10 8 0 1
11 8 0 1
12 8 0 1
13 8 0 1
1 9 0 1
2 9 0 1
3 9 0 1
4 9 0 1
5 9 0 1
6 9 0 1
7 9 0 1
8 9 0 1
9 9 0 1
10 9 0 1
11 9 0 1
12 9 0 1
13 9 0 1
1 10 0 1
2 10 0 1
3 10 0 1
4 10 0 1
5 10 0 1
6 10 0 1
7 10 0 1
8 10 0 1
9 10 0 1
10 10 0 1
11 10 0 1
12 10 0 1
13 10 0 1
2 11 0 1
3 11 0 1
4 11 0 1
5 11 0 1
6 11 0 1
7 11 0 1
8 11 0 1
9 11 0 1
10 11 0 1
11 11 0 1
12 11 0 1
3 12 0 1
4 12 0 1
5 12 0 1
6 12 0 1
7 12 0 1
8 12 0 1
9 12 0 1
10 12 0 1
11 12 0 1
4 13 0 1
5 13 0 1
6 13 0 1
7 13 0 1
8 13 0 1
9 13 0 1
10 13 0 1
7 14 0 1
243 236 0 1
240 237 0 1
241 237 0 1
242 237 0 1
243 237 0 1
244 237 0 1
245 237 0 1
246 237 0 1
239 238 0 1
240 238 0 1
241 238 0 1
242 238 0 1
243 238 0 1
244 238 0 1
245 238 0 1
246 238 0 1
247 238 0 1
238 239 0 1
239 239 0 1
240 239 0 1
241 239 0 1
242 239 0 1
243 239 0 1
244 239 0 1
245 239 0 1
246 239 0 1
247 239 0 1
248 239 0 1
237 240 0 1
238 240 0 1
239 240 0 1
240 240 0 1
241 240 0 1
242 240 0 1
243 240 0 1
244 240 0 1
245 240 0 1
246 240 0 1
247 240 0 1
248 240 0 1
249 240 0 1
237 241 0 1
238 241 0 1
239 241 0 1
240 241 0 1
241 241 0 1
242 241 0 1
243 241 0 1
244 241 0 1
245 241 0 1
246 241 0 1
247 241 0 1
248 241 0 1
249 241 0 1
237 242 0 1
238 242 0 1
239 242 0 1
240 242 0 1
241 242 0 1
242 242 0 1
243 242 0 1
244 242 0 1
245 242 0 1
246 242 0 1
247 242 0 1
248 242 0 1
249 242 0 1
236 243 0 1
237 243 0 1
238 243 0 1
239 243 0 1
240 243 0 1
241 243 0 1
242 243 0 1
243 243 0 1
244 243 0 1
245 243 0 1
246 243 0 1
247 243 0 1
248 243 0 1
249 243 0 1
237 244 0 1
238 244 0 1
239 244 0 1
240 244 0 1
241 244 0 1
242 244 0 1
243 244 0 1
244 244 0 1
245 244 0 1
246 244 0 1
247 244 0 1
248 244 0 1
249 244 0 1
237 245 0 2
238 245 0 2
239 245 0 2
240 245 0 1
241 245 0 1
242 245 0 1
243 245 0 1
244 245 0 1
245 245 0 1
246 245 0 1
247 245 0 1
248 245 0 1
249 245 0 1
237 246 0 2
238 246 0 2
239 246 0 2
240 246 0 2
241 246 0 2
242 246 0 2
243 246 0 2
244 246 0 2
245 246 0 1
246 246 0 1
247 246 0 1
248 246 0 1
249 246 0 1
238 247 0 2
239 247 0 2
240 247 0 2
241 247 0 2
242 247 0 2
243 247 0 2
244 247 0 2
245 247 0 2
246 247 0 1
247 247 0 1
248 247 0 1
239 248 0 2
240 248 0 2
241 248 0 2
242 248 0 2
243 248 0 2
244 248 0 2
245 248 0 2
246 248 0 1
247 248 0 1
240 249 0 2
241 249 0 2
242 249 0 2
243 249 0 2
244 249 0 2
245 249 0 2
246 249 0 2
243 0 0 1
240 1 0 1
241 1 0 1
242 1 0 1
243 1 0 1
244 1 0 1
245 1 0 1
246 1 0 1
239 2 0 1
240 2 0 1
241 2 0 1
242 2 0 1
243 2 0 1
244 2 0 1
245 2 0 1
246 2 0 1
247 2 0 1
238 3 0 1
239 3 0 1
240 3 0 1
241 3 0 1
242 3 0 1
243 3 0 1
244 3 0 1
245 3 0 1
246 3 0 1
247 3 0 1
248 3 0 1
237 4 0 1
238 4 0 1
239 4 0 1
240 4 0 1
241 4 0 1
242 4 0 1
243 4 0 1
244 4 0 1
245 4 0 1
246 4 0 1
247 4 0 1
248 4 0 1
249 4 0 1
237 5 0 1
238 5 0 1
239 5 0 1
240 5 0 1
241 5 0 1
242 5 0 1
243 5 0 1
244 5 0 1
245 5 0 1
246 5 0 1
247 5 0 1
248 5 0 1
249 5 0 1
237 6 0 1
238 6 0 1
239 6 0 1
240 6 0 1
241 6 0 1
242 6 0 1
243 6 0 1
244 6 0 1
245 6 0 1
246 6 0 1
247 6 0 1
248 6 0 1
249 6 0 1
236 7 0 1
237 7 0 1
238 7 0 1
239 7 0 1
240 7 0 1
241 7 0 1
242 7 0 1
243 7 0 1
244 7 0 1
245 7 0 1
246 7 0 1
247 7 0 1
248 7 0 1
249 7 0 1
237 8 0 1
238 8 0 1
239 8 0 1
240 8 0 1
241 8 0 1
242 8 0 1
243 8 0 1
244 8 0 1
245 8 0 1
246 8 0 1
247 8 0 1
248 8 0 1
249 8 0 1
237 9 0 1
238 9 0 1
239 9 0 1
240 9 0 1
241 9 0 1
242 9 0 1
243 9 0 1
244 9 0 1
245 9 0 1
246 9 0 1
247 9 0 1
248 9 0 1
249 9 0 1
237 10 0 1
238 10 0 1
239 10 0 1
240 10 0 1
241 10 0 1
242 10 0 1
243 10 0 1
244 10 0 1
245 10 0 1
246 10 0 1
247 10 0 1
248 10 0 1
249 10 0 1
238 11 0 1
239 11 0 1
240 11 0 1
241 11 0 1
242 11 0 1
243 11 0 1
244 11 0 1
245 11 0 1
246 11 0 1
247 11 0 1
248 11 0 1
239 12 0 1
240 12 0 1
241 12 0 1
242 12 0 1
243 12 0 1
244 12 0 1
245 12 0 1
246 12 0 1
247 12 0 1
240 13 0 1
241 13 0 1
242 13 0 1
243 13 0 1
244 13 0 1
245 13 0 1
246 13 0 1
243 14 0 1
7 236 0 1
4 237 0 1
5 237 0 1
6 237 0 1
7 237 0 1
8 237 0 1
9 237 0 1
10 237 0 1
3 238 0 1
4 238 0 1
5 238 0 1
6 238 0 1
7 238 0 1
8 238 0 1
9 238 0 1
10 238 0 1
11 238 0 1
2 239 0 1
3 239 0 1
4 239 0 1
5 239 0 1
6 239 0 1
7 239 0 1
8 239 0 1
9 239 0 1
10 239 0 1
11 239 0 1
12 239 0 1
1 240 0 1
2 240 0 1
3 240 0 1
4 240 0 1
5 240 0 1
6 240 0 1
7 240 0 1
8 240 0 1
9 240 0 1
10 240 0 1
11 240 0 1
12 240 0 1
13 240 0 1
1 241 0 1
2 241 0 1
3 241 0 1
4 241 0 1
5 241 0 1
6 241 0 1
7 241 0 1
8 241 0 1
9 241 0 1
10 241 0 1
11 241 0 1
12 241 0 1
13 241 0 1
1 242 0 1
2 242 0 1
3 242 0 1
4 242 0 1
5 242 0 1
6 242 0 1
7 242 0 1
8 242 0 1
9 242 0 1
10 242 0 1
11 242 0 1
12 242 0 1
13 242 0 1
0 243 0 1
1 243 0 1
2 243 0 1
3 243 0 1
4 243 0 1
5 243 0 1
6 243 0 1
7 243 0 1
8 243 0 1
9 243 0 1
10 243 0 1
11 243 0 1
12 243 0 1
13 243 0 1
14 243 0 1
1 244 0 1
2 244 0 1
3 244 0 1
4 244 0 1
5 244 0 1
6 244 0 1
7 244 0 1
8 244 0 1
9 244 0 1
10 244 0 1
11 244 0 1
12 244 0 1
13 244 0 1
1 245 0 1
2 245 0 1
3 245 0 1
4 245 0 1
5 245 0 1
6 245 0 1
7 245 0 1
8 245 0 1
9 245 0 1
10 245 0 1
11 245 0 1
12 245 0 1
13 245 0 1
1 246 0 1
2 246 0 1
3 246 0 1
4 246 0 1
5 246 0 1
6 246 0 1
7 246 0 1
8 246 0 1
9 246 0 1
10 246 0 1
11 246 0 1
12 246 0 1
13 246 0 1
2 247 0 1
3 247 0 1
4 247 0 1
5 247 0 1
6 247 0 1
7 247 0 1
8 247 0 1
9 247 0 1
10 247 0 1
11 247 0 1
12 247 0 1
3 248 0 1
4 248 0 1
5 248 0 1
6 248 0 1
7 248 0 1
8 248 0 1
9 248 0 1
10 248 0 1
11 248 0 1
4 249 0 1
5 249 0 1
6 249 0 1
7 249 0 1
8 249 0 1
9 249 0 1
10 249 0 1
