45 35 0 1
42 36 0 1
43 36 0 1
44 36 0 1
45 36 0 1
46 36 0 2
47 36 0 2
48 36 0 2
41 37 0 1
42 37 0 1
43 37 0 1
44 37 0 2
45 37 0 2
46 37 0 2
47 37 0 2
48 37 0 2
49 37 0 2
40 38 0 1
41 38 0 1
42 38 0 1
43 38 0 2
44 38 0 2
45 38 0 2
46 38 0 2
47 38 0 2
48 38 0 2
49 38 0 2
50 38 0 2
39 39 0 1
40 39 0 1
41 39 0 1
42 39 0 2
43 39 0 2
44 39 0 2
45 39 0 2
46 39 0 2
47 39 0 2
48 39 0 2
49 39 0 2
50 39 0 2
51 39 0 2
39 40 0 2
40 40 0 2
41 40 0 2
42 40 0 2
43 40 0 2
44 40 0 2
45 40 0 2
46 40 0 2
47 40 0 2
48 40 0 2
49 40 0 2
50 40 0 2
51 40 0 1
39 41 0 2
40 41 0 2
41 41 0 2
42 41 0 2
43 41 0 2
44 41 0 2
45 41 0 2
46 41 0 2
47 41 0 2
48 41 0 2
49 41 0 2
50 41 0 1
51 41 0 1
38 42 0 2
39 42 0 2
40 42 0 2
41 42 0 2
42 42 0 2
43 42 0 2
44 42 0 2
45 42 0 2
46 42 0 2
47 42 0 2
48 42 0 2
49 42 0 1
50 42 0 1
51 42 0 1
52 42 0 1
39 43 0 2
40 43 0 2
41 43 0 2
42 43 0 2
43 43 0 2
44 43 0 2
45 43 0 2
46 43 0 2
47 43 0 2
48 43 0 1
49 43 0 1
50 43 0 1
51 43 0 1
39 44 0 2
40 44 0 2
41 44 0 2
42 44 0 2
43 44 0 2
44 44 0 2
45 44 0 2
46 44 0 1
47 44 0 1
48 44 0 1
49 44 0 1
50 44 0 1
51 44 0 1
39 45 0 2
40 45 0 2
41 45 0 2
42 45 0 2
43 45 0 2
44 45 0 1
45 45 0 1
46 45 0 1
47 45 0 1
48 45 0 1
49 45 0 1
50 45 0 1
51 45 0 1
40 46 0 2
41 46 0 2
42 46 0 2
43 46 0 1
44 46 0 1
45 46 0 1
46 46 0 1
47 46 0 1
48 46 0 1
49 46 0 1
50 46 0 1
41 47 0 2
42 47 0 1
43 47 0 1
44 47 0 1
45 47 0 1
46 47 0 1
47 47 0 1
48 47 0 1
49 47 0 1
42 48 0 1
43 48 0 1
44 48 0 1
45 48 0 1
46 48 0 1
47 48 0 1
48 48 0 1
45 49 0 1
71 21 0 1
68 22 0 1
69 22 0 1
70 22 0 1
71 22 0 1
72 22 0 2
73 22 0 2
74 22 0 2
67 23 0 1
68 23 0 1
69 23 0 1
70 23 0 1
71 23 0 1
72 23 0 2
73 23 0 2
74 23 0 2
75 23 0 2
66 24 0 1
67 24 0 1
68 24 0 1
69 24 0 2
70 24 0 2
71 24 0 2
72 24 0 2
73 24 0 2
74 24 0 2
75 24 0 2
76 24 0 2
65 25 0 1
66 25 0 1
67 25 0 2
68 25 0 2
69 25 0 2
70 25 0 2
71 25 0 2
72 25 0 2
73 25 0 2
74 25 0 2
75 25 0 2
76 25 0 2
77 25 0 2
65 26 0 1
66 26 0 2
67 26 0 2
68 26 0 2
69 26 0 2
70 26 0 2
71 26 0 2
72 26 0 2
73 26 0 2
74 26 0 2
75 26 0 2
76 26 0 2
77 26 0 2
65 27 0 2
66 27 0 2
67 27 0 2
68 27 0 2
69 27 0 2
70 27 0 2
71 27 0 2
72 27 0 2
73 27 0 2
74 27 0 2
75 27 0 2
76 27 0 2
77 27 0 1
64 28 0 2
65 28 0 2
66 28 0 2
67 28 0 2
68 28 0 2
69 28 0 2
70 28 0 2
71 28 0 2
72 28 0 2
73 28 0 2
74 28 0 2
75 28 0 2
76 28 0 2
77 28 0 2
78 28 0 1
65 29 0 2
66 29 0 2
67 29 0 2
68 29 0 2
69 29 0 2
70 29 0 2
71 29 0 2
72 29 0 2
73 29 0 2
74 29 0 2
75 29 0 2
76 29 0 2
77 29 0 2
65 30 0 2
66 30 0 2
67 30 0 2
68 30 0 2
69 30 0 2
70 30 0 2
71 30 0 2
72 30 0 2
73 30 0 2
74 30 0 2
75 30 0 2
76 30 0 2
77 30 0 2
65 31 0 2
66 31 0 2
67 31 0 2
68 31 0 2
69 31 0 2
70 31 0 2
71 31 0 2
72 31 0 2
73 31 0 2
74 31 0 2
75 31 0 2
76 31 0 2
77 31 0 2
66 32 0 2
67 32 0 2
68 32 0 2
69 32 0 2
70 32 0 2
71 32 0 2
72 32 0 2
73 32 0 2
74 32 0 2
75 32 0 2
76 32 0 2
67 33 0 1
68 33 0 1
69 33 0 1
70 33 0 1
71 33 0 2
72 33 0 2
73 33 0 2
74 33 0 2
75 33 0 2
68 34 0 1
69 34 0 1
70 34 0 1
71 34 0 1
72 34 0 1
73 34 0 2
74 34 0 2
71 35 0 1
117 7 0 1
114 8 0 1
115 8 0 1
116 8 0 1
117 8 0 1
118 8 0 1
119 8 0 1
120 8 0 1
113 9 0 1
114 9 0 1
115 9 0 1
116 9 0 1
117 9 0 1
118 9 0 1
119 9 0 1
120 9 0 1
121 9 0 2
112 10 0 1
113 10 0 1
114 10 0 1
115 10 0 1
116 10 0 1
117 10 0 1
118 10 0 1
119 10 0 1
120 10 0 2
121 10 0 2
122 10 0 2
111 11 0 1
112 11 0 1
113 11 0 1
114 11 0 2
115 11 0 2
116 11 0 2
117 11 0 2
118 11 0 2
119 11 0 2
120 11 0 2
121 11 0 2
122 11 0 2
123 11 0 2
111 12 0 2
112 12 0 2
113 12 0 2
114 12 0 2
115 12 0 2
116 12 0 2
117 12 0 2
118 12 0 2
119 12 0 2
120 12 0 2
121 12 0 2
122 12 0 2
123 12 0 2
111 13 0 2
112 13 0 2
113 13 0 2
114 13 0 2
115 13 0 2
116 13 0 2
117 13 0 2
118 13 0 2
119 13 0 2
120 13 0 2
121 13 0 2
122 13 0 2
123 13 0 2
110 14 0 2
111 14 0 2
112 14 0 2
113 14 0 2
114 14 0 2
115 14 0 2
116 14 0 2
117 14 0 2
118 14 0 2
119 14 0 2
120 14 0 2
121 14 0 2
122 14 0 2
123 14 0 2
124 14 0 2
111 15 0 2
112 15 0 2
113 15 0 2
114 15 0 2
115 15 0 2
116 15 0 2
117 15 0 2
118 15 0 2
119 15 0 2
120 15 0 2
121 15 0 2
122 15 0 2
123 15 0 2
111 16 0 2
112 16 0 2
113 16 0 2
114 16 0 2
115 16 0 2
116 16 0 2
117 16 0 2
118 16 0 2
119 16 0 2
120 16 0 2
121 16 0 2
122 16 0 2
123 16 0 2
111 17 0 2
112 17 0 2
113 17 0 2
114 17 0 2
115 17 0 2
116 17 0 2
117 17 0 2
118 17 0 2
119 17 0 2
120 17 0 2
121 17 0 2
122 17 0 2
123 17 0 2
112 18 0 2
113 18 0 2
114 18 0 2
115 18 0 2
116 18 0 2
117 18 0 2
118 18 0 2
119 18 0 2
120 18 0 2
121 18 0 2
122 18 0 2
113 19 0 1
114 19 0 1
115 19 0 1
116 19 0 1
117 19 0 1
118 19 0 1
119 19 0 1
120 19 0 1
121 19 0 1
114 20 0 1
115 20 0 1
116 20 0 1
117 20 0 1
118 20 0 1
119 20 0 1
120 20 0 1
117 21 0 1
162 22 0 1
159 23 0 1
160 23 0 1
161 23 0 1
162 23 0 1
163 23 0 1
164 23 0 1
165 23 0 1
158 24 0 1
159 24 0 1
160 24 0 1
161 24 0 1
162 24 0 1
163 24 0 1
164 24 0 1
165 24 0 1
166 24 0 1
157 25 0 2
158 25 0 2
159 25 0 2
160 25 0 1
161 25 0 1
162 25 0 1
163 25 0 1
164 25 0 1
165 25 0 1
166 25 0 1
167 25 0 1
156 26 0 2
157 26 0 2
158 26 0 2
159 26 0 2
160 26 0 2
161 26 0 2
162 26 0 2
163 26 0 2
164 26 0 2
165 26 0 2
166 26 0 2
167 26 0 2
168 26 0 2
156 27 0 2
157 27 0 2
158 27 0 2
159 27 0 2
160 27 0 2
161 27 0 2
162 27 0 2
163 27 0 2
164 27 0 2
165 27 0 2
166 27 0 2
167 27 0 2
168 27 0 2
156 28 0 2
157 28 0 2
158 28 0 2
159 28 0 2
160 28 0 2
161 28 0 2
162 28 0 2
163 28 0 2
164 28 0 2
165 28 0 2
166 28 0 2
167 28 0 2
168 28 0 2
155 29 0 2
156 29 0 2
157 29 0 2
158 29 0 2
159 29 0 2
160 29 0 2
161 29 0 2
162 29 0 2
163 29 0 2
164 29 0 2
165 29 0 2
166 29 0 2
167 29 0 2
168 29 0 2
169 29 0 2
156 30 0 2
157 30 0 2
158 30 0 2
159 30 0 2
160 30 0 2
161 30 0 2
162 30 0 2
163 30 0 2
164 30 0 2
165 30 0 2
166 30 0 2
167 30 0 2
168 30 0 2
156 31 0 2
157 31 0 2
158 31 0 2
159 31 0 2
160 31 0 2
161 31 0 2
162 31 0 2
163 31 0 2
164 31 0 2
165 31 0 2
166 31 0 2
167 31 0 2
168 31 0 2
156 32 0 2
157 32 0 2
158 32 0 2
159 32 0 2
160 32 0 2
161 32 0 2
162 32 0 2
163 32 0 2
164 32 0 2
165 32 0 2
166 32 0 2
167 32 0 2
168 32 0 2
157 33 0 1
158 33 0 1
159 33 0 1
160 33 0 1
161 33 0 1
162 33 0 1
163 33 0 2
164 33 0 2
165 33 0 2
166 33 0 2
167 33 0 2
158 34 0 1
159 34 0 1
160 34 0 1
161 34 0 1
162 34 0 1
163 34 0 1
164 34 0 1
165 34 0 1
166 34 0 1
159 35 0 1
160 35 0 1
161 35 0 1
162 35 0 1
163 35 0 1
164 35 0 1
165 35 0 1
162 36 0 1
206 4 0 1
203 5 0 1
204 5 0 1
205 5 0 1
206 5 0 1
207 5 0 1
208 5 0 1
209 5 0 1
202 6 0 1
203 6 0 1
204 6 0 1
205 6 0 1
206 6 0 1
207 6 0 1
208 6 0 1
209 6 0 1
210 6 0 1
201 7 0 1
202 7 0 1
203 7 0 1
204 7 0 1
205 7 0 2
206 7 0 2
207 7 0 2
208 7 0 2
209 7 0 2
210 7 0 1
211 7 0 1
200 8 0 1
201 8 0 1
202 8 0 2
203 8 0 2
204 8 0 2
205 8 0 2
206 8 0 2
207 8 0 2
208 8 0 2
209 8 0 2
210 8 0 2
211 8 0 2
212 8 0 1
200 9 0 2
201 9 0 2
202 9 0 2
203 9 0 2
204 9 0 2
205 9 0 2
206 9 0 2
207 9 0 2
208 9 0 2
209 9 0 2
210 9 0 2
211 9 0 2
212 9 0 2
200 10 0 2
201 10 0 2
202 10 0 2
203 10 0 2
204 10 0 2
205 10 0 2
206 10 0 2
207 10 0 2
208 10 0 2
209 10 0 2
210 10 0 2
211 10 0 2
212 10 0 2
199 11 0 2
200 11 0 2
201 11 0 2
202 11 0 2
203 11 0 2
204 11 0 2
205 11 0 2
206 11 0 2
207 11 0 2
208 11 0 2
209 11 0 2
210 11 0 2
211 11 0 2
212 11 0 2
213 11 0 2
200 12 0 2
201 12 0 2
202 12 0 2
203 12 0 2
204 12 0 2
205 12 0 2
206 12 0 2
207 12 0 2
208 12 0 2
209 12 0 2
210 12 0 2
211 12 0 2
212 12 0 2
200 13 0 2
201 13 0 2
202 13 0 2
203 13 0 2
204 13 0 2
205 13 0 2
206 13 0 2
207 13 0 2
208 13 0 2
209 13 0 2
210 13 0 2
211 13 0 2
212 13 0 2
200 14 0 2
201 14 0 2
202 14 0 2
203 14 0 2
204 14 0 2
205 14 0 2
206 14 0 2
207 14 0 2
208 14 0 2
209 14 0 2
210 14 0 2
211 14 0 2
212 14 0 2
201 15 0 1
202 15 0 1
203 15 0 1
204 15 0 1
205 15 0 1
206 15 0 1
207 15 0 1
208 15 0 1
209 15 0 2
210 15 0 2
211 15 0 2
202 16 0 1
203 16 0 1
204 16 0 1
205 16 0 1
206 16 0 1
207 16 0 1
208 16 0 1
209 16 0 1
210 16 0 1
203 17 0 1
204 17 0 1
205 17 0 1
206 17 0 1
207 17 0 1
208 17 0 1
209 17 0 1
206 18 0 1
224 43 0 1
221 44 0 1
222 44 0 1
223 44 0 1
224 44 0 1
225 44 0 1
226 44 0 1
227 44 0 1
220 45 0 1
221 45 0 1
222 45 0 1
223 45 0 1
224 45 0 1
225 45 0 1
226 45 0 1
227 45 0 1
228 45 0 1
219 46 0 2
220 46 0 1
221 46 0 1
222 46 0 1
223 46 0 1
224 46 0 1
225 46 0 1
226 46 0 1
227 46 0 1
228 46 0 1
229 46 0 1
218 47 0 2
219 47 0 2
220 47 0 2
221 47 0 2
222 47 0 1
223 47 0 1
224 47 0 1
225 47 0 1
226 47 0 1
227 47 0 1
228 47 0 1
229 47 0 1
230 47 0 1
218 48 0 2
219 48 0 2
220 48 0 2
221 48 0 2
222 48 0 2
223 48 0 2
224 48 0 2
225 48 0 2
226 48 0 2
227 48 0 2
228 48 0 1
229 48 0 1
230 48 0 1
218 49 0 2
219 49 0 2
220 49 0 2
221 49 0 2
222 49 0 2
223 49 0 2
224 49 0 2
225 49 0 2
226 49 0 2
227 49 0 2
228 49 0 2
229 49 0 2
230 49 0 2
217 50 0 2
218 50 0 2
219 50 0 2
220 50 0 2
221 50 0 2
222 50 0 2
223 50 0 2
224 50 0 2
225 50 0 2
226 50 0 2
227 50 0 2
228 50 0 2
229 50 0 2
230 50 0 2
231 50 0 2
218 51 0 2
219 51 0 2
220 51 0 2
221 51 0 2
222 51 0 2
223 51 0 2
224 51 0 2
225 51 0 2
226 51 0 2
227 51 0 2
228 51 0 2
229 51 0 2
230 51 0 2
218 52 0 2
219 52 0 2
220 52 0 2
221 52 0 2
222 52 0 2
223 52 0 2
224 52 0 2
225 52 0 2
226 52 0 2
227 52 0 2
228 52 0 2
229 52 0 2
230 52 0 2
218 53 0 2
219 53 0 2
220 53 0 2
221 53 0 2
222 53 0 2
223 53 0 2
224 53 0 2
225 53 0 2
226 53 0 2
227 53 0 2
228 53 0 2
229 53 0 2
230 53 0 2
219 54 0 2
220 54 0 2
221 54 0 2
222 54 0 2
223 54 0 2
224 54 0 2
225 54 0 2
226 54 0 2
227 54 0 2
228 54 0 2
229 54 0 2
220 55 0 1
221 55 0 2
222 55 0 2
223 55 0 2
224 55 0 2
225 55 0 2
226 55 0 2
227 55 0 2
228 55 0 2
221 56 0 1
222 56 0 1
223 56 0 1
224 56 0 1
225 56 0 1
226 56 0 1
227 56 0 1
224 57 0 1
168 52 0 1
165 53 0 1
166 53 0 1
167 53 0 1
168 53 0 1
169 53 0 1
170 53 0 1
171 53 0 1
164 54 0 1
165 54 0 1
166 54 0 1
167 54 0 1
168 54 0 1
169 54 0 1
170 54 0 1
171 54 0 1
172 54 0 1
163 55 0 2
164 55 0 2
165 55 0 2
166 55 0 1
167 55 0 1
168 55 0 1
169 55 0 1
170 55 0 1
171 55 0 2
172 55 0 2
173 55 0 2
162 56 0 2
163 56 0 2
164 56 0 2
165 56 0 2
166 56 0 2
167 56 0 2
168 56 0 2
169 56 0 2
170 56 0 2
171 56 0 2
172 56 0 2
173 56 0 2
174 56 0 2
162 57 0 2
163 57 0 2
164 57 0 2
165 57 0 2
166 57 0 2
167 57 0 2
168 57 0 2
169 57 0 2
170 57 0 2
171 57 0 2
172 57 0 2
173 57 0 2
174 57 0 2
162 58 0 2
163 58 0 2
164 58 0 2
165 58 0 2
166 58 0 2
167 58 0 2
168 58 0 2
169 58 0 2
170 58 0 2
171 58 0 2
172 58 0 2
173 58 0 2
174 58 0 2
161 59 0 2
162 59 0 2
163 59 0 2
164 59 0 2
165 59 0 2
166 59 0 2
167 59 0 2
168 59 0 2
169 59 0 2
170 59 0 2
171 59 0 2
172 59 0 2
173 59 0 2
174 59 0 2
175 59 0 2
162 60 0 2
163 60 0 2
164 60 0 2
165 60 0 2
166 60 0 2
167 60 0 2
168 60 0 2
169 60 0 2
170 60 0 2
171 60 0 2
172 60 0 2
173 60 0 2
174 60 0 2
162 61 0 2
163 61 0 2
164 61 0 2
165 61 0 2
166 61 0 2
167 61 0 2
168 61 0 2
169 61 0 2
170 61 0 2
171 61 0 2
172 61 0 2
173 61 0 2
174 61 0 2
162 62 0 2
163 62 0 2
164 62 0 2
165 62 0 2
166 62 0 2
167 62 0 2
168 62 0 2
169 62 0 2
170 62 0 2
171 62 0 2
172 62 0 2
173 62 0 2
174 62 0 2
163 63 0 2
164 63 0 2
165 63 0 2
166 63 0 2
167 63 0 2
168 63 0 2
169 63 0 2
170 63 0 2
171 63 0 2
172 63 0 2
173 63 0 2
164 64 0 1
165 64 0 1
166 64 0 1
167 64 0 1
168 64 0 1
169 64 0 1
170 64 0 1
171 64 0 1
172 64 0 1
165 65 0 1
166 65 0 1
167 65 0 1
168 65 0 1
169 65 0 1
170 65 0 1
171 65 0 1
168 66 0 1
113 71 0 1
110 72 0 1
111 72 0 1
112 72 0 1
113 72 0 1
114 72 0 1
115 72 0 1
116 72 0 1
109 73 0 1
110 73 0 1
111 73 0 1
112 73 0 1
113 73 0 1
114 73 0 1
115 73 0 1
116 73 0 2
117 73 0 2
108 74 0 2
109 74 0 2
110 74 0 2
111 74 0 2
112 74 0 2
113 74 0 2
114 74 0 2
115 74 0 2
116 74 0 2
117 74 0 2
118 74 0 2
107 75 0 2
108 75 0 2
109 75 0 2
110 75 0 2
111 75 0 2
112 75 0 2
113 75 0 2
114 75 0 2
115 75 0 2
116 75 0 2
117 75 0 2
118 75 0 2
119 75 0 2
107 76 0 2
108 76 0 2
109 76 0 2
110 76 0 2
111 76 0 2
112 76 0 2
113 76 0 2
114 76 0 2
115 76 0 2
116 76 0 2
117 76 0 2
118 76 0 2
119 76 0 2
107 77 0 2
108 77 0 2
109 77 0 2
110 77 0 2
111 77 0 2
112 77 0 2
113 77 0 2
114 77 0 2
115 77 0 2
116 77 0 2
117 77 0 2
118 77 0 2
119 77 0 2
106 78 0 2
107 78 0 2
108 78 0 2
109 78 0 2
110 78 0 2
111 78 0 2
112 78 0 2
113 78 0 2
114 78 0 2
115 78 0 2
116 78 0 2
117 78 0 2
118 78 0 2
119 78 0 2
120 78 0 2
107 79 0 2
108 79 0 2
109 79 0 2
110 79 0 2
111 79 0 2
112 79 0 2
113 79 0 2
114 79 0 2
115 79 0 2
116 79 0 2
117 79 0 2
118 79 0 2
119 79 0 2
107 80 0 2
108 80 0 2
109 80 0 2
110 80 0 2
111 80 0 2
112 80 0 2
113 80 0 2
114 80 0 2
115 80 0 2
116 80 0 2
117 80 0 2
118 80 0 2
119 80 0 2
107 81 0 2
108 81 0 2
109 81 0 2
110 81 0 2
111 81 0 2
112 81 0 2
113 81 0 2
114 81 0 2
115 81 0 2
116 81 0 2
117 81 0 2
118 81 0 2
119 81 0 2
108 82 0 2
109 82 0 2
110 82 0 2
111 82 0 2
112 82 0 2
113 82 0 2
114 82 0 2
115 82 0 2
116 82 0 2
117 82 0 2
118 82 0 2
109 83 0 1
110 83 0 1
111 83 0 1
112 83 0 1
113 83 0 1
114 83 0 1
115 83 0 1
116 83 0 1
117 83 0 1
110 84 0 1
111 84 0 1
112 84 0 1
113 84 0 1
114 84 0 1
115 84 0 1
116 84 0 1
113 85 0 1
79 60 0 1
76 61 0 2
77 61 0 2
78 61 0 1
79 61 0 1
80 61 0 1
81 61 0 1
82 61 0 1
75 62 0 2
76 62 0 2
77 62 0 2
78 62 0 2
79 62 0 2
80 62 0 1
81 62 0 1
82 62 0 1
83 62 0 1
74 63 0 2
75 63 0 2
76 63 0 2
77 63 0 2
78 63 0 2
79 63 0 2
80 63 0 2
81 63 0 2
82 63 0 1
83 63 0 1
84 63 0 1
73 64 0 2
74 64 0 2
75 64 0 2
76 64 0 2
77 64 0 2
78 64 0 2
79 64 0 2
80 64 0 2
81 64 0 2
82 64 0 2
83 64 0 1
84 64 0 1
85 64 0 1
73 65 0 2
74 65 0 2
75 65 0 2
76 65 0 2
77 65 0 2
78 65 0 2
79 65 0 2
80 65 0 2
81 65 0 2
82 65 0 2
83 65 0 2
84 65 0 2
85 65 0 1
73 66 0 2
74 66 0 2
75 66 0 2
76 66 0 2
77 66 0 2
78 66 0 2
79 66 0 2
80 66 0 2
81 66 0 2
82 66 0 2
83 66 0 2
84 66 0 2
85 66 0 2
72 67 0 1
73 67 0 1
74 67 0 2
75 67 0 2
76 67 0 2
77 67 0 2
78 67 0 2
79 67 0 2
80 67 0 2
81 67 0 2
82 67 0 2
83 67 0 2
84 67 0 2
85 67 0 2
86 67 0 2
73 68 0 1
74 68 0 1
75 68 0 1
76 68 0 2
77 68 0 2
78 68 0 2
79 68 0 2
80 68 0 2
81 68 0 2
82 68 0 2
83 68 0 2
84 68 0 2
85 68 0 2
73 69 0 1
74 69 0 1
75 69 0 1
76 69 0 1
77 69 0 1
78 69 0 1
79 69 0 2
80 69 0 2
81 69 0 2
82 69 0 2
83 69 0 2
84 69 0 2
85 69 0 2
73 70 0 1
74 70 0 1
75 70 0 1
76 70 0 1
77 70 0 1
78 70 0 1
79 70 0 2
80 70 0 2
81 70 0 2
82 70 0 2
83 70 0 2
84 70 0 2
85 70 0 2
74 71 0 1
75 71 0 1
76 71 0 1
77 71 0 1
78 71 0 1
79 71 0 1
80 71 0 1
81 71 0 1
82 71 0 1
83 71 0 2
84 71 0 2
75 72 0 1
76 72 0 1
77 72 0 1
78 72 0 1
79 72 0 1
80 72 0 1
81 72 0 1
82 72 0 1
83 72 0 2
76 73 0 1
77 73 0 1
78 73 0 1
79 73 0 1
80 73 0 1
81 73 0 1
82 73 0 1
79 74 0 1
50 58 0 1
47 59 0 1
48 59 0 1
49 59 0 1
50 59 0 1
51 59 0 1
52 59 0 1
53 59 0 1
46 60 0 1
47 60 0 1
48 60 0 1
49 60 0 1
50 60 0 1
51 60 0 2
52 60 0 2
53 60 0 2
54 60 0 2
45 61 0 1
46 61 0 1
47 61 0 1
48 61 0 1
49 61 0 1
50 61 0 2
51 61 0 2
52 61 0 2
53 61 0 2
54 61 0 2
55 61 0 2
44 62 0 1
45 62 0 1
46 62 0 1
47 62 0 1
48 62 0 2
49 62 0 2
50 62 0 2
51 62 0 2
52 62 0 2
53 62 0 2
54 62 0 2
55 62 0 2
56 62 0 2
44 63 0 2
45 63 0 2
46 63 0 2
47 63 0 2
48 63 0 2
49 63 0 2
50 63 0 2
51 63 0 2
52 63 0 2
53 63 0 2
54 63 0 2
55 63 0 2
56 63 0 2
44 64 0 2
45 64 0 2
46 64 0 2
47 64 0 2
48 64 0 2
49 64 0 2
50 64 0 2
51 64 0 2
52 64 0 2
53 64 0 2
54 64 0 2
55 64 0 2
56 64 0 2
43 65 0 2
44 65 0 2
45 65 0 2
46 65 0 2
47 65 0 2
48 65 0 2
49 65 0 2
50 65 0 2
51 65 0 2
52 65 0 2
53 65 0 2
54 65 0 2
55 65 0 2
56 65 0 2
57 65 0 1
44 66 0 2
45 66 0 2
46 66 0 2
47 66 0 2
48 66 0 2
49 66 0 2
50 66 0 2
51 66 0 2
52 66 0 2
53 66 0 2
54 66 0 2
55 66 0 1
56 66 0 1
44 67 0 2
45 67 0 2
46 67 0 2
47 67 0 2
48 67 0 2
49 67 0 2
50 67 0 2
51 67 0 2
52 67 0 2
53 67 0 2
54 67 0 1
55 67 0 1
56 67 0 1
44 68 0 2
45 68 0 2
46 68 0 2
47 68 0 2
48 68 0 2
49 68 0 2
50 68 0 2
51 68 0 2
52 68 0 2
53 68 0 1
54 68 0 1
55 68 0 1
56 68 0 1
45 69 0 2
46 69 0 2
47 69 0 2
48 69 0 2
49 69 0 2
50 69 0 2
51 69 0 1
52 69 0 1
53 69 0 1
54 69 0 1
55 69 0 1
46 70 0 2
47 70 0 2
48 70 0 2
49 70 0 1
50 70 0 1
51 70 0 1
52 70 0 1
53 70 0 1
54 70 0 1
47 71 0 1
48 71 0 1
49 71 0 1
50 71 0 1
51 71 0 1
52 71 0 1
53 71 0 1
50 72 0 1
14 71 0 1
11 72 0 1
12 72 0 1
13 72 0 1
14 72 0 1
15 72 0 1
16 72 0 1
17 72 0 1
10 73 0 2
11 73 0 2
12 73 0 2
13 73 0 2
14 73 0 2
15 73 0 2
16 73 0 2
17 73 0 2
18 73 0 2
9 74 0 2
10 74 0 2
11 74 0 2
12 74 0 2
13 74 0 2
14 74 0 2
15 74 0 2
16 74 0 2
17 74 0 2
18 74 0 2
19 74 0 2
8 75 0 2
9 75 0 2
10 75 0 2
11 75 0 2
12 75 0 2
13 75 0 2
14 75 0 2
15 75 0 2
16 75 0 2
17 75 0 2
18 75 0 2
19 75 0 2
20 75 0 2
8 76 0 2
9 76 0 2
10 76 0 2
11 76 0 2
12 76 0 2
13 76 0 2
14 76 0 2
15 76 0 2
16 76 0 2
17 76 0 2
18 76 0 2
19 76 0 2
20 76 0 2
8 77 0 2
9 77 0 2
10 77 0 2
11 77 0 2
12 77 0 2
13 77 0 2
14 77 0 2
15 77 0 2
16 77 0 2
17 77 0 2
18 77 0 2
19 77 0 2
20 77 0 2
7 78 0 2
8 78 0 2
9 78 0 2
10 78 0 2
11 78 0 2
12 78 0 2
13 78 0 2
14 78 0 2
15 78 0 2
16 78 0 2
17 78 0 2
18 78 0 2
19 78 0 2
20 78 0 2
21 78 0 2
8 79 0 2
9 79 0 2
10 79 0 2
11 79 0 2
12 79 0 2
13 79 0 2
14 79 0 2
15 79 0 2
16 79 0 2
17 79 0 2
18 79 0 2
19 79 0 2
20 79 0 2
8 80 0 1
9 80 0 2
10 80 0 2
11 80 0 2
12 80 0 2
13 80 0 2
14 80 0 2
15 80 0 2
16 80 0 2
17 80 0 2
18 80 0 2
19 80 0 2
20 80 0 2
8 81 0 1
9 81 0 1
10 81 0 2
11 81 0 2
12 81 0 2
13 81 0 2
14 81 0 2
15 81 0 2
16 81 0 2
17 81 0 1
18 81 0 1
19 81 0 1
20 81 0 1
9 82 0 1
10 82 0 1
11 82 0 2
12 82 0 2
13 82 0 2
14 82 0 2
15 82 0 2
16 82 0 2
17 82 0 2
18 82 0 1
19 82 0 1
10 83 0 1
11 83 0 1
12 83 0 2
13 83 0 2
14 83 0 2
15 83 0 2
16 83 0 2
17 83 0 2
18 83 0 1
11 84 0 1
12 84 0 2
13 84 0 2
14 84 0 2
15 84 0 2
16 84 0 2
17 84 0 2
14 85 0 2
12 51 0 1
9 52 0 1
10 52 0 1
11 52 0 1
12 52 0 1
13 52 0 1
14 52 0 1
15 52 0 1
8 53 0 1
9 53 0 1
10 53 0 1
11 53 0 1
12 53 0 1
13 53 0 1
14 53 0 1
15 53 0 1
16 53 0 1
7 54 0 1
8 54 0 1
9 54 0 1
10 54 0 1
11 54 0 1
12 54 0 1
13 54 0 1
14 54 0 1
15 54 0 1
16 54 0 1
17 54 0 1
6 55 0 1
7 55 0 1
8 55 0 1
9 55 0 1
10 55 0 1
11 55 0 1
12 55 0 1
13 55 0 1
14 55 0 1
15 55 0 1
16 55 0 1
17 55 0 1
18 55 0 1
6 56 0 1
7 56 0 1
8 56 0 1
9 56 0 1
10 56 0 1
11 56 0 1
12 56 0 1
13 56 0 1
14 56 0 1
15 56 0 1
16 56 0 1
17 56 0 1
18 56 0 1
6 57 0 1
7 57 0 1
8 57 0 1
9 57 0 1
10 57 0 1
11 57 0 1
12 57 0 1
13 57 0 1
14 57 0 1
15 57 0 1
16 57 0 1
17 57 0 1
18 57 0 1
5 58 0 1
6 58 0 1
7 58 0 1
8 58 0 1
9 58 0 1
10 58 0 1
11 58 0 1
12 58 0 1
13 58 0 1
14 58 0 1
15 58 0 1
16 58 0 1
17 58 0 1
18 58 0 1
19 58 0 1
6 59 0 1
7 59 0 1
8 59 0 1
9 59 0 1
10 59 0 1
11 59 0 1
12 59 0 1
13 59 0 1
14 59 0 1
15 59 0 1
16 59 0 1
17 59 0 1
18 59 0 1
6 60 0 1
7 60 0 1
8 60 0 1
9 60 0 1
10 60 0 1
11 60 0 1
12 60 0 1
13 60 0 1
14 60 0 1
15 60 0 1
16 60 0 1
17 60 0 1
18 60 0 1
6 61 0 1
7 61 0 1
8 61 0 1
9 61 0 1
10 61 0 1
11 61 0 1
12 61 0 1
13 61 0 1
14 61 0 1
15 61 0 1
16 61 0 1
17 61 0 1
18 61 0 1
7 62 0 1
8 62 0 1
9 62 0 1
10 62 0 1
11 62 0 1
12 62 0 1
13 62 0 1
14 62 0 1
15 62 0 1
16 62 0 1
17 62 0 1
8 63 0 1
9 63 0 1
10 63 0 1
11 63 0 1
12 63 0 1
13 63 0 1
14 63 0 1
15 63 0 1
16 63 0 1
9 64 0 1
10 64 0 1
11 64 0 1
12 64 0 1
13 64 0 1
14 64 0 1
15 64 0 1
12 65 0 1
27 8 0 1
24 9 0 1
25 9 0 1
26 9 0 1
27 9 0 1
28 9 0 1
29 9 0 1
30 9 0 1
23 10 0 1
24 10 0 1
25 10 0 1
26 10 0 1
27 10 0 1
28 10 0 1
29 10 0 1
30 10 0 1
31 10 0 1
22 11 0 1
23 11 0 1
24 11 0 1
25 11 0 1
26 11 0 1
27 11 0 1
28 11 0 1
29 11 0 1
30 11 0 1
31 11 0 1
32 11 0 1
21 12 0 1
22 12 0 1
23 12 0 1
24 12 0 1
25 12 0 1
26 12 0 1
27 12 0 1
28 12 0 1
29 12 0 1
30 12 0 1
31 12 0 1
32 12 0 1
33 12 0 1
21 13 0 1
22 13 0 1
23 13 0 1
24 13 0 1
25 13 0 1
26 13 0 1
27 13 0 1
28 13 0 1
29 13 0 1
30 13 0 1
31 13 0 1
32 13 0 1
33 13 0 1
21 14 0 1
22 14 0 1
23 14 0 1
24 14 0 1
25 14 0 1
26 14 0 1
27 14 0 1
28 14 0 1
29 14 0 1
30 14 0 1
31 14 0 1
32 14 0 1
33 14 0 1
20 15 0 1
21 15 0 1
22 15 0 1
23 15 0 1
24 15 0 1
25 15 0 1
26 15 0 1
27 15 0 1
28 15 0 1
29 15 0 1
30 15 0 1
31 15 0 1
32 15 0 1
33 15 0 1
34 15 0 1
21 16 0 1
22 16 0 1
23 16 0 1
24 16 0 1
25 16 0 1
26 16 0 1
27 16 0 1
28 16 0 1
29 16 0 1
30 16 0 1
31 16 0 1
32 16 0 1
33 16 0 1
21 17 0 1
22 17 0 1
23 17 0 1
24 17 0 1
25 17 0 1
26 17 0 1
27 17 0 1
28 17 0 1
29 17 0 1
30 17 0 1
31 17 0 1
32 17 0 1
33 17 0 1
21 18 0 1
22 18 0 1
23 18 0 1
24 18 0 1
25 18 0 1
26 18 0 1
27 18 0 1
28 18 0 1
29 18 0 1
30 18 0 1
31 18 0 1
32 18 0 1
33 18 0 1
22 19 0 1
23 19 0 1
24 19 0 1
25 19 0 1
26 19 0 1
27 19 0 1
28 19 0 1
29 19 0 1
30 19 0 1
31 19 0 1
32 19 0 1
23 20 0 1
24 20 0 1
25 20 0 1
26 20 0 1
27 20 0 1
28 20 0 1
29 20 0 1
30 20 0 1
31 20 0 1
24 21 0 1
25 21 0 1
26 21 0 1
27 21 0 1
28 21 0 1
29 21 0 1
30 21 0 1
27 22 0 1
103 48 0 1
100 49 0 1
101 49 0 1
102 49 0 1
103 49 0 1
104 49 0 1
105 49 0 1
106 49 0 1
99 50 0 1
100 50 0 1
101 50 0 1
102 50 0 1
103 50 0 1
104 50 0 1
105 50 0 1
106 50 0 1
107 50 0 1
98 51 0 1
99 51 0 1
100 51 0 1
101 51 0 1
102 51 0 1
103 51 0 1
104 51 0 1
105 51 0 1
106 51 0 1
107 51 0 1
108 51 0 1
97 52 0 1
98 52 0 1
99 52 0 1
100 52 0 1
101 52 0 1
102 52 0 1
103 52 0 1
104 52 0 1
105 52 0 1
106 52 0 1
107 52 0 1
108 52 0 1
109 52 0 1
97 53 0 1
98 53 0 1
99 53 0 1
100 53 0 1
101 53 0 1
102 53 0 1
103 53 0 1
104 53 0 1
105 53 0 1
106 53 0 1
107 53 0 1
108 53 0 1
109 53 0 1
97 54 0 1
98 54 0 1
99 54 0 1
100 54 0 1
101 54 0 1
102 54 0 1
103 54 0 1
104 54 0 1
105 54 0 1
106 54 0 1
107 54 0 1
108 54 0 1
109 54 0 1
96 55 0 1
97 55 0 1
98 55 0 1
99 55 0 1
100 55 0 1
101 55 0 1
102 55 0 1
103 55 0 1
104 55 0 1
105 55 0 1
106 55 0 1
107 55 0 1
108 55 0 1
109 55 0 1
110 55 0 1
97 56 0 1
98 56 0 1
99 56 0 1
100 56 0 1
101 56 0 1
102 56 0 1
103 56 0 1
104 56 0 1
105 56 0 1
106 56 0 1
107 56 0 1
108 56 0 1
109 56 0 1
97 57 0 1
98 57 0 1
99 57 0 1
100 57 0 1
101 57 0 1
102 57 0 1
103 57 0 1
104 57 0 1
105 57 0 1
106 57 0 1
107 57 0 1
108 57 0 1
109 57 0 1
97 58 0 1
98 58 0 1
99 58 0 1
100 58 0 1
101 58 0 1
102 58 0 1
103 58 0 1
104 58 0 1
105 58 0 1
106 58 0 1
107 58 0 1
108 58 0 1
109 58 0 1
98 59 0 1
99 59 0 1
100 59 0 1
101 59 0 1
102 59 0 1
103 59 0 1
104 59 0 1
105 59 0 1
106 59 0 1
107 59 0 1
108 59 0 1
99 60 0 1
100 60 0 1
101 60 0 1
102 60 0 1
103 60 0 1
104 60 0 1
105 60 0 1
106 60 0 1
107 60 0 1
100 61 0 1
101 61 0 1
102 61 0 1
103 61 0 1
104 61 0 1
105 61 0 1
106 61 0 1
103 62 0 1
222 89 0 1
219 90 0 1
220 90 0 1
221 90 0 1
222 90 0 1
223 90 0 1
224 90 0 1
225 90 0 1
218 91 0 1
219 91 0 1
220 91 0 1
221 91 0 1
222 91 0 1
223 91 0 1
224 91 0 1
225 91 0 1
226 91 0 1
217 92 0 1
218 92 0 1
219 92 0 1
220 92 0 1
221 92 0 1
222 92 0 1
223 92 0 1
224 92 0 1
225 92 0 1
226 92 0 1
227 92 0 1
216 93 0 1
217 93 0 1
218 93 0 1
219 93 0 1
220 93 0 1
221 93 0 1
222 93 0 1
223 93 0 1
224 93 0 1
225 93 0 1
226 93 0 1
227 93 0 1
228 93 0 1
216 94 0 1
217 94 0 1
218 94 0 1
219 94 0 1
220 94 0 1
221 94 0 1
222 94 0 1
223 94 0 1
224 94 0 1
225 94 0 1
226 94 0 1
227 94 0 1
228 94 0 1
216 95 0 1
217 95 0 1
218 95 0 1
219 95 0 1
220 95 0 1
221 95 0 1
222 95 0 1
223 95 0 1
224 95 0 1
225 95 0 1
226 95 0 1
227 95 0 1
228 95 0 1
215 96 0 1
216 96 0 1
217 96 0 1
218 96 0 1
219 96 0 1
220 96 0 1
221 96 0 1
222 96 0 1
223 96 0 1
224 96 0 1
225 96 0 1
226 96 0 1
227 96 0 1
228 96 0 1
229 96 0 1
216 97 0 1
217 97 0 1
218 97 0 1
219 97 0 1
220 97 0 1
221 97 0 1
222 97 0 1
223 97 0 1
224 97 0 1
225 97 0 1
226 97 0 1
227 97 0 1
228 97 0 1
216 98 0 1
217 98 0 1
218 98 0 1
219 98 0 1
220 98 0 1
221 98 0 1
222 98 0 1
223 98 0 1
224 98 0 1
225 98 0 1
226 98 0 1
227 98 0 1
228 98 0 1
216 99 0 1
217 99 0 1
218 99 0 1
219 99 0 1
220 99 0 1
221 99 0 1
222 99 0 1
223 99 0 1
224 99 0 1
225 99 0 1
226 99 0 1
227 99 0 1
228 99 0 1
217 100 0 1
218 100 0 1
219 100 0 1
220 100 0 1
221 100 0 1
222 100 0 1
223 100 0 1
224 100 0 1
225 100 0 1
226 100 0 1
227 100 0 1
218 101 0 1
219 101 0 1
220 101 0 1
221 101 0 1
222 101 0 1
223 101 0 1
224 101 0 1
225 101 0 1
226 101 0 1
219 102 0 1
220 102 0 1
221 102 0 1
222 102 0 1
223 102 0 1
224 102 0 1
225 102 0 1
222 103 0 1
166 88 0 1
163 89 0 1
164 89 0 1
165 89 0 1
166 89 0 1
167 89 0 1
168 89 0 1
169 89 0 1
162 90 0 1
163 90 0 1
164 90 0 1
165 90 0 1
166 90 0 1
167 90 0 1
168 90 0 1
169 90 0 1
170 90 0 1
161 91 0 1
162 91 0 1
163 91 0 1
164 91 0 1
165 91 0 1
166 91 0 1
167 91 0 1
168 91 0 1
169 91 0 1
170 91 0 2
171 91 0 2
160 92 0 1
161 92 0 1
162 92 0 1
163 92 0 1
164 92 0 1
165 92 0 1
166 92 0 1
167 92 0 1
168 92 0 1
169 92 0 1
170 92 0 2
171 92 0 2
172 92 0 2
160 93 0 1
161 93 0 1
162 93 0 1
163 93 0 1
164 93 0 2
165 93 0 2
166 93 0 2
167 93 0 2
168 93 0 2
169 93 0 2
170 93 0 2
171 93 0 2
172 93 0 2
160 94 0 1
161 94 0 2
162 94 0 2
163 94 0 2
164 94 0 2
165 94 0 2
166 94 0 2
167 94 0 2
168 94 0 2
169 94 0 2
170 94 0 2
171 94 0 2
172 94 0 2
159 95 0 2
160 95 0 2
161 95 0 2
162 95 0 2
163 95 0 2
164 95 0 2
165 95 0 2
166 95 0 2
167 95 0 2
168 95 0 2
169 95 0 2
170 95 0 2
171 95 0 2
172 95 0 2
173 95 0 2
160 96 0 2
161 96 0 2
162 96 0 2
163 96 0 2
164 96 0 2
165 96 0 2
166 96 0 2
167 96 0 2
168 96 0 2
169 96 0 2
170 96 0 2
171 96 0 2
172 96 0 2
160 97 0 2
161 97 0 2
162 97 0 2
163 97 0 2
164 97 0 2
165 97 0 2
166 97 0 2
167 97 0 2
168 97 0 2
169 97 0 2
170 97 0 2
171 97 0 2
172 97 0 1
160 98 0 2
161 98 0 2
162 98 0 2
163 98 0 2
164 98 0 2
165 98 0 2
166 98 0 2
167 98 0 2
168 98 0 2
169 98 0 2
170 98 0 2
171 98 0 1
172 98 0 1
161 99 0 2
162 99 0 2
163 99 0 2
164 99 0 2
165 99 0 2
166 99 0 2
167 99 0 2
168 99 0 2
169 99 0 2
170 99 0 2
171 99 0 1
162 100 0 2
163 100 0 2
164 100 0 2
165 100 0 2
166 100 0 2
167 100 0 1
168 100 0 1
169 100 0 1
170 100 0 1
163 101 0 1
164 101 0 1
165 101 0 1
166 101 0 1
167 101 0 1
168 101 0 1
169 101 0 1
166 102 0 1
129 99 0 1
126 100 0 1
127 100 0 1
128 100 0 1
129 100 0 1
130 100 0 1
131 100 0 1
132 100 0 1
125 101 0 1
126 101 0 1
127 101 0 1
128 101 0 1
129 101 0 1
130 101 0 1
131 101 0 1
132 101 0 1
133 101 0 1
124 102 0 1
125 102 0 1
126 102 0 1
127 102 0 1
128 102 0 1
129 102 0 1
130 102 0 1
131 102 0 1
132 102 0 1
133 102 0 1
134 102 0 1
123 103 0 1
124 103 0 1
125 103 0 1
126 103 0 1
127 103 0 1
128 103 0 1
129 103 0 1
130 103 0 1
131 103 0 1
132 103 0 1
133 103 0 1
134 103 0 1
135 103 0 1
123 104 0 1
124 104 0 1
125 104 0 1
126 104 0 1
127 104 0 1
128 104 0 1
129 104 0 1
130 104 0 1
131 104 0 1
132 104 0 1
133 104 0 1
134 104 0 1
135 104 0 1
123 105 0 1
124 105 0 1
125 105 0 1
126 105 0 1
127 105 0 1
128 105 0 1
129 105 0 1
130 105 0 1
131 105 0 1
132 105 0 1
133 105 0 1
134 105 0 1
135 105 0 1
122 106 0 1
123 106 0 1
124 106 0 1
125 106 0 1
126 106 0 1
127 106 0 1
128 106 0 1
129 106 0 1
130 106 0 1
131 106 0 1
132 106 0 1
133 106 0 1
134 106 0 1
135 106 0 1
136 106 0 1
123 107 0 1
124 107 0 1
125 107 0 1
126 107 0 1
127 107 0 1
128 107 0 1
129 107 0 1
130 107 0 1
131 107 0 1
132 107 0 1
133 107 0 1
134 107 0 1
135 107 0 1
123 108 0 1
124 108 0 1
125 108 0 1
126 108 0 1
127 108 0 1
128 108 0 1
129 108 0 1
130 108 0 1
131 108 0 1
132 108 0 1
133 108 0 1
134 108 0 1
135 108 0 1
123 109 0 1
124 109 0 1
125 109 0 1
126 109 0 1
127 109 0 1
128 109 0 1
129 109 0 1
130 109 0 1
131 109 0 1
132 109 0 1
133 109 0 1
134 109 0 1
135 109 0 1
124 110 0 1
125 110 0 1
126 110 0 1
127 110 0 1
128 110 0 1
129 110 0 1
130 110 0 1
131 110 0 1
132 110 0 1
133 110 0 1
134 110 0 1
125 111 0 1
126 111 0 1
127 111 0 1
128 111 0 1
129 111 0 1
130 111 0 1
131 111 0 1
132 111 0 1
133 111 0 1
126 112 0 1
127 112 0 1
128 112 0 1
129 112 0 1
130 112 0 1
131 112 0 1
132 112 0 1
129 113 0 1
109 108 0 1
106 109 0 2
107 109 0 2
108 109 0 2
109 109 0 1
110 109 0 1
111 109 0 1
112 109 0 1
105 110 0 2
106 110 0 2
107 110 0 2
108 110 0 2
109 110 0 2
110 110 0 2
111 110 0 1
112 110 0 1
113 110 0 1
104 111 0 2
105 111 0 2
106 111 0 2
107 111 0 2
108 111 0 2
109 111 0 2
110 111 0 2
111 111 0 2
112 111 0 1
113 111 0 1
114 111 0 1
103 112 0 2
104 112 0 2
105 112 0 2
106 112 0 2
107 112 0 2
108 112 0 2
109 112 0 2
110 112 0 2
111 112 0 2
112 112 0 2
113 112 0 1
114 112 0 1
115 112 0 1
103 113 0 2
104 113 0 2
105 113 0 2
106 113 0 2
107 113 0 2
108 113 0 2
109 113 0 2
110 113 0 2
111 113 0 2
112 113 0 2
113 113 0 2
114 113 0 1
115 113 0 1
103 114 0 2
104 114 0 2
105 114 0 2
106 114 0 2
107 114 0 2
108 114 0 2
109 114 0 2
110 114 0 2
111 114 0 2
112 114 0 2
113 114 0 2
114 114 0 2
115 114 0 1
102 115 0 1
103 115 0 1
104 115 0 2
105 115 0 2
106 115 0 2
107 115 0 2
108 115 0 2
109 115 0 2
110 115 0 2
111 115 0 2
112 115 0 2
113 115 0 2
114 115 0 2
115 115 0 2
116 115 0 1
103 116 0 1
104 116 0 1
105 116 0 1
106 116 0 1
107 116 0 1
108 116 0 2
109 116 0 2
110 116 0 2
111 116 0 2
112 116 0 2
113 116 0 2
114 116 0 2
115 116 0 2
103 117 0 1
104 117 0 1
105 117 0 1
106 117 0 1
107 117 0 1
108 117 0 1
109 117 0 2
110 117 0 2
111 117 0 2
112 117 0 2
113 117 0 2
114 117 0 2
115 117 0 2
103 118 0 1
104 118 0 1
105 118 0 1
106 118 0 1
107 118 0 1
108 118 0 1
109 118 0 1
110 118 0 1
111 118 0 2
112 118 0 2
113 118 0 2
114 118 0 2
115 118 0 2
104 119 0 1
105 119 0 1
106 119 0 1
107 119 0 1
108 119 0 1
109 119 0 1
110 119 0 1
111 119 0 1
112 119 0 2
113 119 0 2
114 119 0 2
105 120 0 1
106 120 0 1
107 120 0 1
108 120 0 1
109 120 0 1
110 120 0 1
111 120 0 1
112 120 0 1
113 120 0 1
106 121 0 1
107 121 0 1
108 121 0 1
109 121 0 1
110 121 0 1
111 121 0 1
112 121 0 1
109 122 0 1
70 112 0 1
67 113 0 1
68 113 0 1
69 113 0 1
70 113 0 1
71 113 0 2
72 113 0 2
73 113 0 2
66 114 0 2
67 114 0 2
68 114 0 2
69 114 0 2
70 114 0 2
71 114 0 2
72 114 0 2
73 114 0 2
74 114 0 2
65 115 0 2
66 115 0 2
67 115 0 2
68 115 0 2
69 115 0 2
70 115 0 2
71 115 0 2
72 115 0 2
73 115 0 2
74 115 0 2
75 115 0 2
64 116 0 2
65 116 0 2
66 116 0 2
67 116 0 2
68 116 0 2
69 116 0 2
70 116 0 2
71 116 0 2
72 116 0 2
73 116 0 2
74 116 0 2
75 116 0 2
76 116 0 2
64 117 0 2
65 117 0 2
66 117 0 2
67 117 0 2
68 117 0 2
69 117 0 2
70 117 0 2
71 117 0 2
72 117 0 2
73 117 0 2
74 117 0 2
75 117 0 2
76 117 0 2
64 118 0 2
65 118 0 2
66 118 0 2
67 118 0 2
68 118 0 2
69 118 0 2
70 118 0 2
71 118 0 2
72 118 0 2
73 118 0 2
74 118 0 2
75 118 0 2
76 118 0 2
63 119 0 2
64 119 0 2
65 119 0 2
66 119 0 2
67 119 0 2
68 119 0 2
69 119 0 2
70 119 0 2
71 119 0 2
72 119 0 2
73 119 0 2
74 119 0 2
75 119 0 2
76 119 0 2
77 119 0 2
64 120 0 2
65 120 0 2
66 120 0 2
67 120 0 2
68 120 0 2
69 120 0 2
70 120 0 2
71 120 0 2
72 120 0 2
73 120 0 2
74 120 0 2
75 120 0 2
76 120 0 2
64 121 0 2
65 121 0 2
66 121 0 2
67 121 0 2
68 121 0 2
69 121 0 2
70 121 0 2
71 121 0 2
72 121 0 2
73 121 0 1
74 121 0 1
75 121 0 1
76 121 0 1
64 122 0 1
65 122 0 1
66 122 0 1
67 122 0 1
68 122 0 1
69 122 0 1
70 122 0 1
71 122 0 1
72 122 0 1
73 122 0 1
74 122 0 1
75 122 0 1
76 122 0 1
65 123 0 1
66 123 0 1
67 123 0 1
68 123 0 1
69 123 0 1
70 123 0 1
71 123 0 1
72 123 0 1
73 123 0 1
74 123 0 1
75 123 0 1
66 124 0 1
67 124 0 1
68 124 0 1
69 124 0 1
70 124 0 1
71 124 0 1
72 124 0 1
73 124 0 1
74 124 0 1
67 125 0 1
68 125 0 1
69 125 0 1
70 125 0 1
71 125 0 1
72 125 0 1
73 125 0 1
70 126 0 1
20 102 0 1
17 103 0 1
18 103 0 1
19 103 0 1
20 103 0 1
21 103 0 1
22 103 0 1
23 103 0 1
16 104 0 1
17 104 0 1
18 104 0 1
19 104 0 1
20 104 0 1
21 104 0 1
22 104 0 1
23 104 0 1
24 104 0 1
15 105 0 1
16 105 0 1
17 105 0 1
18 105 0 1
19 105 0 1
20 105 0 1
21 105 0 1
22 105 0 1
23 105 0 1
24 105 0 1
25 105 0 1
14 106 0 1
15 106 0 1
16 106 0 1
17 106 0 1
18 106 0 1
19 106 0 1
20 106 0 1
21 106 0 1
22 106 0 1
23 106 0 1
24 106 0 1
25 106 0 1
26 106 0 1
14 107 0 1
15 107 0 1
16 107 0 1
17 107 0 1
18 107 0 1
19 107 0 1
20 107 0 1
21 107 0 1
22 107 0 1
23 107 0 1
24 107 0 1
25 107 0 1
26 107 0 1
14 108 0 1
15 108 0 1
16 108 0 1
17 108 0 1
18 108 0 1
19 108 0 1
20 108 0 1
21 108 0 1
22 108 0 1
23 108 0 1
24 108 0 1
25 108 0 1
26 108 0 1
13 109 0 1
14 109 0 1
15 109 0 1
16 109 0 1
17 109 0 1
18 109 0 1
19 109 0 1
20 109 0 1
21 109 0 1
22 109 0 1
23 109 0 1
24 109 0 1
25 109 0 1
26 109 0 1
27 109 0 1
14 110 0 1
15 110 0 1
16 110 0 1
17 110 0 1
18 110 0 1
19 110 0 1
20 110 0 1
21 110 0 1
22 110 0 1
23 110 0 1
24 110 0 1
25 110 0 1
26 110 0 1
14 111 0 1
15 111 0 1
16 111 0 1
17 111 0 1
18 111 0 1
19 111 0 1
20 111 0 1
21 111 0 1
22 111 0 1
23 111 0 1
24 111 0 1
25 111 0 1
26 111 0 1
14 112 0 1
15 112 0 1
16 112 0 1
17 112 0 1
18 112 0 1
19 112 0 1
20 112 0 1
21 112 0 1
22 112 0 1
23 112 0 1
24 112 0 1
25 112 0 1
26 112 0 1
15 113 0 1
16 113 0 1
17 113 0 1
18 113 0 1
19 113 0 1
20 113 0 1
21 113 0 1
22 113 0 1
23 113 0 1
24 113 0 1
25 113 0 1
16 114 0 1
17 114 0 1
18 114 0 1
19 114 0 1
20 114 0 1
21 114 0 1
22 114 0 1
23 114 0 1
24 114 0 1
17 115 0 1
18 115 0 1
19 115 0 1
20 115 0 1
21 115 0 1
22 115 0 1
23 115 0 1
20 116 0 1
19 137 0 1
16 138 0 1
17 138 0 1
18 138 0 1
19 138 0 1
20 138 0 1
21 138 0 1
22 138 0 1
15 139 0 1
16 139 0 1
17 139 0 1
18 139 0 1
19 139 0 1
20 139 0 1
21 139 0 1
22 139 0 1
23 139 0 1
14 140 0 1
15 140 0 1
16 140 0 1
17 140 0 1
18 140 0 1
19 140 0 1
20 140 0 1
21 140 0 1
22 140 0 1
23 140 0 1
24 140 0 1
13 141 0 1
14 141 0 1
15 141 0 1
16 141 0 1
17 141 0 1
18 141 0 1
19 141 0 1
20 141 0 1
21 141 0 1
22 141 0 1
23 141 0 1
24 141 0 1
25 141 0 1
13 142 0 1
14 142 0 1
15 142 0 1
16 142 0 1
17 142 0 1
18 142 0 1
19 142 0 1
20 142 0 1
21 142 0 1
22 142 0 1
23 142 0 1
24 142 0 1
25 142 0 1
13 143 0 1
14 143 0 1
15 143 0 1
16 143 0 1
17 143 0 1
18 143 0 1
19 143 0 1
20 143 0 1
21 143 0 1
22 143 0 1
23 143 0 1
24 143 0 1
25 143 0 1
12 144 0 1
13 144 0 1
14 144 0 1
15 144 0 1
16 144 0 1
17 144 0 1
18 144 0 1
19 144 0 1
20 144 0 1
21 144 0 1
22 144 0 1
23 144 0 1
24 144 0 1
25 144 0 1
26 144 0 1
13 145 0 1
14 145 0 1
15 145 0 1
16 145 0 1
17 145 0 1
18 145 0 1
19 145 0 1
20 145 0 1
21 145 0 1
22 145 0 1
23 145 0 1
24 145 0 1
25 145 0 1
13 146 0 1
14 146 0 1
15 146 0 1
16 146 0 1
17 146 0 1
18 146 0 1
19 146 0 1
20 146 0 1
21 146 0 1
22 146 0 1
23 146 0 1
24 146 0 1
25 146 0 1
13 147 0 1
14 147 0 1
15 147 0 1
16 147 0 1
17 147 0 1
18 147 0 1
19 147 0 1
20 147 0 1
21 147 0 1
22 147 0 1
23 147 0 1
24 147 0 1
25 147 0 1
14 148 0 1
15 148 0 1
16 148 0 1
17 148 0 1
18 148 0 1
19 148 0 1
20 148 0 1
21 148 0 1
22 148 0 1
23 148 0 1
24 148 0 1
15 149 0 1
16 149 0 1
17 149 0 1
18 149 0 1
19 149 0 1
20 149 0 1
21 149 0 1
22 149 0 1
23 149 0 1
16 150 0 1
17 150 0 1
18 150 0 1
19 150 0 1
20 150 0 1
21 150 0 1
22 150 0 1
19 151 0 1
47 152 0 1
44 153 0 1
45 153 0 1
46 153 0 1
47 153 0 1
48 153 0 1
49 153 0 1
50 153 0 1
43 154 0 1
44 154 0 1
45 154 0 1
46 154 0 1
47 154 0 1
48 154 0 1
49 154 0 2
50 154 0 2
51 154 0 2
42 155 0 1
43 155 0 1
44 155 0 1
45 155 0 1
46 155 0 1
47 155 0 1
48 155 0 1
49 155 0 2
50 155 0 2
51 155 0 2
52 155 0 2
41 156 0 2
42 156 0 2
43 156 0 2
44 156 0 2
45 156 0 2
46 156 0 2
47 156 0 2
48 156 0 2
49 156 0 2
50 156 0 2
51 156 0 2
52 156 0 2
53 156 0 2
41 157 0 2
42 157 0 2
43 157 0 2
44 157 0 2
45 157 0 2
46 157 0 2
47 157 0 2
48 157 0 2
49 157 0 2
50 157 0 2
51 157 0 2
52 157 0 2
53 157 0 2
41 158 0 2
42 158 0 2
43 158 0 2
44 158 0 2
45 158 0 2
46 158 0 2
47 158 0 2
48 158 0 2
49 158 0 2
50 158 0 2
51 158 0 2
52 158 0 2
53 158 0 2
40 159 0 2
41 159 0 2
42 159 0 2
43 159 0 2
44 159 0 2
45 159 0 2
46 159 0 2
47 159 0 2
48 159 0 2
49 159 0 2
50 159 0 2
51 159 0 2
52 159 0 2
53 159 0 2
54 159 0 2
41 160 0 2
42 160 0 2
43 160 0 2
44 160 0 2
45 160 0 2
46 160 0 2
47 160 0 2
48 160 0 2
49 160 0 2
50 160 0 2
51 160 0 2
52 160 0 2
53 160 0 2
41 161 0 2
42 161 0 2
43 161 0 2
44 161 0 2
45 161 0 2
46 161 0 2
47 161 0 2
48 161 0 2
49 161 0 2
50 161 0 1
51 161 0 1
52 161 0 1
53 161 0 1
41 162 0 2
42 162 0 2
43 162 0 2
44 162 0 2
45 162 0 2
46 162 0 2
47 162 0 2
48 162 0 2
49 162 0 1
50 162 0 1
51 162 0 1
52 162 0 1
53 162 0 1
42 163 0 2
43 163 0 2
44 163 0 2
45 163 0 2
46 163 0 2
47 163 0 2
48 163 0 1
49 163 0 1
50 163 0 1
51 163 0 1
52 163 0 1
43 164 0 1
44 164 0 1
45 164 0 1
46 164 0 1
47 164 0 1
48 164 0 1
49 164 0 1
50 164 0 1
51 164 0 1
44 165 0 1
45 165 0 1
46 165 0 1
47 165 0 1
48 165 0 1
49 165 0 1
50 165 0 1
47 166 0 1
31 172 0 1
28 173 0 1
29 173 0 1
30 173 0 1
31 173 0 1
32 173 0 1
33 173 0 1
34 173 0 1
27 174 0 1
28 174 0 1
29 174 0 1
30 174 0 1
31 174 0 1
32 174 0 1
33 174 0 1
34 174 0 1
35 174 0 1
26 175 0 1
27 175 0 1
28 175 0 1
29 175 0 1
30 175 0 1
31 175 0 1
32 175 0 1
33 175 0 1
34 175 0 1
35 175 0 1
36 175 0 1
25 176 0 1
26 176 0 1
27 176 0 1
28 176 0 1
29 176 0 1
30 176 0 1
31 176 0 1
32 176 0 1
33 176 0 1
34 176 0 1
35 176 0 1
36 176 0 1
37 176 0 1
25 177 0 1
26 177 0 1
27 177 0 1
28 177 0 1
29 177 0 1
30 177 0 1
31 177 0 1
32 177 0 1
33 177 0 1
34 177 0 1
35 177 0 1
36 177 0 1
37 177 0 1
25 178 0 1
26 178 0 1
27 178 0 1
28 178 0 1
29 178 0 1
30 178 0 1
31 178 0 1
32 178 0 1
33 178 0 1
34 178 0 1
35 178 0 1
36 178 0 1
37 178 0 1
24 179 0 1
25 179 0 1
26 179 0 1
27 179 0 1
28 179 0 1
29 179 0 1
30 179 0 1
31 179 0 1
32 179 0 1
33 179 0 1
34 179 0 1
35 179 0 1
36 179 0 1
37 179 0 1
38 179 0 1
25 180 0 1
26 180 0 1
27 180 0 1
28 180 0 1
29 180 0 1
30 180 0 1
31 180 0 1
32 180 0 1
33 180 0 1
34 180 0 1
35 180 0 1
36 180 0 1
37 180 0 1
25 181 0 1
26 181 0 1
27 181 0 1
28 181 0 1
29 181 0 1
30 181 0 1
31 181 0 1
32 181 0 1
33 181 0 1
34 181 0 1
35 181 0 1
36 181 0 1
37 181 0 1
25 182 0 1
26 182 0 1
27 182 0 1
28 182 0 1
29 182 0 1
30 182 0 1
31 182 0 1
32 182 0 1
33 182 0 1
34 182 0 1
35 182 0 1
36 182 0 1
37 182 0 1
26 183 0 1
27 183 0 1
28 183 0 1
29 183 0 1
30 183 0 1
31 183 0 1
32 183 0 1
33 183 0 1
34 183 0 1
35 183 0 1
36 183 0 1
27 184 0 1
28 184 0 1
29 184 0 1
30 184 0 1
31 184 0 1
32 184 0 1
33 184 0 1
34 184 0 1
35 184 0 1
28 185 0 1
29 185 0 1
30 185 0 1
31 185 0 1
32 185 0 1
33 185 0 1
34 185 0 1
31 186 0 1
65 178 0 1
62 179 0 1
63 179 0 1
64 179 0 1
65 179 0 2
66 179 0 2
67 179 0 2
68 179 0 2
61 180 0 1
62 180 0 1
63 180 0 1
64 180 0 2
65 180 0 2
66 180 0 2
67 180 0 2
68 180 0 2
69 180 0 2
60 181 0 1
61 181 0 1
62 181 0 2
63 181 0 2
64 181 0 2
65 181 0 2
66 181 0 2
67 181 0 2
68 181 0 2
69 181 0 2
70 181 0 2
59 182 0 1
60 182 0 1
61 182 0 1
62 182 0 2
63 182 0 2
64 182 0 2
65 182 0 2
66 182 0 2
67 182 0 2
68 182 0 2
69 182 0 2
70 182 0 2
71 182 0 2
59 183 0 1
60 183 0 1
61 183 0 2
62 183 0 2
63 183 0 2
64 183 0 2
65 183 0 2
66 183 0 2
67 183 0 2
68 183 0 2
69 183 0 2
70 183 0 1
71 183 0 1
59 184 0 1
60 184 0 1
61 184 0 2
62 184 0 2
63 184 0 2
64 184 0 2
65 184 0 2
66 184 0 2
67 184 0 2
68 184 0 2
69 184 0 1
70 184 0 1
71 184 0 1
58 185 0 1
59 185 0 1
60 185 0 2
61 185 0 2
62 185 0 2
63 185 0 2
64 185 0 2
65 185 0 2
66 185 0 2
67 185 0 2
68 185 0 1
69 185 0 1
70 185 0 1
71 185 0 1
72 185 0 1
59 186 0 1
60 186 0 2
61 186 0 2
62 186 0 2
63 186 0 2
64 186 0 2
65 186 0 2
66 186 0 2
67 186 0 2
68 186 0 1
69 186 0 1
70 186 0 1
71 186 0 1
59 187 0 2
60 187 0 2
61 187 0 2
62 187 0 2
63 187 0 2
64 187 0 2
65 187 0 2
66 187 0 1
67 187 0 1
68 187 0 1
69 187 0 1
70 187 0 1
71 187 0 1
59 188 0 2
60 188 0 2
61 188 0 2
62 188 0 2
63 188 0 2
64 188 0 2
65 188 0 2
66 188 0 1
67 188 0 1
68 188 0 1
69 188 0 1
70 188 0 1
71 188 0 1
60 189 0 2
61 189 0 2
62 189 0 2
63 189 0 2
64 189 0 2
65 189 0 1
66 189 0 1
67 189 0 1
68 189 0 1
69 189 0 1
70 189 0 1
61 190 0 2
62 190 0 2
63 190 0 2
64 190 0 1
65 190 0 1
66 190 0 1
67 190 0 1
68 190 0 1
69 190 0 1
62 191 0 2
63 191 0 1
64 191 0 1
65 191 0 1
66 191 0 1
67 191 0 1
68 191 0 1
65 192 0 1
164 160 0 1
161 161 0 1
162 161 0 1
163 161 0 1
164 161 0 1
165 161 0 1
166 161 0 1
167 161 0 1
160 162 0 1
161 162 0 1
162 162 0 1
163 162 0 1
164 162 0 1
165 162 0 1
166 162 0 1
167 162 0 1
168 162 0 1
159 163 0 1
160 163 0 1
161 163 0 1
162 163 0 1
163 163 0 1
164 163 0 1
165 163 0 1
166 163 0 1
167 163 0 1
168 163 0 1
169 163 0 1
158 164 0 1
159 164 0 1
160 164 0 1
161 164 0 1
162 164 0 1
163 164 0 1
164 164 0 1
165 164 0 1
166 164 0 1
167 164 0 1
168 164 0 1
169 164 0 1
170 164 0 1
158 165 0 1
159 165 0 1
160 165 0 1
161 165 0 1
162 165 0 1
163 165 0 1
164 165 0 1
165 165 0 1
166 165 0 1
167 165 0 1
168 165 0 1
169 165 0 1
170 165 0 1
158 166 0 1
159 166 0 1
160 166 0 1
161 166 0 1
162 166 0 1
163 166 0 1
164 166 0 1
165 166 0 1
166 166 0 1
167 166 0 1
168 166 0 1
169 166 0 1
170 166 0 1
157 167 0 1
158 167 0 1
159 167 0 1
160 167 0 1
161 167 0 1
162 167 0 1
163 167 0 1
164 167 0 1
165 167 0 1
166 167 0 1
167 167 0 1
168 167 0 1
169 167 0 1
170 167 0 1
171 167 0 1
158 168 0 1
159 168 0 1
160 168 0 1
161 168 0 1
162 168 0 1
163 168 0 1
164 168 0 1
165 168 0 1
166 168 0 1
167 168 0 1
168 168 0 1
169 168 0 1
170 168 0 1
158 169 0 1
159 169 0 1
160 169 0 1
161 169 0 1
162 169 0 1
163 169 0 1
164 169 0 1
165 169 0 1
166 169 0 1
167 169 0 1
168 169 0 1
169 169 0 1
170 169 0 1
158 170 0 1
159 170 0 1
160 170 0 1
161 170 0 1
162 170 0 1
163 170 0 1
164 170 0 1
165 170 0 1
166 170 0 1
167 170 0 1
168 170 0 1
169 170 0 1
170 170 0 1
159 171 0 1
160 171 0 1
161 171 0 1
162 171 0 1
163 171 0 1
164 171 0 1
165 171 0 1
166 171 0 1
167 171 0 1
168 171 0 1
169 171 0 1
160 172 0 1
161 172 0 1
162 172 0 1
163 172 0 1
164 172 0 1
165 172 0 1
166 172 0 1
167 172 0 1
168 172 0 1
161 173 0 1
162 173 0 1
163 173 0 1
164 173 0 1
165 173 0 1
166 173 0 1
167 173 0 1
164 174 0 1
180 181 0 1
177 182 0 2
178 182 0 2
179 182 0 2
180 182 0 1
181 182 0 1
182 182 0 1
183 182 0 1
176 183 0 2
177 183 0 2
178 183 0 2
179 183 0 2
180 183 0 2
181 183 0 2
182 183 0 1
183 183 0 1
184 183 0 1
175 184 0 2
176 184 0 2
177 184 0 2
178 184 0 2
179 184 0 2
180 184 0 2
181 184 0 2
182 184 0 2
183 184 0 2
184 184 0 2
185 184 0 1
174 185 0 2
175 185 0 2
176 185 0 2
177 185 0 2
178 185 0 2
179 185 0 2
180 185 0 2
181 185 0 2
182 185 0 2
183 185 0 2
184 185 0 2
185 185 0 2
186 185 0 2
174 186 0 2
175 186 0 2
176 186 0 2
177 186 0 2
178 186 0 2
179 186 0 2
180 186 0 2
181 186 0 2
182 186 0 2
183 186 0 2
184 186 0 2
185 186 0 2
186 186 0 2
174 187 0 1
175 187 0 2
176 187 0 2
177 187 0 2
178 187 0 2
179 187 0 2
180 187 0 2
181 187 0 2
182 187 0 2
183 187 0 2
184 187 0 2
185 187 0 2
186 187 0 2
173 188 0 1
174 188 0 1
175 188 0 2
176 188 0 2
177 188 0 2
178 188 0 2
179 188 0 2
180 188 0 2
181 188 0 2
182 188 0 2
183 188 0 2
184 188 0 2
185 188 0 2
186 188 0 2
187 188 0 2
174 189 0 1
175 189 0 1
176 189 0 1
177 189 0 2
178 189 0 2
179 189 0 2
180 189 0 2
181 189 0 2
182 189 0 2
183 189 0 2
184 189 0 2
185 189 0 2
186 189 0 2
174 190 0 1
175 190 0 1
176 190 0 1
177 190 0 1
178 190 0 1
179 190 0 1
180 190 0 2
181 190 0 2
182 190 0 2
183 190 0 2
184 190 0 2
185 190 0 2
186 190 0 2
174 191 0 1
175 191 0 1
176 191 0 1
177 191 0 1
178 191 0 1
179 191 0 1
180 191 0 1
181 191 0 1
182 191 0 1
183 191 0 2
184 191 0 2
185 191 0 2
186 191 0 2
175 192 0 1
176 192 0 1
177 192 0 1
178 192 0 1
179 192 0 1
180 192 0 1
181 192 0 1
182 192 0 1
183 192 0 1
184 192 0 1
185 192 0 2
176 193 0 1
177 193 0 1
178 193 0 1
179 193 0 1
180 193 0 1
181 193 0 1
182 193 0 1
183 193 0 1
184 193 0 1
177 194 0 1
178 194 0 1
179 194 0 1
180 194 0 1
181 194 0 1
182 194 0 1
183 194 0 1
180 195 0 1
208 130 0 1
205 131 0 1
206 131 0 1
207 131 0 1
208 131 0 1
209 131 0 1
210 131 0 1
211 131 0 1
204 132 0 1
205 132 0 1
206 132 0 1
207 132 0 1
208 132 0 1
209 132 0 1
210 132 0 1
211 132 0 1
212 132 0 1
203 133 0 1
204 133 0 1
205 133 0 1
206 133 0 1
207 133 0 1
208 133 0 1
209 133 0 1
210 133 0 1
211 133 0 1
212 133 0 1
213 133 0 1
202 134 0 1
203 134 0 1
204 134 0 1
205 134 0 1
206 134 0 1
207 134 0 1
208 134 0 1
209 134 0 1
210 134 0 1
211 134 0 1
212 134 0 1
213 134 0 1
214 134 0 1
202 135 0 1
203 135 0 1
204 135 0 1
205 135 0 1
206 135 0 1
207 135 0 1
208 135 0 1
209 135 0 1
210 135 0 1
211 135 0 1
212 135 0 1
213 135 0 1
214 135 0 1
202 136 0 1
203 136 0 1
204 136 0 1
205 136 0 1
206 136 0 1
207 136 0 1
208 136 0 1
209 136 0 1
210 136 0 1
211 136 0 1
212 136 0 1
213 136 0 1
214 136 0 1
201 137 0 1
202 137 0 1
203 137 0 1
204 137 0 1
205 137 0 1
206 137 0 1
207 137 0 1
208 137 0 1
209 137 0 1
210 137 0 1
211 137 0 1
212 137 0 1
213 137 0 1
214 137 0 1
215 137 0 1
202 138 0 1
203 138 0 1
204 138 0 1
205 138 0 1
206 138 0 1
207 138 0 1
208 138 0 1
209 138 0 1
210 138 0 1
211 138 0 1
212 138 0 1
213 138 0 1
214 138 0 1
202 139 0 1
203 139 0 1
204 139 0 1
205 139 0 1
206 139 0 1
207 139 0 1
208 139 0 1
209 139 0 1
210 139 0 1
211 139 0 1
212 139 0 1
213 139 0 1
214 139 0 1
202 140 0 1
203 140 0 1
204 140 0 1
205 140 0 1
206 140 0 1
207 140 0 1
208 140 0 1
209 140 0 1
210 140 0 1
211 140 0 1
212 140 0 1
213 140 0 1
214 140 0 1
203 141 0 1
204 141 0 1
205 141 0 1
206 141 0 1
207 141 0 1
208 141 0 1
209 141 0 1
210 141 0 1
211 141 0 1
212 141 0 1
213 141 0 1
204 142 0 1
205 142 0 1
206 142 0 1
207 142 0 1
208 142 0 1
209 142 0 1
210 142 0 1
211 142 0 1
212 142 0 1
205 143 0 1
206 143 0 1
207 143 0 1
208 143 0 1
209 143 0 1
210 143 0 1
211 143 0 1
208 144 0 1
172 131 0 1
169 132 0 1
170 132 0 1
171 132 0 1
172 132 0 1
173 132 0 1
174 132 0 1
175 132 0 1
168 133 0 1
169 133 0 1
170 133 0 1
171 133 0 1
172 133 0 1
173 133 0 1
174 133 0 1
175 133 0 1
176 133 0 1
167 134 0 1
168 134 0 1
169 134 0 1
170 134 0 1
171 134 0 1
172 134 0 1
173 134 0 1
174 134 0 1
175 134 0 1
176 134 0 1
177 134 0 1
166 135 0 1
167 135 0 1
168 135 0 1
169 135 0 1
170 135 0 1
171 135 0 1
172 135 0 1
173 135 0 1
174 135 0 1
175 135 0 1
176 135 0 1
177 135 0 1
178 135 0 1
166 136 0 1
167 136 0 1
168 136 0 1
169 136 0 1
170 136 0 1
171 136 0 1
172 136 0 1
173 136 0 1
174 136 0 1
175 136 0 1
176 136 0 1
177 136 0 1
178 136 0 1
166 137 0 1
167 137 0 1
168 137 0 1
169 137 0 1
170 137 0 1
171 137 0 1
172 137 0 1
173 137 0 1
174 137 0 1
175 137 0 1
176 137 0 1
177 137 0 1
178 137 0 1
165 138 0 1
166 138 0 1
167 138 0 1
168 138 0 1
169 138 0 1
170 138 0 1
171 138 0 1
172 138 0 1
173 138 0 1
174 138 0 1
175 138 0 1
176 138 0 1
177 138 0 1
178 138 0 1
179 138 0 1
166 139 0 1
167 139 0 1
168 139 0 1
169 139 0 1
170 139 0 1
171 139 0 1
172 139 0 1
173 139 0 1
174 139 0 1
175 139 0 1
176 139 0 1
177 139 0 1
178 139 0 1
166 140 0 1
167 140 0 1
168 140 0 1
169 140 0 1
170 140 0 1
171 140 0 1
172 140 0 1
173 140 0 1
174 140 0 1
175 140 0 1
176 140 0 1
177 140 0 1
178 140 0 1
166 141 0 1
167 141 0 1
168 141 0 1
169 141 0 1
170 141 0 1
171 141 0 1
172 141 0 1
173 141 0 1
174 141 0 1
175 141 0 1
176 141 0 1
177 141 0 1
178 141 0 1
167 142 0 1
168 142 0 1
169 142 0 1
170 142 0 1
171 142 0 1
172 142 0 1
173 142 0 1
174 142 0 1
175 142 0 1
176 142 0 1
177 142 0 1
168 143 0 1
169 143 0 1
170 143 0 1
171 143 0 1
172 143 0 1
173 143 0 1
174 143 0 1
175 143 0 1
176 143 0 1
169 144 0 1
170 144 0 1
171 144 0 1
172 144 0 1
173 144 0 1
174 144 0 1
175 144 0 1
172 145 0 1
231 176 0 1
228 177 0 1
229 177 0 1
230 177 0 1
231 177 0 1
232 177 0 1
233 177 0 1
234 177 0 1
227 178 0 2
228 178 0 1
229 178 0 1
230 178 0 1
231 178 0 1
232 178 0 1
233 178 0 1
234 178 0 1
235 178 0 1
226 179 0 2
227 179 0 2
228 179 0 2
229 179 0 2
230 179 0 1
231 179 0 1
232 179 0 1
233 179 0 1
234 179 0 1
235 179 0 1
236 179 0 1
225 180 0 2
226 180 0 2
227 180 0 2
228 180 0 2
229 180 0 2
230 180 0 2
231 180 0 1
232 180 0 1
233 180 0 1
234 180 0 1
235 180 0 1
236 180 0 1
237 180 0 1
225 181 0 2
226 181 0 2
227 181 0 2
228 181 0 2
229 181 0 2
230 181 0 2
231 181 0 2
232 181 0 1
233 181 0 1
234 181 0 1
235 181 0 1
236 181 0 1
237 181 0 1
225 182 0 2
226 182 0 2
227 182 0 2
228 182 0 2
229 182 0 2
230 182 0 2
231 182 0 2
232 182 0 2
233 182 0 2
234 182 0 2
235 182 0 1
236 182 0 1
237 182 0 1
224 183 0 1
225 183 0 2
226 183 0 2
227 183 0 2
228 183 0 2
229 183 0 2
230 183 0 2
231 183 0 2
232 183 0 2
233 183 0 2
234 183 0 2
235 183 0 2
236 183 0 1
237 183 0 1
238 183 0 1
225 184 0 1
226 184 0 2
227 184 0 2
228 184 0 2
229 184 0 2
230 184 0 2
231 184 0 2
232 184 0 2
233 184 0 2
234 184 0 2
235 184 0 2
236 184 0 1
237 184 0 1
225 185 0 1
226 185 0 1
227 185 0 2
228 185 0 2
229 185 0 2
230 185 0 2
231 185 0 2
232 185 0 2
233 185 0 2
234 185 0 2
235 185 0 2
236 185 0 2
237 185 0 2
225 186 0 1
226 186 0 1
227 186 0 1
228 186 0 1
229 186 0 2
230 186 0 2
231 186 0 2
232 186 0 2
233 186 0 2
234 186 0 2
235 186 0 2
236 186 0 2
237 186 0 2
226 187 0 1
227 187 0 1
228 187 0 1
229 187 0 1
230 187 0 2
231 187 0 2
232 187 0 2
233 187 0 2
234 187 0 2
235 187 0 2
236 187 0 2
227 188 0 1
228 188 0 1
229 188 0 1
230 188 0 1
231 188 0 2
232 188 0 2
233 188 0 2
234 188 0 2
235 188 0 2
228 189 0 1
229 189 0 1
230 189 0 1
231 189 0 1
232 189 0 2
233 189 0 2
234 189 0 2
231 190 0 1
201 216 0 1
198 217 0 1
199 217 0 1
200 217 0 1
201 217 0 1
202 217 0 1
203 217 0 1
204 217 0 1
197 218 0 1
198 218 0 1
199 218 0 1
200 218 0 1
201 218 0 1
202 218 0 1
203 218 0 1
204 218 0 1
205 218 0 1
196 219 0 1
197 219 0 1
198 219 0 1
199 219 0 1
200 219 0 1
201 219 0 1
202 219 0 1
203 219 0 1
204 219 0 1
205 219 0 1
206 219 0 1
195 220 0 1
196 220 0 1
197 220 0 1
198 220 0 1
199 220 0 1
200 220 0 1
201 220 0 1
202 220 0 1
203 220 0 1
204 220 0 1
205 220 0 1
206 220 0 1
207 220 0 1
195 221 0 1
196 221 0 1
197 221 0 1
198 221 0 1
199 221 0 1
200 221 0 1
201 221 0 1
202 221 0 1
203 221 0 1
204 221 0 1
205 221 0 1
206 221 0 1
207 221 0 1
195 222 0 1
196 222 0 1
197 222 0 1
198 222 0 1
199 222 0 1
200 222 0 1
201 222 0 1
202 222 0 1
203 222 0 1
204 222 0 1
205 222 0 1
206 222 0 1
207 222 0 1
194 223 0 1
195 223 0 1
196 223 0 1
197 223 0 1
198 223 0 1
199 223 0 1
200 223 0 1
201 223 0 1
202 223 0 1
203 223 0 1
204 223 0 1
205 223 0 1
206 223 0 1
207 223 0 1
208 223 0 1
195 224 0 1
196 224 0 1
197 224 0 1
198 224 0 1
199 224 0 1
200 224 0 1
201 224 0 1
202 224 0 1
203 224 0 1
204 224 0 1
205 224 0 1
206 224 0 1
207 224 0 1
195 225 0 1
196 225 0 1
197 225 0 1
198 225 0 1
199 225 0 1
200 225 0 1
201 225 0 1
202 225 0 1
203 225 0 1
204 225 0 1
205 225 0 1
206 225 0 1
207 225 0 1
195 226 0 1
196 226 0 1
197 226 0 1
198 226 0 1
199 226 0 1
200 226 0 1
201 226 0 1
202 226 0 1
203 226 0 1
204 226 0 1
205 226 0 1
206 226 0 1
207 226 0 1
196 227 0 1
197 227 0 1
198 227 0 1
199 227 0 1
200 227 0 1
201 227 0 1
202 227 0 1
203 227 0 1
204 227 0 1
205 227 0 1
206 227 0 1
197 228 0 1
198 228 0 1
199 228 0 1
200 228 0 1
201 228 0 1
202 228 0 1
203 228 0 1
204 228 0 1
205 228 0 1
198 229 0 1
199 229 0 1
200 229 0 1
201 229 0 1
202 229 0 1
203 229 0 1
204 229 0 1
201 230 0 1
123 200 0 1
120 201 0 1
121 201 0 1
122 201 0 1
123 201 0 1
124 201 0 1
125 201 0 1
126 201 0 1
119 202 0 1
120 202 0 1
121 202 0 1
122 202 0 1
123 202 0 1
124 202 0 1
125 202 0 1
126 202 0 1
127 202 0 1
118 203 0 1
119 203 0 1
120 203 0 1
121 203 0 1
122 203 0 1
123 203 0 1
124 203 0 1
125 203 0 1
126 203 0 1
127 203 0 1
128 203 0 1
117 204 0 1
118 204 0 1
119 204 0 1
120 204 0 1
121 204 0 1
122 204 0 1
123 204 0 1
124 204 0 1
125 204 0 1
126 204 0 1
127 204 0 1
128 204 0 1
129 204 0 1
117 205 0 1
118 205 0 1
119 205 0 1
120 205 0 1
121 205 0 1
122 205 0 1
123 205 0 1
124 205 0 1
125 205 0 1
126 205 0 1
127 205 0 1
128 205 0 1
129 205 0 1
117 206 0 1
118 206 0 1
119 206 0 1
120 206 0 1
121 206 0 1
122 206 0 1
123 206 0 1
124 206 0 1
125 206 0 1
126 206 0 1
127 206 0 1
128 206 0 1
129 206 0 1
116 207 0 1
117 207 0 1
118 207 0 1
119 207 0 1
120 207 0 1
121 207 0 1
122 207 0 1
123 207 0 1
124 207 0 1
125 207 0 1
126 207 0 1
127 207 0 1
128 207 0 1
129 207 0 1
130 207 0 1
117 208 0 1
118 208 0 1
119 208 0 1
120 208 0 1
121 208 0 1
122 208 0 1
123 208 0 1
124 208 0 1
125 208 0 1
126 208 0 1
127 208 0 1
128 208 0 1
129 208 0 1
117 209 0 1
118 209 0 1
119 209 0 1
120 209 0 1
121 209 0 1
122 209 0 1
123 209 0 1
124 209 0 1
125 209 0 1
126 209 0 1
127 209 0 1
128 209 0 1
129 209 0 1
117 210 0 1
118 210 0 1
119 210 0 1
120 210 0 1
121 210 0 1
122 210 0 1
123 210 0 1
124 210 0 1
125 210 0 1
126 210 0 1
127 210 0 1
128 210 0 1
129 210 0 1
118 211 0 1
119 211 0 1
120 211 0 1
121 211 0 1
122 211 0 1
123 211 0 1
124 211 0 1
125 211 0 1
126 211 0 1
127 211 0 1
128 211 0 1
119 212 0 1
120 212 0 1
121 212 0 1
122 212 0 1
123 212 0 1
124 212 0 1
125 212 0 1
126 212 0 1
127 212 0 1
120 213 0 1
121 213 0 1
122 213 0 1
123 213 0 1
124 213 0 1
125 213 0 1
126 213 0 1
123 214 0 1
89 222 0 1
86 223 0 1
87 223 0 1
88 223 0 1
89 223 0 1
90 223 0 1
91 223 0 1
92 223 0 1
85 224 0 1
86 224 0 1
87 224 0 1
88 224 0 1
89 224 0 1
90 224 0 1
91 224 0 1
92 224 0 1
93 224 0 1
84 225 0 1
85 225 0 1
86 225 0 1
87 225 0 1
88 225 0 1
89 225 0 1
90 225 0 1
91 225 0 1
92 225 0 1
93 225 0 1
94 225 0 1
83 226 0 1
84 226 0 1
85 226 0 1
86 226 0 1
87 226 0 1
88 226 0 1
89 226 0 1
90 226 0 1
91 226 0 1
92 226 0 1
93 226 0 1
94 226 0 1
95 226 0 1
83 227 0 1
84 227 0 1
85 227 0 1
86 227 0 1
87 227 0 1
88 227 0 1
89 227 0 1
90 227 0 1
91 227 0 1
92 227 0 1
93 227 0 1
94 227 0 1
95 227 0 1
83 228 0 1
84 228 0 1
85 228 0 1
86 228 0 1
87 228 0 1
88 228 0 1
89 228 0 1
90 228 0 1
91 228 0 1
92 228 0 1
93 228 0 1
94 228 0 1
95 228 0 1
82 229 0 1
83 229 0 1
84 229 0 1
85 229 0 1
86 229 0 1
87 229 0 1
88 229 0 1
89 229 0 1
90 229 0 1
91 229 0 1
92 229 0 1
93 229 0 1
94 229 0 1
95 229 0 1
96 229 0 1
83 230 0 1
84 230 0 1
85 230 0 1
86 230 0 1
87 230 0 1
88 230 0 1
89 230 0 1
90 230 0 1
91 230 0 1
92 230 0 1
93 230 0 1
94 230 0 1
95 230 0 1
83 231 0 1
84 231 0 1
85 231 0 1
86 231 0 1
87 231 0 1
88 231 0 1
89 231 0 1
90 231 0 1
91 231 0 1
92 231 0 1
93 231 0 1
94 231 0 1
95 231 0 1
83 232 0 1
84 232 0 1
85 232 0 1
86 232 0 1
87 232 0 1
88 232 0 1
89 232 0 1
90 232 0 1
91 232 0 1
92 232 0 1
93 232 0 1
94 232 0 1
95 232 0 1
84 233 0 1
85 233 0 1
86 233 0 1
87 233 0 1
88 233 0 1
89 233 0 1
90 233 0 1
91 233 0 1
92 233 0 1
93 233 0 1
94 233 0 1
85 234 0 1
86 234 0 1
87 234 0 1
88 234 0 1
89 234 0 1
90 234 0 1
91 234 0 1
92 234 0 1
93 234 0 1
86 235 0 1
87 235 0 1
88 235 0 1
89 235 0 1
90 235 0 1
91 235 0 1
92 235 0 1
89 236 0 1
50 230 0 1
47 231 0 1
48 231 0 1
49 231 0 1
50 231 0 1
51 231 0 1
52 231 0 1
53 231 0 1
46 232 0 1
47 232 0 1
48 232 0 1
49 232 0 1
50 232 0 1
51 232 0 1
52 232 0 1
53 232 0 1
54 232 0 1
45 233 0 1
46 233 0 1
47 233 0 1
48 233 0 1
49 233 0 1
50 233 0 1
51 233 0 1
52 233 0 1
53 233 0 1
54 233 0 1
55 233 0 1
44 234 0 1
45 234 0 1
46 234 0 1
47 234 0 1
48 234 0 1
49 234 0 1
50 234 0 1
51 234 0 1
52 234 0 1
53 234 0 1
54 234 0 1
55 234 0 1
56 234 0 1
44 235 0 1
45 235 0 1
46 235 0 1
47 235 0 1
48 235 0 1
49 235 0 1
50 235 0 1
51 235 0 1
52 235 0 1
53 235 0 1
54 235 0 1
55 235 0 1
56 235 0 1
44 236 0 1
45 236 0 1
46 236 0 1
47 236 0 1
48 236 0 1
49 236 0 1
50 236 0 1
51 236 0 1
52 236 0 1
53 236 0 1
54 236 0 1
55 236 0 1
56 236 0 1
43 237 0 1
44 237 0 1
45 237 0 1
46 237 0 1
47 237 0 1
48 237 0 1
49 237 0 1
50 237 0 1
51 237 0 1
52 237 0 1
53 237 0 1
54 237 0 1
55 237 0 1
56 237 0 1
57 237 0 1
44 238 0 1
45 238 0 1
46 238 0 1
47 238 0 1
48 238 0 1
49 238 0 1
50 238 0 1
51 238 0 1
52 238 0 1
53 238 0 1
54 238 0 1
55 238 0 1
56 238 0 1
44 239 0 1
45 239 0 1
46 239 0 1
47 239 0 1
48 239 0 1
49 239 0 1
50 239 0 1
51 239 0 1
52 239 0 1
53 239 0 1
54 239 0 1
55 239 0 1
56 239 0 1
44 240 0 1
45 240 0 1
46 240 0 1
47 240 0 1
48 240 0 1
49 240 0 1
50 240 0 1
51 240 0 1
52 240 0 1
53 240 0 1
54 240 0 1
55 240 0 1
56 240 0 1
45 241 0 1
46 241 0 1
47 241 0 1
48 241 0 1
49 241 0 1
50 241 0 1
51 241 0 1
52 241 0 1
53 241 0 1
54 241 0 1
55 241 0 1
46 242 0 1
47 242 0 1
48 242 0 1
49 242 0 1
50 242 0 1
51 242 0 1
52 242 0 1
53 242 0 1
54 242 0 1
47 243 0 1
48 243 0 1
49 243 0 1
50 243 0 1
51 243 0 1
52 243 0 1
53 243 0 1
50 244 0 1
19 206 0 1
16 207 0 1
17 207 0 1
18 207 0 1
19 207 0 1
20 207 0 1
21 207 0 1
22 207 0 1
15 208 0 1
16 208 0 1
17 208 0 1
18 208 0 1
19 208 0 1
20 208 0 1
21 208 0 1
22 208 0 1
23 208 0 1
14 209 0 1
15 209 0 1
16 209 0 1
17 209 0 1
18 209 0 1
19 209 0 1
20 209 0 1
21 209 0 1
22 209 0 1
23 209 0 1
24 209 0 1
13 210 0 1
14 210 0 1
15 210 0 1
16 210 0 1
17 210 0 1
18 210 0 1
19 210 0 1
20 210 0 1
21 210 0 1
22 210 0 1
23 210 0 1
24 210 0 1
25 210 0 1
13 211 0 1
14 211 0 1
15 211 0 1
16 211 0 1
17 211 0 1
18 211 0 1
19 211 0 1
20 211 0 1
21 211 0 1
22 211 0 1
23 211 0 1
24 211 0 1
25 211 0 1
13 212 0 1
14 212 0 1
15 212 0 1
16 212 0 1
17 212 0 1
18 212 0 1
19 212 0 1
20 212 0 1
21 212 0 1
22 212 0 1
23 212 0 1
24 212 0 1
25 212 0 1
12 213 0 1
13 213 0 1
14 213 0 1
15 213 0 1
16 213 0 1
17 213 0 1
18 213 0 1
19 213 0 1
20 213 0 1
21 213 0 1
22 213 0 1
23 213 0 1
24 213 0 1
25 213 0 1
26 213 0 1
13 214 0 1
14 214 0 1
15 214 0 1
16 214 0 1
17 214 0 1
18 214 0 1
19 214 0 1
20 214 0 1
21 214 0 1
22 214 0 1
23 214 0 1
24 214 0 1
25 214 0 1
13 215 0 1
14 215 0 1
15 215 0 1
16 215 0 1
17 215 0 1
18 215 0 1
19 215 0 1
20 215 0 1
21 215 0 1
22 215 0 1
23 215 0 1
24 215 0 1
25 215 0 1
13 216 0 1
14 216 0 1
15 216 0 1
16 216 0 1
17 216 0 1
18 216 0 1
19 216 0 1
20 216 0 1
21 216 0 1
22 216 0 1
23 216 0 1
24 216 0 1
25 216 0 1
14 217 0 1
15 217 0 1
16 217 0 1
17 217 0 1
18 217 0 1
19 217 0 1
20 217 0 1
21 217 0 1
22 217 0 1
23 217 0 1
24 217 0 1
15 218 0 1
16 218 0 1
17 218 0 1
18 218 0 1
19 218 0 1
20 218 0 1
21 218 0 1
22 218 0 1
23 218 0 1
16 219 0 1
17 219 0 1
18 219 0 1
19 219 0 1
20 219 0 1
21 219 0 1
22 219 0 1
19 220 0 1
105 160 0 1
102 161 0 1
103 161 0 1
104 161 0 1
105 161 0 1
106 161 0 1
107 161 0 1
108 161 0 1
101 162 0 2
102 162 0 2
103 162 0 2
104 162 0 2
105 162 0 1
106 162 0 1
107 162 0 1
108 162 0 1
109 162 0 1
100 163 0 2
101 163 0 2
102 163 0 2
103 163 0 2
104 163 0 2
105 163 0 2
106 163 0 2
107 163 0 1
108 163 0 1
109 163 0 1
110 163 0 1
99 164 0 2
100 164 0 2
101 164 0 2
102 164 0 2
103 164 0 2
104 164 0 2
105 164 0 2
106 164 0 2
107 164 0 2
108 164 0 2
109 164 0 2
110 164 0 2
111 164 0 2
99 165 0 2
100 165 0 2
101 165 0 2
102 165 0 2
103 165 0 2
104 165 0 2
105 165 0 2
106 165 0 2
107 165 0 2
108 165 0 2
109 165 0 2
110 165 0 2
111 165 0 2
99 166 0 2
100 166 0 2
101 166 0 2
102 166 0 2
103 166 0 2
104 166 0 2
105 166 0 2
106 166 0 2
107 166 0 2
108 166 0 2
109 166 0 2
110 166 0 2
111 166 0 2
98 167 0 2
99 167 0 2
100 167 0 2
101 167 0 2
102 167 0 2
103 167 0 2
104 167 0 2
105 167 0 2
106 167 0 2
107 167 0 2
108 167 0 2
109 167 0 2
110 167 0 2
111 167 0 2
112 167 0 2
99 168 0 2
100 168 0 2
101 168 0 2
102 168 0 2
103 168 0 2
104 168 0 2
105 168 0 2
106 168 0 2
107 168 0 2
108 168 0 2
109 168 0 2
110 168 0 2
111 168 0 2
99 169 0 1
100 169 0 1
101 169 0 1
102 169 0 1
103 169 0 1
104 169 0 2
105 169 0 2
106 169 0 2
107 169 0 2
108 169 0 2
109 169 0 2
110 169 0 2
111 169 0 2
99 170 0 1
100 170 0 1
101 170 0 1
102 170 0 1
103 170 0 1
104 170 0 1
105 170 0 2
106 170 0 2
107 170 0 2
108 170 0 2
109 170 0 2
110 170 0 2
111 170 0 2
100 171 0 1
101 171 0 1
102 171 0 1
103 171 0 1
104 171 0 1
105 171 0 1
106 171 0 1
107 171 0 1
108 171 0 2
109 171 0 2
110 171 0 2
101 172 0 1
102 172 0 1
103 172 0 1
104 172 0 1
105 172 0 1
106 172 0 1
107 172 0 1
108 172 0 1
109 172 0 1
102 173 0 1
103 173 0 1
104 173 0 1
105 173 0 1
106 173 0 1
107 173 0 1
108 173 0 1
105 174 0 1
123 139 0 1
120 140 0 1
121 140 0 1
122 140 0 1
123 140 0 1
124 140 0 1
125 140 0 1
126 140 0 1
119 141 0 2
120 141 0 2
121 141 0 2
122 141 0 1
123 141 0 1
124 141 0 1
125 141 0 1
126 141 0 1
127 141 0 1
118 142 0 2
119 142 0 2
120 142 0 2
121 142 0 2
122 142 0 2
123 142 0 2
124 142 0 2
125 142 0 2
126 142 0 1
127 142 0 1
128 142 0 1
117 143 0 2
118 143 0 2
119 143 0 2
120 143 0 2
121 143 0 2
122 143 0 2
123 143 0 2
124 143 0 2
125 143 0 2
126 143 0 2
127 143 0 2
128 143 0 2
129 143 0 1
117 144 0 2
118 144 0 2
119 144 0 2
120 144 0 2
121 144 0 2
122 144 0 2
123 144 0 2
124 144 0 2
125 144 0 2
126 144 0 2
127 144 0 2
128 144 0 2
129 144 0 2
117 145 0 2
118 145 0 2
119 145 0 2
120 145 0 2
121 145 0 2
122 145 0 2
123 145 0 2
124 145 0 2
125 145 0 2
126 145 0 2
127 145 0 2
128 145 0 2
129 145 0 2
116 146 0 2
117 146 0 2
118 146 0 2
119 146 0 2
120 146 0 2
121 146 0 2
122 146 0 2
123 146 0 2
124 146 0 2
125 146 0 2
126 146 0 2
127 146 0 2
128 146 0 2
129 146 0 2
130 146 0 2
117 147 0 2
118 147 0 2
119 147 0 2
120 147 0 2
121 147 0 2
122 147 0 2
123 147 0 2
124 147 0 2
125 147 0 2
126 147 0 2
127 147 0 2
128 147 0 2
129 147 0 2
117 148 0 2
118 148 0 2
119 148 0 2
120 148 0 2
121 148 0 2
122 148 0 2
123 148 0 2
124 148 0 2
125 148 0 2
126 148 0 2
127 148 0 2
128 148 0 2
129 148 0 2
117 149 0 1
118 149 0 1
119 149 0 1
120 149 0 1
121 149 0 2
122 149 0 2
123 149 0 2
124 149 0 2
125 149 0 2
126 149 0 2
127 149 0 2
128 149 0 2
129 149 0 2
118 150 0 1
119 150 0 1
120 150 0 1
121 150 0 1
122 150 0 2
123 150 0 2
124 150 0 2
125 150 0 2
126 150 0 2
127 150 0 2
128 150 0 2
119 151 0 1
120 151 0 1
121 151 0 1
122 151 0 1
123 151 0 1
124 151 0 1
125 151 0 1
126 151 0 1
127 151 0 1
120 152 0 1
121 152 0 1
122 152 0 1
123 152 0 1
124 152 0 1
125 152 0 1
126 152 0 1
123 153 0 1
146 120 0 1
143 121 0 1
144 121 0 1
145 121 0 1
146 121 0 1
147 121 0 1
148 121 0 1
149 121 0 1
142 122 0 1
143 122 0 1
144 122 0 1
145 122 0 1
146 122 0 1
147 122 0 1
148 122 0 1
149 122 0 1
150 122 0 1
141 123 0 1
142 123 0 1
143 123 0 1
144 123 0 1
145 123 0 1
146 123 0 1
147 123 0 1
148 123 0 1
149 123 0 1
150 123 0 1
151 123 0 1
140 124 0 1
141 124 0 1
142 124 0 1
143 124 0 1
144 124 0 1
145 124 0 1
146 124 0 1
147 124 0 2
148 124 0 2
149 124 0 2
150 124 0 2
151 124 0 2
152 124 0 2
140 125 0 2
141 125 0 2
142 125 0 2
143 125 0 2
144 125 0 2
145 125 0 2
146 125 0 2
147 125 0 2
148 125 0 2
149 125 0 2
150 125 0 2
151 125 0 2
152 125 0 2
140 126 0 2
141 126 0 2
142 126 0 2
143 126 0 2
144 126 0 2
145 126 0 2
146 126 0 2
147 126 0 2
148 126 0 2
149 126 0 2
150 126 0 2
151 126 0 2
152 126 0 2
139 127 0 2
140 127 0 2
141 127 0 2
142 127 0 2
143 127 0 2
144 127 0 2
145 127 0 2
146 127 0 2
147 127 0 2
148 127 0 2
149 127 0 2
150 127 0 2
151 127 0 2
152 127 0 2
153 127 0 2
140 128 0 2
141 128 0 2
142 128 0 2
143 128 0 2
144 128 0 2
145 128 0 2
146 128 0 2
147 128 0 2
148 128 0 2
149 128 0 2
150 128 0 2
151 128 0 2
152 128 0 2
140 129 0 2
141 129 0 2
142 129 0 2
143 129 0 2
144 129 0 2
145 129 0 2
146 129 0 2
147 129 0 2
148 129 0 2
149 129 0 2
150 129 0 2
151 129 0 2
152 129 0 2
140 130 0 2
141 130 0 2
142 130 0 2
143 130 0 2
144 130 0 2
145 130 0 2
146 130 0 2
147 130 0 2
148 130 0 2
149 130 0 2
150 130 0 2
151 130 0 2
152 130 0 2
141 131 0 2
142 131 0 2
143 131 0 2
144 131 0 2
145 131 0 2
146 131 0 2
147 131 0 2
148 131 0 2
149 131 0 1
150 131 0 1
151 131 0 1
142 132 0 1
143 132 0 1
144 132 0 1
145 132 0 1
146 132 0 1
147 132 0 1
148 132 0 1
149 132 0 1
150 132 0 1
143 133 0 1
144 133 0 1
145 133 0 1
146 133 0 1
147 133 0 1
148 133 0 1
149 133 0 1
146 134 0 1
239 113 0 1
236 114 0 1
237 114 0 1
238 114 0 1
239 114 0 1
240 114 0 1
241 114 0 1
242 114 0 1
235 115 0 1
236 115 0 1
237 115 0 1
238 115 0 1
239 115 0 1
240 115 0 1
241 115 0 1
242 115 0 1
243 115 0 1
234 116 0 1
235 116 0 1
236 116 0 1
237 116 0 1
238 116 0 1
239 116 0 1
240 116 0 1
241 116 0 1
242 116 0 1
243 116 0 2
244 116 0 2
233 117 0 2
234 117 0 2
235 117 0 1
236 117 0 1
237 117 0 1
238 117 0 1
239 117 0 1
240 117 0 1
241 117 0 2
242 117 0 2
243 117 0 2
244 117 0 2
245 117 0 2
233 118 0 2
234 118 0 2
235 118 0 2
236 118 0 2
237 118 0 2
238 118 0 2
239 118 0 2
240 118 0 2
241 118 0 2
242 118 0 2
243 118 0 2
244 118 0 2
245 118 0 2
233 119 0 2
234 119 0 2
235 119 0 2
236 119 0 2
237 119 0 2
238 119 0 2
239 119 0 2
240 119 0 2
241 119 0 2
242 119 0 2
243 119 0 2
244 119 0 2
245 119 0 2
232 120 0 2
233 120 0 2
234 120 0 2
235 120 0 2
236 120 0 2
237 120 0 2
238 120 0 2
239 120 0 2
240 120 0 2
241 120 0 2
242 120 0 2
243 120 0 2
244 120 0 2
245 120 0 2
246 120 0 2
233 121 0 2
234 121 0 2
235 121 0 2
236 121 0 2
237 121 0 2
238 121 0 2
239 121 0 2
240 121 0 2
241 121 0 2
242 121 0 2
243 121 0 2
244 121 0 2
245 121 0 1
233 122 0 2
234 122 0 2
235 122 0 2
236 122 0 2
237 122 0 2
238 122 0 2
239 122 0 2
240 122 0 2
241 122 0 2
242 122 0 2
243 122 0 2
244 122 0 2
245 122 0 1
233 123 0 2
234 123 0 2
235 123 0 2
236 123 0 2
237 123 0 2
238 123 0 2
239 123 0 2
240 123 0 2
241 123 0 2
242 123 0 2
243 123 0 2
244 123 0 1
245 123 0 1
234 124 0 2
235 124 0 2
236 124 0 2
237 124 0 2
238 124 0 2
239 124 0 2
240 124 0 2
241 124 0 2
242 124 0 1
243 124 0 1
244 124 0 1
235 125 0 2
236 125 0 2
237 125 0 2
238 125 0 2
239 125 0 2
240 125 0 2
241 125 0 1
242 125 0 1
243 125 0 1
236 126 0 2
237 126 0 2
238 126 0 2
239 126 0 1
240 126 0 1
241 126 0 1
242 126 0 1
239 127 0 1
196 110 0 1
193 111 0 1
194 111 0 1
195 111 0 1
196 111 0 1
197 111 0 1
198 111 0 1
199 111 0 1
192 112 0 1
193 112 0 1
194 112 0 1
195 112 0 1
196 112 0 1
197 112 0 1
198 112 0 1
199 112 0 1
200 112 0 1
191 113 0 1
192 113 0 1
193 113 0 1
194 113 0 1
195 113 0 1
196 113 0 1
197 113 0 1
198 113 0 2
199 113 0 2
200 113 0 2
201 113 0 2
190 114 0 2
191 114 0 2
192 114 0 2
193 114 0 2
194 114 0 2
195 114 0 2
196 114 0 2
197 114 0 2
198 114 0 2
199 114 0 2
200 114 0 2
201 114 0 2
202 114 0 2
190 115 0 2
191 115 0 2
192 115 0 2
193 115 0 2
194 115 0 2
195 115 0 2
196 115 0 2
197 115 0 2
198 115 0 2
199 115 0 2
200 115 0 2
201 115 0 2
202 115 0 2
190 116 0 2
191 116 0 2
192 116 0 2
193 116 0 2
194 116 0 2
195 116 0 2
196 116 0 2
197 116 0 2
198 116 0 2
199 116 0 2
200 116 0 2
201 116 0 2
202 116 0 2
189 117 0 2
190 117 0 2
191 117 0 2
192 117 0 2
193 117 0 2
194 117 0 2
195 117 0 2
196 117 0 2
197 117 0 2
198 117 0 2
199 117 0 2
200 117 0 2
201 117 0 2
202 117 0 2
203 117 0 2
190 118 0 2
191 118 0 2
192 118 0 2
193 118 0 2
194 118 0 2
195 118 0 2
196 118 0 2
197 118 0 2
198 118 0 2
199 118 0 2
200 118 0 2
201 118 0 2
202 118 0 2
190 119 0 2
191 119 0 2
192 119 0 2
193 119 0 2
194 119 0 2
195 119 0 2
196 119 0 2
197 119 0 2
198 119 0 2
199 119 0 2
200 119 0 2
201 119 0 2
202 119 0 2
190 120 0 2
191 120 0 2
192 120 0 2
193 120 0 2
194 120 0 2
195 120 0 2
196 120 0 2
197 120 0 1
198 120 0 1
199 120 0 1
200 120 0 1
201 120 0 1
202 120 0 1
191 121 0 1
192 121 0 1
193 121 0 1
194 121 0 1
195 121 0 1
196 121 0 1
197 121 0 1
198 121 0 1
199 121 0 1
200 121 0 1
201 121 0 1
192 122 0 1
193 122 0 1
194 122 0 1
195 122 0 1
196 122 0 1
197 122 0 1
198 122 0 1
199 122 0 1
200 122 0 1
193 123 0 1
194 123 0 1
195 123 0 1
196 123 0 1
197 123 0 1
198 123 0 1
199 123 0 1
196 124 0 1
192 78 0 1
189 79 0 1
190 79 0 1
191 79 0 1
192 79 0 1
193 79 0 1
194 79 0 1
195 79 0 1
188 80 0 1
189 80 0 1
190 80 0 1
191 80 0 1
192 80 0 1
193 80 0 2
194 80 0 2
195 80 0 2
196 80 0 2
187 81 0 1
188 81 0 1
189 81 0 1
190 81 0 1
191 81 0 1
192 81 0 2
193 81 0 2
194 81 0 2
195 81 0 2
196 81 0 2
197 81 0 2
186 82 0 1
187 82 0 1
188 82 0 1
189 82 0 1
190 82 0 2
191 82 0 2
192 82 0 2
193 82 0 2
194 82 0 2
195 82 0 2
196 82 0 2
197 82 0 2
198 82 0 2
186 83 0 2
187 83 0 2
188 83 0 2
189 83 0 2
190 83 0 2
191 83 0 2
192 83 0 2
193 83 0 2
194 83 0 2
195 83 0 2
196 83 0 2
197 83 0 2
198 83 0 2
186 84 0 2
187 84 0 2
188 84 0 2
189 84 0 2
190 84 0 2
191 84 0 2
192 84 0 2
193 84 0 2
194 84 0 2
195 84 0 2
196 84 0 2
197 84 0 2
198 84 0 2
185 85 0 2
186 85 0 2
187 85 0 2
188 85 0 2
189 85 0 2
190 85 0 2
191 85 0 2
192 85 0 2
193 85 0 2
194 85 0 2
195 85 0 2
196 85 0 1
197 85 0 1
198 85 0 1
199 85 0 1
186 86 0 2
187 86 0 2
188 86 0 2
189 86 0 2
190 86 0 2
191 86 0 2
192 86 0 2
193 86 0 2
194 86 0 2
195 86 0 2
196 86 0 1
197 86 0 1
198 86 0 1
186 87 0 2
187 87 0 2
188 87 0 2
189 87 0 2
190 87 0 2
191 87 0 2
192 87 0 1
193 87 0 1
194 87 0 1
195 87 0 1
196 87 0 1
197 87 0 1
198 87 0 1
186 88 0 2
187 88 0 2
188 88 0 2
189 88 0 2
190 88 0 2
191 88 0 2
192 88 0 1
193 88 0 1
194 88 0 1
195 88 0 1
196 88 0 1
197 88 0 1
198 88 0 1
187 89 0 2
188 89 0 2
189 89 0 2
190 89 0 1
191 89 0 1
192 89 0 1
193 89 0 1
194 89 0 1
195 89 0 1
196 89 0 1
197 89 0 1
188 90 0 1
189 90 0 1
190 90 0 1
191 90 0 1
192 90 0 1
193 90 0 1
194 90 0 1
195 90 0 1
196 90 0 1
189 91 0 1
190 91 0 1
191 91 0 1
192 91 0 1
193 91 0 1
194 91 0 1
195 91 0 1
192 92 0 1
193 41 0 1
190 42 0 1
191 42 0 1
192 42 0 1
193 42 0 1
194 42 0 1
195 42 0 1
196 42 0 1
189 43 0 1
190 43 0 1
191 43 0 1
192 43 0 1
193 43 0 1
194 43 0 2
195 43 0 2
196 43 0 2
197 43 0 2
188 44 0 1
189 44 0 2
190 44 0 2
191 44 0 2
192 44 0 2
193 44 0 2
194 44 0 2
195 44 0 2
196 44 0 2
197 44 0 2
198 44 0 2
187 45 0 2
188 45 0 2
189 45 0 2
190 45 0 2
191 45 0 2
192 45 0 2
193 45 0 2
194 45 0 2
195 45 0 2
196 45 0 2
197 45 0 2
198 45 0 2
199 45 0 2
187 46 0 2
188 46 0 2
189 46 0 2
190 46 0 2
191 46 0 2
192 46 0 2
193 46 0 2
194 46 0 2
195 46 0 2
196 46 0 2
197 46 0 2
198 46 0 2
199 46 0 2
187 47 0 2
188 47 0 2
189 47 0 2
190 47 0 2
191 47 0 2
192 47 0 2
193 47 0 2
194 47 0 2
195 47 0 2
196 47 0 2
197 47 0 2
198 47 0 2
199 47 0 2
186 48 0 2
187 48 0 2
188 48 0 2
189 48 0 2
190 48 0 2
191 48 0 2
192 48 0 2
193 48 0 2
194 48 0 2
195 48 0 2
196 48 0 2
197 48 0 2
198 48 0 2
199 48 0 2
200 48 0 2
187 49 0 2
188 49 0 2
189 49 0 2
190 49 0 2
191 49 0 2
192 49 0 2
193 49 0 2
194 49 0 2
195 49 0 2
196 49 0 2
197 49 0 2
198 49 0 2
199 49 0 2
187 50 0 2
188 50 0 2
189 50 0 2
190 50 0 2
191 50 0 2
192 50 0 2
193 50 0 2
194 50 0 2
195 50 0 2
196 50 0 2
197 50 0 2
198 50 0 2
199 50 0 2
187 51 0 2
188 51 0 2
189 51 0 2
190 51 0 2
191 51 0 2
192 51 0 2
193 51 0 2
194 51 0 2
195 51 0 2
196 51 0 2
197 51 0 2
198 51 0 2
199 51 0 2
188 52 0 2
189 52 0 1
190 52 0 1
191 52 0 1
192 52 0 1
193 52 0 2
194 52 0 2
195 52 0 2
196 52 0 1
197 52 0 1
198 52 0 1
189 53 0 1
190 53 0 1
191 53 0 1
192 53 0 1
193 53 0 1
194 53 0 1
195 53 0 1
196 53 0 1
197 53 0 1
190 54 0 1
191 54 0 1
192 54 0 1
193 54 0 1
194 54 0 1
195 54 0 1
196 54 0 1
193 55 0 1
131 37 0 1
128 38 0 2
129 38 0 1
130 38 0 1
131 38 0 1
132 38 0 1
133 38 0 1
134 38 0 1
127 39 0 2
128 39 0 2
129 39 0 2
130 39 0 2
131 39 0 2
132 39 0 2
133 39 0 2
134 39 0 2
135 39 0 1
126 40 0 2
127 40 0 2
128 40 0 2
129 40 0 2
130 40 0 2
131 40 0 2
132 40 0 2
133 40 0 2
134 40 0 2
135 40 0 2
136 40 0 2
125 41 0 2
126 41 0 2
127 41 0 2
128 41 0 2
129 41 0 2
130 41 0 2
131 41 0 2
132 41 0 2
133 41 0 2
134 41 0 2
135 41 0 2
136 41 0 2
137 41 0 2
125 42 0 2
126 42 0 2
127 42 0 2
128 42 0 2
129 42 0 2
130 42 0 2
131 42 0 2
132 42 0 2
133 42 0 2
134 42 0 2
135 42 0 2
136 42 0 2
137 42 0 2
125 43 0 2
126 43 0 2
127 43 0 2
128 43 0 2
129 43 0 2
130 43 0 2
131 43 0 2
132 43 0 2
133 43 0 2
134 43 0 2
135 43 0 2
136 43 0 2
137 43 0 2
124 44 0 2
125 44 0 2
126 44 0 2
127 44 0 2
128 44 0 2
129 44 0 2
130 44 0 2
131 44 0 2
132 44 0 2
133 44 0 2
134 44 0 2
135 44 0 2
136 44 0 2
137 44 0 2
138 44 0 2
125 45 0 2
126 45 0 2
127 45 0 2
128 45 0 2
129 45 0 2
130 45 0 2
131 45 0 2
132 45 0 2
133 45 0 2
134 45 0 2
135 45 0 2
136 45 0 2
137 45 0 2
125 46 0 1
126 46 0 1
127 46 0 1
128 46 0 1
129 46 0 1
130 46 0 1
131 46 0 1
132 46 0 2
133 46 0 2
134 46 0 2
135 46 0 2
136 46 0 2
137 46 0 2
125 47 0 1
126 47 0 1
127 47 0 1
128 47 0 1
129 47 0 1
130 47 0 1
131 47 0 1
132 47 0 1
133 47 0 1
134 47 0 1
135 47 0 1
136 47 0 2
137 47 0 2
126 48 0 1
127 48 0 1
128 48 0 1
129 48 0 1
130 48 0 1
131 48 0 1
132 48 0 1
133 48 0 1
134 48 0 1
135 48 0 1
136 48 0 1
127 49 0 1
128 49 0 1
129 49 0 1
130 49 0 1
131 49 0 1
132 49 0 1
133 49 0 1
134 49 0 1
135 49 0 1
128 50 0 1
129 50 0 1
130 50 0 1
131 50 0 1
132 50 0 1
133 50 0 1
134 50 0 1
131 51 0 1
92 8 0 1
89 9 0 1
90 9 0 1
91 9 0 1
92 9 0 1
93 9 0 1
94 9 0 1
95 9 0 1
88 10 0 1
89 10 0 1
90 10 0 1
91 10 0 1
92 10 0 1
93 10 0 1
94 10 0 1
95 10 0 1
96 10 0 1
87 11 0 1
88 11 0 1
89 11 0 1
90 11 0 1
91 11 0 1
92 11 0 1
93 11 0 1
94 11 0 1
95 11 0 1
96 11 0 1
97 11 0 1
86 12 0 1
87 12 0 1
88 12 0 1
89 12 0 1
90 12 0 1
91 12 0 1
92 12 0 1
93 12 0 1
94 12 0 1
95 12 0 1
96 12 0 1
97 12 0 1
98 12 0 1
86 13 0 1
87 13 0 1
88 13 0 1
89 13 0 1
90 13 0 1
91 13 0 1
92 13 0 1
93 13 0 1
94 13 0 1
95 13 0 1
96 13 0 1
97 13 0 2
98 13 0 2
86 14 0 1
87 14 0 1
88 14 0 1
89 14 0 1
90 14 0 1
91 14 0 1
92 14 0 1
93 14 0 1
94 14 0 1
95 14 0 2
96 14 0 2
97 14 0 2
98 14 0 2
85 15 0 1
86 15 0 1
87 15 0 1
88 15 0 2
89 15 0 2
90 15 0 2
91 15 0 2
92 15 0 2
93 15 0 2
94 15 0 2
95 15 0 2
96 15 0 2
97 15 0 2
98 15 0 2
99 15 0 2
86 16 0 2
87 16 0 2
88 16 0 2
89 16 0 2
90 16 0 2
91 16 0 2
92 16 0 2
93 16 0 2
94 16 0 2
95 16 0 2
96 16 0 2
97 16 0 2
98 16 0 2
86 17 0 2
87 17 0 2
88 17 0 2
89 17 0 2
90 17 0 2
91 17 0 2
92 17 0 2
93 17 0 2
94 17 0 2
95 17 0 2
96 17 0 2
97 17 0 2
98 17 0 2
86 18 0 2
87 18 0 2
88 18 0 2
89 18 0 2
90 18 0 2
91 18 0 2
92 18 0 2
93 18 0 2
94 18 0 2
95 18 0 2
96 18 0 2
97 18 0 2
98 18 0 2
87 19 0 2
88 19 0 2
89 19 0 2
90 19 0 2
91 19 0 2
92 19 0 2
93 19 0 2
94 19 0 2
95 19 0 2
96 19 0 2
97 19 0 2
88 20 0 2
89 20 0 2
90 20 0 2
91 20 0 2
92 20 0 2
93 20 0 2
94 20 0 2
95 20 0 2
96 20 0 2
89 21 0 2
90 21 0 2
91 21 0 2
92 21 0 2
93 21 0 2
94 21 0 2
95 21 0 2
92 22 0 1
81 89 0 1
78 90 0 1
79 90 0 1
80 90 0 1
81 90 0 1
82 90 0 1
83 90 0 1
84 90 0 1
77 91 0 1
78 91 0 1
79 91 0 1
80 91 0 1
81 91 0 1
82 91 0 2
83 91 0 2
84 91 0 2
85 91 0 2
76 92 0 1
77 92 0 1
78 92 0 1
79 92 0 2
80 92 0 2
81 92 0 2
82 92 0 2
83 92 0 2
84 92 0 2
85 92 0 2
86 92 0 2
75 93 0 2
76 93 0 2
77 93 0 2
78 93 0 2
79 93 0 2
80 93 0 2
81 93 0 2
82 93 0 2
83 93 0 2
84 93 0 2
85 93 0 2
86 93 0 2
87 93 0 2
75 94 0 2
76 94 0 2
77 94 0 2
78 94 0 2
79 94 0 2
80 94 0 2
81 94 0 2
82 94 0 2
83 94 0 2
84 94 0 2
85 94 0 2
86 94 0 2
87 94 0 2
75 95 0 2
76 95 0 2
77 95 0 2
78 95 0 2
79 95 0 2
80 95 0 2
81 95 0 2
82 95 0 2
83 95 0 2
84 95 0 2
85 95 0 2
86 95 0 2
87 95 0 2
74 96 0 2
75 96 0 2
76 96 0 2
77 96 0 2
78 96 0 2
79 96 0 2
80 96 0 2
81 96 0 2
82 96 0 2
83 96 0 2
84 96 0 2
85 96 0 2
86 96 0 2
87 96 0 2
88 96 0 2
75 97 0 2
76 97 0 2
77 97 0 2
78 97 0 2
79 97 0 2
80 97 0 2
81 97 0 2
82 97 0 2
83 97 0 2
84 97 0 2
85 97 0 2
86 97 0 2
87 97 0 2
75 98 0 2
76 98 0 2
77 98 0 2
78 98 0 2
79 98 0 2
80 98 0 2
81 98 0 2
82 98 0 2
83 98 0 2
84 98 0 2
85 98 0 1
86 98 0 1
87 98 0 1
75 99 0 2
76 99 0 2
77 99 0 2
78 99 0 2
79 99 0 2
80 99 0 2
81 99 0 2
82 99 0 2
83 99 0 1
84 99 0 1
85 99 0 1
86 99 0 1
87 99 0 1
76 100 0 2
77 100 0 2
78 100 0 2
79 100 0 2
80 100 0 1
81 100 0 1
82 100 0 1
83 100 0 1
84 100 0 1
85 100 0 1
86 100 0 1
77 101 0 1
78 101 0 1
79 101 0 1
80 101 0 1
81 101 0 1
82 101 0 1
83 101 0 1
84 101 0 1
85 101 0 1
78 102 0 1
79 102 0 1
80 102 0 1
81 102 0 1
82 102 0 1
83 102 0 1
84 102 0 1
81 103 0 1
49 95 0 1
46 96 0 1
47 96 0 1
48 96 0 1
49 96 0 1
50 96 0 1
51 96 0 1
52 96 0 1
45 97 0 1
46 97 0 2
47 97 0 2
48 97 0 2
49 97 0 2
50 97 0 2
51 97 0 2
52 97 0 2
53 97 0 2
44 98 0 2
45 98 0 2
46 98 0 2
47 98 0 2
48 98 0 2
49 98 0 2
50 98 0 2
51 98 0 2
52 98 0 2
53 98 0 2
54 98 0 2
43 99 0 2
44 99 0 2
45 99 0 2
46 99 0 2
47 99 0 2
48 99 0 2
49 99 0 2
50 99 0 2
51 99 0 2
52 99 0 2
53 99 0 2
54 99 0 2
55 99 0 2
43 100 0 2
44 100 0 2
45 100 0 2
46 100 0 2
47 100 0 2
48 100 0 2
49 100 0 2
50 100 0 2
51 100 0 2
52 100 0 2
53 100 0 2
54 100 0 2
55 100 0 2
43 101 0 2
44 101 0 2
45 101 0 2
46 101 0 2
47 101 0 2
48 101 0 2
49 101 0 2
50 101 0 2
51 101 0 2
52 101 0 2
53 101 0 2
54 101 0 2
55 101 0 2
42 102 0 2
43 102 0 2
44 102 0 2
45 102 0 2
46 102 0 2
47 102 0 2
48 102 0 2
49 102 0 2
50 102 0 2
51 102 0 2
52 102 0 2
53 102 0 2
54 102 0 2
55 102 0 2
56 102 0 2
43 103 0 2
44 103 0 2
45 103 0 2
46 103 0 2
47 103 0 2
48 103 0 2
49 103 0 2
50 103 0 2
51 103 0 2
52 103 0 2
53 103 0 2
54 103 0 2
55 103 0 2
43 104 0 2
44 104 0 2
45 104 0 2
46 104 0 2
47 104 0 2
48 104 0 2
49 104 0 2
50 104 0 2
51 104 0 2
52 104 0 2
53 104 0 2
54 104 0 2
55 104 0 2
43 105 0 1
44 105 0 1
45 105 0 1
46 105 0 1
47 105 0 1
48 105 0 1
49 105 0 1
50 105 0 1
51 105 0 1
52 105 0 1
53 105 0 1
54 105 0 1
55 105 0 1
44 106 0 1
45 106 0 1
46 106 0 1
47 106 0 1
48 106 0 1
49 106 0 1
50 106 0 1
51 106 0 1
52 106 0 1
53 106 0 1
54 106 0 1
45 107 0 1
46 107 0 1
47 107 0 1
48 107 0 1
49 107 0 1
50 107 0 1
51 107 0 1
52 107 0 1
53 107 0 1
46 108 0 1
47 108 0 1
48 108 0 1
49 108 0 1
50 108 0 1
51 108 0 1
52 108 0 1
49 109 0 1
65 136 0 1
62 137 0 1
63 137 0 1
64 137 0 1
65 137 0 1
66 137 0 1
67 137 0 1
68 137 0 1
61 138 0 2
62 138 0 2
63 138 0 2
64 138 0 2
65 138 0 1
66 138 0 1
67 138 0 1
68 138 0 1
69 138 0 1
60 139 0 2
61 139 0 2
62 139 0 2
63 139 0 2
64 139 0 2
65 139 0 1
66 139 0 1
67 139 0 1
68 139 0 1
69 139 0 1
70 139 0 1
59 140 0 2
60 140 0 2
61 140 0 2
62 140 0 2
63 140 0 2
64 140 0 2
65 140 0 2
66 140 0 2
67 140 0 2
68 140 0 1
69 140 0 1
70 140 0 1
71 140 0 1
59 141 0 2
60 141 0 2
61 141 0 2
62 141 0 2
63 141 0 2
64 141 0 2
65 141 0 2
66 141 0 2
67 141 0 2
68 141 0 2
69 141 0 1
70 141 0 1
71 141 0 1
59 142 0 2
60 142 0 2
61 142 0 2
62 142 0 2
63 142 0 2
64 142 0 2
65 142 0 2
66 142 0 2
67 142 0 2
68 142 0 2
69 142 0 2
70 142 0 2
71 142 0 1
58 143 0 1
59 143 0 2
60 143 0 2
61 143 0 2
62 143 0 2
63 143 0 2
64 143 0 2
65 143 0 2
66 143 0 2
67 143 0 2
68 143 0 2
69 143 0 2
70 143 0 2
71 143 0 1
72 143 0 1
59 144 0 1
60 144 0 2
61 144 0 2
62 144 0 2
63 144 0 2
64 144 0 2
65 144 0 2
66 144 0 2
67 144 0 2
68 144 0 2
69 144 0 2
70 144 0 2
71 144 0 2
59 145 0 1
60 145 0 1
61 145 0 2
62 145 0 2
63 145 0 2
64 145 0 2
65 145 0 2
66 145 0 2
67 145 0 2
68 145 0 2
69 145 0 2
70 145 0 2
71 145 0 2
59 146 0 1
60 146 0 1
61 146 0 1
62 146 0 1
63 146 0 1
64 146 0 2
65 146 0 2
66 146 0 2
67 146 0 2
68 146 0 2
69 146 0 2
70 146 0 2
71 146 0 2
60 147 0 1
61 147 0 1
62 147 0 1
63 147 0 1
64 147 0 2
65 147 0 2
66 147 0 2
67 147 0 2
68 147 0 2
69 147 0 2
70 147 0 2
61 148 0 1
62 148 0 1
63 148 0 1
64 148 0 1
65 148 0 1
66 148 0 1
67 148 0 1
68 148 0 2
69 148 0 2
62 149 0 1
63 149 0 1
64 149 0 1
65 149 0 1
66 149 0 1
67 149 0 1
68 149 0 2
65 150 0 1
116 179 0 1
113 180 0 1
114 180 0 1
115 180 0 1
116 180 0 1
117 180 0 1
118 180 0 1
119 180 0 1
112 181 0 2
113 181 0 2
114 181 0 2
115 181 0 2
116 181 0 2
117 181 0 2
118 181 0 1
119 181 0 1
120 181 0 1
111 182 0 2
112 182 0 2
113 182 0 2
114 182 0 2
115 182 0 2
116 182 0 2
117 182 0 2
118 182 0 2
119 182 0 1
120 182 0 1
121 182 0 1
110 183 0 2
111 183 0 2
112 183 0 2
113 183 0 2
114 183 0 2
115 183 0 2
116 183 0 2
117 183 0 2
118 183 0 2
119 183 0 2
120 183 0 2
121 183 0 2
122 183 0 2
110 184 0 2
111 184 0 2
112 184 0 2
113 184 0 2
114 184 0 2
115 184 0 2
116 184 0 2
117 184 0 2
118 184 0 2
119 184 0 2
120 184 0 2
121 184 0 2
122 184 0 2
110 185 0 2
111 185 0 2
112 185 0 2
113 185 0 2
114 185 0 2
115 185 0 2
116 185 0 2
117 185 0 2
118 185 0 2
119 185 0 2
120 185 0 2
121 185 0 2
122 185 0 2
109 186 0 2
110 186 0 2
111 186 0 2
112 186 0 2
113 186 0 2
114 186 0 2
115 186 0 2
116 186 0 2
117 186 0 2
118 186 0 2
119 186 0 2
120 186 0 2
121 186 0 2
122 186 0 2
123 186 0 2
110 187 0 1
111 187 0 2
112 187 0 2
113 187 0 2
114 187 0 2
115 187 0 2
116 187 0 2
117 187 0 2
118 187 0 2
119 187 0 2
120 187 0 2
121 187 0 2
122 187 0 2
110 188 0 1
111 188 0 2
112 188 0 2
113 188 0 2
114 188 0 2
115 188 0 2
116 188 0 2
117 188 0 2
118 188 0 2
119 188 0 2
120 188 0 2
121 188 0 2
122 188 0 2
110 189 0 1
111 189 0 1
112 189 0 1
113 189 0 1
114 189 0 1
115 189 0 2
116 189 0 2
117 189 0 2
118 189 0 2
119 189 0 2
120 189 0 2
121 189 0 2
122 189 0 2
111 190 0 1
112 190 0 1
113 190 0 1
114 190 0 1
115 190 0 1
116 190 0 1
117 190 0 1
118 190 0 2
119 190 0 2
120 190 0 2
121 190 0 2
112 191 0 1
113 191 0 1
114 191 0 1
115 191 0 1
116 191 0 1
117 191 0 1
118 191 0 1
119 191 0 1
120 191 0 1
113 192 0 1
114 192 0 1
115 192 0 1
116 192 0 1
117 192 0 1
118 192 0 1
119 192 0 1
116 193 0 1
168 233 0 1
165 234 0 1
166 234 0 1
167 234 0 1
168 234 0 1
169 234 0 1
170 234 0 1
171 234 0 1
164 235 0 2
165 235 0 1
166 235 0 1
167 235 0 1
168 235 0 1
169 235 0 1
170 235 0 1
171 235 0 1
172 235 0 1
163 236 0 2
164 236 0 2
165 236 0 2
166 236 0 2
167 236 0 2
168 236 0 2
169 236 0 2
170 236 0 2
171 236 0 2
172 236 0 2
173 236 0 1
162 237 0 2
163 237 0 2
164 237 0 2
165 237 0 2
166 237 0 2
167 237 0 2
168 237 0 2
169 237 0 2
170 237 0 2
171 237 0 2
172 237 0 2
173 237 0 2
174 237 0 2
162 238 0 2
163 238 0 2
164 238 0 2
165 238 0 2
166 238 0 2
167 238 0 2
168 238 0 2
169 238 0 2
170 238 0 2
171 238 0 2
172 238 0 2
173 238 0 2
174 238 0 2
162 239 0 2
163 239 0 2
164 239 0 2
165 239 0 2
166 239 0 2
167 239 0 2
168 239 0 2
169 239 0 2
170 239 0 2
171 239 0 2
172 239 0 2
173 239 0 2
174 239 0 2
161 240 0 2
162 240 0 2
163 240 0 2
164 240 0 2
165 240 0 2
166 240 0 2
167 240 0 2
168 240 0 2
169 240 0 2
170 240 0 2
171 240 0 2
172 240 0 2
173 240 0 2
174 240 0 2
175 240 0 2
162 241 0 2
163 241 0 2
164 241 0 2
165 241 0 2
166 241 0 2
167 241 0 2
168 241 0 2
169 241 0 2
170 241 0 2
171 241 0 2
172 241 0 2
173 241 0 2
174 241 0 2
162 242 0 2
163 242 0 2
164 242 0 2
165 242 0 2
166 242 0 2
167 242 0 2
168 242 0 2
169 242 0 2
170 242 0 2
171 242 0 2
172 242 0 2
173 242 0 2
174 242 0 2
162 243 0 1
163 243 0 1
164 243 0 1
165 243 0 1
166 243 0 1
167 243 0 1
168 243 0 1
169 243 0 1
170 243 0 2
171 243 0 2
172 243 0 2
173 243 0 2
174 243 0 2
163 244 0 1
164 244 0 1
165 244 0 1
166 244 0 1
167 244 0 1
168 244 0 1
169 244 0 1
170 244 0 1
171 244 0 1
172 244 0 1
173 244 0 1
164 245 0 1
165 245 0 1
166 245 0 1
167 245 0 1
168 245 0 1
169 245 0 1
170 245 0 1
171 245 0 1
172 245 0 1
165 246 0 1
166 246 0 1
167 246 0 1
168 246 0 1
169 246 0 1
170 246 0 1
171 246 0 1
168 247 0 1
125 224 0 2
122 225 0 1
123 225 0 1
124 225 0 1
125 225 0 2
126 225 0 2
127 225 0 2
128 225 0 2
121 226 0 1
122 226 0 1
123 226 0 1
124 226 0 1
125 226 0 1
126 226 0 1
127 226 0 1
128 226 0 1
129 226 0 2
120 227 0 1
121 227 0 1
122 227 0 1
123 227 0 1
124 227 0 1
125 227 0 1
126 227 0 1
127 227 0 1
128 227 0 1
129 227 0 1
130 227 0 1
119 228 0 1
120 228 0 1
121 228 0 1
122 228 0 1
123 228 0 1
124 228 0 1
125 228 0 1
126 228 0 1
127 228 0 1
128 228 0 1
129 228 0 1
130 228 0 1
131 228 0 1
119 229 0 1
120 229 0 1
121 229 0 1
122 229 0 1
123 229 0 1
124 229 0 1
125 229 0 1
126 229 0 1
127 229 0 1
128 229 0 1
129 229 0 1
130 229 0 1
131 229 0 1
119 230 0 1
120 230 0 1
121 230 0 1
122 230 0 1
123 230 0 1
124 230 0 1
125 230 0 1
126 230 0 1
127 230 0 1
128 230 0 1
129 230 0 1
130 230 0 1
131 230 0 1
118 231 0 1
119 231 0 1
120 231 0 1
121 231 0 1
122 231 0 1
123 231 0 1
124 231 0 1
125 231 0 1
126 231 0 1
127 231 0 1
128 231 0 1
129 231 0 1
130 231 0 1
131 231 0 1
132 231 0 1
119 232 0 1
120 232 0 1
121 232 0 1
122 232 0 1
123 232 0 1
124 232 0 1
125 232 0 1
126 232 0 1
127 232 0 1
128 232 0 1
129 232 0 1
130 232 0 1
131 232 0 1
119 233 0 1
120 233 0 1
121 233 0 1
122 233 0 1
123 233 0 1
124 233 0 1
125 233 0 1
126 233 0 1
127 233 0 1
128 233 0 1
129 233 0 1
130 233 0 1
131 233 0 1
119 234 0 1
120 234 0 1
121 234 0 1
122 234 0 1
123 234 0 1
124 234 0 1
125 234 0 1
126 234 0 1
127 234 0 1
128 234 0 1
129 234 0 1
130 234 0 1
131 234 0 1
120 235 0 1
121 235 0 1
122 235 0 1
123 235 0 1
124 235 0 1
125 235 0 1
126 235 0 1
127 235 0 1
128 235 0 1
129 235 0 1
130 235 0 1
121 236 0 1
122 236 0 1
123 236 0 1
124 236 0 1
125 236 0 1
126 236 0 1
127 236 0 1
128 236 0 1
129 236 0 1
122 237 0 1
123 237 0 1
124 237 0 1
125 237 0 1
126 237 0 1
127 237 0 1
128 237 0 1
125 238 0 1
210 159 0 1
207 160 0 1
208 160 0 1
209 160 0 1
210 160 0 1
211 160 0 1
212 160 0 1
213 160 0 1
206 161 0 2
207 161 0 2
208 161 0 2
209 161 0 2
210 161 0 1
211 161 0 2
212 161 0 2
213 161 0 2
214 161 0 2
205 162 0 2
206 162 0 2
207 162 0 2
208 162 0 2
209 162 0 2
210 162 0 2
211 162 0 2
212 162 0 2
213 162 0 2
214 162 0 2
215 162 0 2
204 163 0 2
205 163 0 2
206 163 0 2
207 163 0 2
208 163 0 2
209 163 0 2
210 163 0 2
211 163 0 2
212 163 0 2
213 163 0 2
214 163 0 2
215 163 0 2
216 163 0 2
204 164 0 2
205 164 0 2
206 164 0 2
207 164 0 2
208 164 0 2
209 164 0 2
210 164 0 2
211 164 0 2
212 164 0 2
213 164 0 2
214 164 0 2
215 164 0 2
216 164 0 2
204 165 0 2
205 165 0 2
206 165 0 2
207 165 0 2
208 165 0 2
209 165 0 2
210 165 0 2
211 165 0 2
212 165 0 2
213 165 0 2
214 165 0 2
215 165 0 2
216 165 0 2
203 166 0 2
204 166 0 2
205 166 0 2
206 166 0 2
207 166 0 2
208 166 0 2
209 166 0 2
210 166 0 2
211 166 0 2
212 166 0 2
213 166 0 2
214 166 0 2
215 166 0 2
216 166 0 2
217 166 0 2
204 167 0 2
205 167 0 2
206 167 0 2
207 167 0 2
208 167 0 2
209 167 0 2
210 167 0 2
211 167 0 2
212 167 0 2
213 167 0 2
214 167 0 2
215 167 0 2
216 167 0 1
204 168 0 2
205 168 0 2
206 168 0 2
207 168 0 2
208 168 0 2
209 168 0 2
210 168 0 2
211 168 0 2
212 168 0 2
213 168 0 2
214 168 0 1
215 168 0 1
216 168 0 1
204 169 0 1
205 169 0 1
206 169 0 2
207 169 0 2
208 169 0 2
209 169 0 2
210 169 0 2
211 169 0 2
212 169 0 2
213 169 0 2
214 169 0 1
215 169 0 1
216 169 0 1
205 170 0 1
206 170 0 2
207 170 0 2
208 170 0 2
209 170 0 2
210 170 0 2
211 170 0 2
212 170 0 2
213 170 0 2
214 170 0 2
215 170 0 2
206 171 0 1
207 171 0 2
208 171 0 2
209 171 0 2
210 171 0 2
211 171 0 2
212 171 0 2
213 171 0 2
214 171 0 2
207 172 0 1
208 172 0 1
209 172 0 1
210 172 0 2
211 172 0 2
212 172 0 2
213 172 0 2
210 173 0 1
