47 33 0 1
44 34 0 1
45 34 0 1
46 34 0 1
47 34 0 1
48 34 0 2
49 34 0 2
50 34 0 2
43 35 0 1
44 35 0 1
45 35 0 1
46 35 0 1
47 35 0 2
48 35 0 2
49 35 0 2
50 35 0 2
51 35 0 2
42 36 0 1
43 36 0 1
44 36 0 1
45 36 0 1
46 36 0 2
47 36 0 2
48 36 0 2
49 36 0 2
50 36 0 2
51 36 0 2
52 36 0 2
41 37 0 1
42 37 0 1
43 37 0 1
44 37 0 2
45 37 0 2
46 37 0 2
47 37 0 2
48 37 0 2
49 37 0 2
50 37 0 2
51 37 0 2
52 37 0 2
53 37 0 2
41 38 0 1
42 38 0 1
43 38 0 2
44 38 0 2
45 38 0 2
46 38 0 2
47 38 0 2
48 38 0 2
49 38 0 2
50 38 0 2
51 38 0 2
52 38 0 2
53 38 0 2
41 39 0 1
42 39 0 2
43 39 0 2
44 39 0 2
45 39 0 2
46 39 0 2
47 39 0 2
48 39 0 2
49 39 0 2
50 39 0 2
51 39 0 2
52 39 0 2
53 39 0 1
40 40 0 2
41 40 0 2
42 40 0 2
43 40 0 2
44 40 0 2
45 40 0 2
46 40 0 2
47 40 0 2
48 40 0 2
49 40 0 2
50 40 0 2
51 40 0 1
52 40 0 1
53 40 0 1
54 40 0 1
41 41 0 2
42 41 0 2
43 41 0 2
44 41 0 2
45 41 0 2
46 41 0 2
47 41 0 2
48 41 0 2
49 41 0 2
50 41 0 1
51 41 0 1
52 41 0 1
53 41 0 1
41 42 0 2
42 42 0 2
43 42 0 2
44 42 0 2
45 42 0 2
46 42 0 2
47 42 0 2
48 42 0 2
49 42 0 1
50 42 0 1
51 42 0 1
52 42 0 1
53 42 0 1
41 43 0 2
42 43 0 2
43 43 0 2
44 43 0 2
45 43 0 2
46 43 0 2
47 43 0 2
48 43 0 1
49 43 0 1
50 43 0 1
51 43 0 1
52 43 0 1
53 43 0 1
42 44 0 2
43 44 0 2
44 44 0 2
45 44 0 2
46 44 0 1
47 44 0 1
48 44 0 1
49 44 0 1
50 44 0 1
51 44 0 1
52 44 0 1
43 45 0 2
44 45 0 1
45 45 0 1
46 45 0 1
47 45 0 1
48 45 0 1
49 45 0 1
50 45 0 1
51 45 0 1
44 46 0 1
45 46 0 1
46 46 0 1
47 46 0 1
48 46 0 1
49 46 0 1
50 46 0 1
47 47 0 1
137 37 0 1
134 38 0 1
135 38 0 1
136 38 0 1
137 38 0 1
138 38 0 1
139 38 0 1
140 38 0 1
133 39 0 2
134 39 0 2
135 39 0 1
136 39 0 1
137 39 0 1
138 39 0 1
139 39 0 1
140 39 0 1
141 39 0 1
132 40 0 2
133 40 0 2
134 40 0 2
135 40 0 2
136 40 0 2
137 40 0 2
138 40 0 1
139 40 0 1
140 40 0 1
141 40 0 1
142 40 0 1
131 41 0 2
132 41 0 2
133 41 0 2
134 41 0 2
135 41 0 2
136 41 0 2
137 41 0 2
138 41 0 1
139 41 0 1
140 41 0 1
141 41 0 1
142 41 0 1
143 41 0 1
131 42 0 2
132 42 0 2
133 42 0 2
134 42 0 2
135 42 0 2
136 42 0 2
137 42 0 2
138 42 0 2
139 42 0 2
140 42 0 2
141 42 0 2
142 42 0 2
143 42 0 2
131 43 0 2
132 43 0 2
133 43 0 2
134 43 0 2
135 43 0 2
136 43 0 2
137 43 0 2
138 43 0 2
139 43 0 2
140 43 0 2
141 43 0 2
142 43 0 2
143 43 0 2
130 44 0 2
131 44 0 2
132 44 0 2
133 44 0 2
134 44 0 2
135 44 0 2
136 44 0 2
137 44 0 2
138 44 0 2
139 44 0 2
140 44 0 2
141 44 0 2
142 44 0 2
143 44 0 2
144 44 0 2
131 45 0 2
132 45 0 2
133 45 0 2
134 45 0 2
135 45 0 2
136 45 0 2
137 45 0 2
138 45 0 2
139 45 0 2
140 45 0 2
141 45 0 2
142 45 0 2
143 45 0 2
131 46 0 1
132 46 0 2
133 46 0 2
134 46 0 2
135 46 0 2
136 46 0 2
137 46 0 2
138 46 0 2
139 46 0 2
140 46 0 2
141 46 0 2
142 46 0 2
143 46 0 2
131 47 0 1
132 47 0 1
133 47 0 1
134 47 0 1
135 47 0 1
136 47 0 2
137 47 0 2
138 47 0 2
139 47 0 2
140 47 0 2
141 47 0 2
142 47 0 2
143 47 0 2
132 48 0 1
133 48 0 1
134 48 0 1
135 48 0 1
136 48 0 1
137 48 0 2
138 48 0 2
139 48 0 2
140 48 0 2
141 48 0 2
142 48 0 2
133 49 0 1
134 49 0 1
135 49 0 1
136 49 0 1
137 49 0 1
138 49 0 1
139 49 0 1
140 49 0 1
141 49 0 2
134 50 0 1
135 50 0 1
136 50 0 1
137 50 0 1
138 50 0 1
139 50 0 1
140 50 0 1
137 51 0 1
219 43 0 1
216 44 0 1
217 44 0 1
218 44 0 1
219 44 0 1
220 44 0 1
221 44 0 1
222 44 0 1
215 45 0 1
216 45 0 1
217 45 0 1
218 45 0 1
219 45 0 1
220 45 0 1
221 45 0 1
222 45 0 1
223 45 0 1
214 46 0 2
215 46 0 2
216 46 0 2
217 46 0 2
218 46 0 2
219 46 0 2
220 46 0 1
221 46 0 1
222 46 0 1
223 46 0 1
224 46 0 1
213 47 0 2
214 47 0 2
215 47 0 2
216 47 0 2
217 47 0 2
218 47 0 2
219 47 0 2
220 47 0 2
221 47 0 2
222 47 0 1
223 47 0 1
224 47 0 1
225 47 0 1
213 48 0 2
214 48 0 2
215 48 0 2
216 48 0 2
217 48 0 2
218 48 0 2
219 48 0 2
220 48 0 2
221 48 0 2
222 48 0 2
223 48 0 2
224 48 0 2
225 48 0 2
213 49 0 2
214 49 0 2
215 49 0 2
216 49 0 2
217 49 0 2
218 49 0 2
219 49 0 2
220 49 0 2
221 49 0 2
222 49 0 2
223 49 0 2
224 49 0 2
225 49 0 2
212 50 0 2
213 50 0 2
214 50 0 2
215 50 0 2
216 50 0 2
217 50 0 2
218 50 0 2
219 50 0 2
220 50 0 2
221 50 0 2
222 50 0 2
223 50 0 2
224 50 0 2
225 50 0 2
226 50 0 2
213 51 0 2
214 51 0 2
215 51 0 2
216 51 0 2
217 51 0 2
218 51 0 2
219 51 0 2
220 51 0 2
221 51 0 2
222 51 0 2
223 51 0 2
224 51 0 2
225 51 0 2
213 52 0 2
214 52 0 2
215 52 0 2
216 52 0 2
217 52 0 2
218 52 0 2
219 52 0 2
220 52 0 2
221 52 0 2
222 52 0 2
223 52 0 2
224 52 0 2
225 52 0 2
213 53 0 1
214 53 0 2
215 53 0 2
216 53 0 2
217 53 0 2
218 53 0 2
219 53 0 2
220 53 0 2
221 53 0 2
222 53 0 2
223 53 0 2
224 53 0 2
225 53 0 2
214 54 0 1
215 54 0 1
216 54 0 1
217 54 0 2
218 54 0 2
219 54 0 2
220 54 0 2
221 54 0 2
222 54 0 2
223 54 0 2
224 54 0 2
215 55 0 1
216 55 0 1
217 55 0 1
218 55 0 1
219 55 0 1
220 55 0 1
221 55 0 2
222 55 0 2
223 55 0 2
216 56 0 1
217 56 0 1
218 56 0 1
219 56 0 1
220 56 0 1
221 56 0 1
222 56 0 1
219 57 0 1
207 72 0 2
204 73 0 2
205 73 0 2
206 73 0 2
207 73 0 2
208 73 0 2
209 73 0 2
210 73 0 2
203 74 0 2
204 74 0 2
205 74 0 2
206 74 0 2
207 74 0 2
208 74 0 2
209 74 0 2
210 74 0 2
211 74 0 2
202 75 0 2
203 75 0 2
204 75 0 2
205 75 0 2
206 75 0 2
207 75 0 2
208 75 0 2
209 75 0 2
210 75 0 2
211 75 0 2
212 75 0 2
201 76 0 2
202 76 0 2
203 76 0 2
204 76 0 2
205 76 0 2
206 76 0 2
207 76 0 2
208 76 0 2
209 76 0 2
210 76 0 2
211 76 0 2
212 76 0 2
213 76 0 2
201 77 0 2
202 77 0 2
203 77 0 2
204 77 0 2
205 77 0 2
206 77 0 2
207 77 0 2
208 77 0 2
209 77 0 2
210 77 0 2
211 77 0 2
212 77 0 1
213 77 0 1
201 78 0 2
202 78 0 2
203 78 0 2
204 78 0 2
205 78 0 2
206 78 0 2
207 78 0 2
208 78 0 2
209 78 0 2
210 78 0 2
211 78 0 1
212 78 0 1
213 78 0 1
200 79 0 2
201 79 0 2
202 79 0 2
203 79 0 2
204 79 0 2
205 79 0 2
206 79 0 2
207 79 0 2
208 79 0 2
209 79 0 1
210 79 0 1
211 79 0 1
212 79 0 1
213 79 0 1
214 79 0 1
201 80 0 2
202 80 0 2
203 80 0 2
204 80 0 2
205 80 0 2
206 80 0 2
207 80 0 2
208 80 0 2
209 80 0 1
210 80 0 1
211 80 0 1
212 80 0 1
213 80 0 1
201 81 0 2
202 81 0 2
203 81 0 2
204 81 0 2
205 81 0 2
206 81 0 2
207 81 0 2
208 81 0 1
209 81 0 1
210 81 0 1
211 81 0 1
212 81 0 1
213 81 0 1
201 82 0 2
202 82 0 2
203 82 0 2
204 82 0 2
205 82 0 2
206 82 0 1
207 82 0 1
208 82 0 1
209 82 0 1
210 82 0 1
211 82 0 1
212 82 0 1
213 82 0 1
202 83 0 1
203 83 0 1
204 83 0 1
205 83 0 1
206 83 0 1
207 83 0 1
208 83 0 1
209 83 0 1
210 83 0 1
211 83 0 1
212 83 0 1
203 84 0 1
204 84 0 1
205 84 0 1
206 84 0 1
207 84 0 1
208 84 0 1
209 84 0 1
210 84 0 1
211 84 0 1
204 85 0 1
205 85 0 1
206 85 0 1
207 85 0 1
208 85 0 1
209 85 0 1
210 85 0 1
207 86 0 1
99 82 0 1
96 83 0 1
97 83 0 1
98 83 0 1
99 83 0 1
100 83 0 1
101 83 0 2
102 83 0 2
95 84 0 1
96 84 0 1
97 84 0 1
98 84 0 1
99 84 0 2
100 84 0 2
101 84 0 2
102 84 0 2
103 84 0 2
94 85 0 1
95 85 0 1
96 85 0 1
97 85 0 1
98 85 0 2
99 85 0 2
100 85 0 2
101 85 0 2
102 85 0 2
103 85 0 2
104 85 0 2
93 86 0 1
94 86 0 1
95 86 0 1
96 86 0 1
97 86 0 1
98 86 0 2
99 86 0 2
100 86 0 2
101 86 0 2
102 86 0 2
103 86 0 2
104 86 0 2
105 86 0 2
93 87 0 1
94 87 0 1
95 87 0 1
96 87 0 1
97 87 0 2
98 87 0 2
99 87 0 2
100 87 0 2
101 87 0 2
102 87 0 2
103 87 0 2
104 87 0 2
105 87 0 1
93 88 0 1
94 88 0 1
95 88 0 2
96 88 0 2
97 88 0 2
98 88 0 2
99 88 0 2
100 88 0 2
101 88 0 2
102 88 0 2
103 88 0 2
104 88 0 2
105 88 0 1
92 89 0 2
93 89 0 2
94 89 0 2
95 89 0 2
96 89 0 2
97 89 0 2
98 89 0 2
99 89 0 2
100 89 0 2
101 89 0 2
102 89 0 2
103 89 0 2
104 89 0 1
105 89 0 1
106 89 0 1
93 90 0 2
94 90 0 2
95 90 0 2
96 90 0 2
97 90 0 2
98 90 0 2
99 90 0 2
100 90 0 2
101 90 0 2
102 90 0 2
103 90 0 1
104 90 0 1
105 90 0 1
93 91 0 2
94 91 0 2
95 91 0 2
96 91 0 2
97 91 0 2
98 91 0 2
99 91 0 2
100 91 0 2
101 91 0 2
102 91 0 1
103 91 0 1
104 91 0 1
105 91 0 1
93 92 0 2
94 92 0 2
95 92 0 2
96 92 0 2
97 92 0 2
98 92 0 2
99 92 0 2
100 92 0 2
101 92 0 1
102 92 0 1
103 92 0 1
104 92 0 1
105 92 0 1
94 93 0 2
95 93 0 2
96 93 0 2
97 93 0 2
98 93 0 2
99 93 0 2
100 93 0 1
101 93 0 1
102 93 0 1
103 93 0 1
104 93 0 1
95 94 0 2
96 94 0 2
97 94 0 1
98 94 0 1
99 94 0 1
100 94 0 1
101 94 0 1
102 94 0 1
103 94 0 1
96 95 0 2
97 95 0 1
98 95 0 1
99 95 0 1
100 95 0 1
101 95 0 1
102 95 0 1
99 96 0 1
