69 252 0 1
70 252 0 1
71 252 0 1
72 252 0 1
68 251 0 1
69 251 0 1
70 251 0 1
71 251 0 1
72 251 0 1
73 251 0 1
67 250 0 1
68 250 0 1
69 250 0 1
70 250 0 1
71 250 0 1
72 250 0 1
73 250 0 1
74 250 0 1
66 249 0 1
67 249 0 1
68 249 0 1
69 249 0 1
70 249 0 1
71 249 0 1
72 249 0 1
73 249 0 1
74 249 0 1
75 249 0 1
66 248 0 1
67 248 0 1
68 248 0 1
69 248 0 1
70 248 0 1
71 248 0 1
72 248 0 1
73 248 0 1
74 248 0 1
75 248 0 1
66 247 0 1
67 247 0 1
68 247 0 1
69 247 0 1
70 247 0 1
71 247 0 1
72 247 0 1
73 247 0 1
74 247 0 1
75 247 0 1
66 246 0 1
67 246 0 1
68 246 0 1
69 246 0 1
70 246 0 1
71 246 0 1
72 246 0 1
73 246 0 1
74 246 0 1
75 246 0 1
66 245 0 1
67 245 0 1
68 245 0 1
69 245 0 1
70 245 0 1
71 245 0 1
72 245 0 1
73 245 0 1
74 245 0 1
75 245 0 1
67 244 0 1
68 244 0 1
69 244 0 1
70 244 0 1
71 244 0 1
72 244 0 1
73 244 0 1
74 244 0 1
29 243 0 1
30 243 0 1
31 243 0 1
32 243 0 1
68 243 0 1
69 243 0 1
70 243 0 1
71 243 0 1
72 243 0 1
73 243 0 1
28 242 0 1
29 242 0 1
30 242 0 1
31 242 0 1
32 242 0 1
33 242 0 1
69 242 0 1
70 242 0 1
71 242 0 1
72 242 0 1
27 241 0 1
28 241 0 1
29 241 0 1
30 241 0 1
31 241 0 1
32 241 0 1
33 241 0 1
34 241 0 1
187 241 0 1
188 241 0 1
189 241 0 1
190 241 0 1
191 241 0 1
192 241 0 1
193 241 0 2
194 241 0 2
26 240 0 1
27 240 0 1
28 240 0 1
29 240 0 1
30 240 0 1
31 240 0 1
32 240 0 1
33 240 0 1
34 240 0 1
35 240 0 1
186 240 0 1
187 240 0 1
188 240 0 1
189 240 0 1
190 240 0 1
191 240 0 1
192 240 0 2
193 240 0 2
194 240 0 2
195 240 0 2
26 239 0 1
27 239 0 1
28 239 0 1
29 239 0 1
30 239 0 1
31 239 0 1
32 239 0 1
33 239 0 1
34 239 0 1
35 239 0 1
142 239 0 1
143 239 0 1
144 239 0 1
145 239 0 1
146 239 0 1
185 239 0 1
186 239 0 1
187 239 0 1
188 239 0 2
189 239 0 2
190 239 0 2
191 239 0 2
192 239 0 2
193 239 0 2
194 239 0 2
195 239 0 2
196 239 0 2
26 238 0 1
27 238 0 1
28 238 0 1
29 238 0 1
30 238 0 1
31 238 0 1
32 238 0 1
33 238 0 1
34 238 0 1
35 238 0 1
141 238 0 2
142 238 0 2
143 238 0 1
144 238 0 1
145 238 0 1
146 238 0 1
147 238 0 1
148 238 0 1
149 238 0 1
150 238 0 1
184 238 0 1
185 238 0 1
186 238 0 1
187 238 0 1
188 238 0 2
189 238 0 2
190 238 0 2
191 238 0 2
192 238 0 2
193 238 0 2
194 238 0 2
195 238 0 2
196 238 0 2
234 238 0 1
235 238 0 1
236 238 0 1
237 238 0 1
238 238 0 1
239 238 0 1
240 238 0 1
241 238 0 1
242 238 0 1
26 237 0 1
27 237 0 1
28 237 0 1
29 237 0 1
30 237 0 1
31 237 0 1
32 237 0 1
33 237 0 1
34 237 0 1
35 237 0 1
140 237 0 2
141 237 0 2
142 237 0 2
143 237 0 2
144 237 0 2
145 237 0 1
146 237 0 1
147 237 0 1
148 237 0 1
149 237 0 1
150 237 0 1
151 237 0 1
184 237 0 1
185 237 0 1
186 237 0 2
187 237 0 2
188 237 0 2
189 237 0 2
190 237 0 2
191 237 0 2
192 237 0 2
193 237 0 2
194 237 0 2
195 237 0 2
196 237 0 2
233 237 0 1
234 237 0 1
235 237 0 1
236 237 0 1
237 237 0 1
238 237 0 1
239 237 0 1
240 237 0 1
241 237 0 1
242 237 0 1
243 237 0 1
27 236 0 1
28 236 0 1
29 236 0 1
30 236 0 1
31 236 0 1
32 236 0 1
33 236 0 1
34 236 0 1
139 236 0 2
140 236 0 2
141 236 0 2
142 236 0 2
143 236 0 2
144 236 0 2
145 236 0 2
146 236 0 2
147 236 0 2
148 236 0 1
149 236 0 1
150 236 0 1
151 236 0 1
152 236 0 1
184 236 0 2
185 236 0 2
186 236 0 2
187 236 0 2
188 236 0 2
189 236 0 2
190 236 0 2
191 236 0 2
192 236 0 2
193 236 0 2
194 236 0 2
195 236 0 2
196 236 0 1
232 236 0 2
233 236 0 2
234 236 0 2
235 236 0 1
236 236 0 1
237 236 0 1
238 236 0 1
239 236 0 1
240 236 0 1
241 236 0 1
242 236 0 1
243 236 0 1
244 236 0 1
28 235 0 1
29 235 0 1
30 235 0 1
31 235 0 1
32 235 0 1
33 235 0 1
139 235 0 2
140 235 0 2
141 235 0 2
142 235 0 2
143 235 0 2
144 235 0 2
145 235 0 2
146 235 0 2
147 235 0 2
148 235 0 2
149 235 0 1
150 235 0 1
151 235 0 1
152 235 0 1
184 235 0 2
185 235 0 2
186 235 0 2
187 235 0 2
188 235 0 2
189 235 0 2
190 235 0 2
191 235 0 2
192 235 0 2
193 235 0 2
194 235 0 2
195 235 0 1
196 235 0 1
231 235 0 2
232 235 0 2
233 235 0 2
234 235 0 2
235 235 0 2
236 235 0 2
237 235 0 2
238 235 0 2
239 235 0 2
240 235 0 2
241 235 0 2
242 235 0 2
243 235 0 2
244 235 0 2
245 235 0 2
29 234 0 1
30 234 0 1
31 234 0 1
32 234 0 1
139 234 0 2
140 234 0 2
141 234 0 2
142 234 0 2
143 234 0 2
144 234 0 2
145 234 0 2
146 234 0 2
147 234 0 2
148 234 0 2
149 234 0 2
150 234 0 1
151 234 0 1
152 234 0 1
184 234 0 2
185 234 0 2
186 234 0 2
187 234 0 2
188 234 0 2
189 234 0 2
190 234 0 2
191 234 0 2
192 234 0 2
193 234 0 1
194 234 0 1
195 234 0 1
196 234 0 1
231 234 0 2
232 234 0 2
233 234 0 2
234 234 0 2
235 234 0 2
236 234 0 2
237 234 0 2
238 234 0 2
239 234 0 2
240 234 0 2
241 234 0 2
242 234 0 2
243 234 0 2
244 234 0 2
245 234 0 2
68 233 0 1
69 233 0 1
70 233 0 1
71 233 0 1
72 233 0 2
73 233 0 2
74 233 0 2
139 233 0 2
140 233 0 2
141 233 0 2
142 233 0 2
143 233 0 2
144 233 0 2
145 233 0 2
146 233 0 2
147 233 0 2
148 233 0 2
149 233 0 2
150 233 0 2
151 233 0 2
152 233 0 2
184 233 0 2
185 233 0 2
186 233 0 2
187 233 0 2
188 233 0 2
189 233 0 2
190 233 0 2
191 233 0 2
192 233 0 1
193 233 0 1
194 233 0 1
195 233 0 1
196 233 0 1
231 233 0 2
232 233 0 2
233 233 0 2
234 233 0 2
235 233 0 2
236 233 0 2
237 233 0 2
238 233 0 2
239 233 0 2
240 233 0 2
241 233 0 2
242 233 0 2
243 233 0 2
244 233 0 2
245 233 0 2
67 232 0 1
68 232 0 1
69 232 0 1
70 232 0 1
71 232 0 1
72 232 0 2
73 232 0 2
74 232 0 2
75 232 0 2
109 232 0 1
110 232 0 1
111 232 0 1
112 232 0 1
113 232 0 1
139 232 0 2
140 232 0 2
141 232 0 2
142 232 0 2
143 232 0 2
144 232 0 2
145 232 0 2
146 232 0 2
147 232 0 2
148 232 0 2
149 232 0 2
150 232 0 2
151 232 0 2
152 232 0 2
184 232 0 2
185 232 0 2
186 232 0 2
187 232 0 2
188 232 0 2
189 232 0 2
190 232 0 1
191 232 0 1
192 232 0 1
193 232 0 1
194 232 0 1
195 232 0 1
231 232 0 2
232 232 0 2
233 232 0 2
234 232 0 2
235 232 0 2
236 232 0 2
237 232 0 2
238 232 0 2
239 232 0 2
240 232 0 2
241 232 0 2
242 232 0 2
243 232 0 2
244 232 0 2
245 232 0 2
66 231 0 1
67 231 0 1
68 231 0 1
69 231 0 2
70 231 0 2
71 231 0 2
72 231 0 2
73 231 0 2
74 231 0 2
75 231 0 2
108 231 0 1
109 231 0 1
110 231 0 1
111 231 0 1
112 231 0 1
113 231 0 1
114 231 0 1
139 231 0 1
140 231 0 2
141 231 0 2
142 231 0 2
143 231 0 2
144 231 0 2
145 231 0 2
146 231 0 2
147 231 0 2
148 231 0 2
149 231 0 2
150 231 0 2
151 231 0 2
152 231 0 2
185 231 0 2
186 231 0 2
187 231 0 2
188 231 0 1
189 231 0 1
190 231 0 1
191 231 0 1
192 231 0 1
193 231 0 1
194 231 0 1
231 231 0 2
232 231 0 2
233 231 0 2
234 231 0 2
235 231 0 2
236 231 0 2
237 231 0 2
238 231 0 2
239 231 0 2
240 231 0 2
241 231 0 2
242 231 0 2
243 231 0 2
244 231 0 2
245 231 0 2
66 230 0 1
67 230 0 2
68 230 0 2
69 230 0 2
70 230 0 2
71 230 0 2
72 230 0 2
73 230 0 2
74 230 0 2
75 230 0 2
76 230 0 2
107 230 0 1
108 230 0 1
109 230 0 1
110 230 0 1
111 230 0 1
112 230 0 1
113 230 0 1
114 230 0 1
115 230 0 1
139 230 0 1
140 230 0 1
141 230 0 2
142 230 0 2
143 230 0 2
144 230 0 2
145 230 0 2
146 230 0 2
147 230 0 2
148 230 0 2
149 230 0 2
150 230 0 2
151 230 0 2
152 230 0 2
186 230 0 2
187 230 0 1
188 230 0 1
189 230 0 1
190 230 0 1
191 230 0 1
192 230 0 1
231 230 0 2
232 230 0 2
233 230 0 2
234 230 0 2
235 230 0 2
236 230 0 2
237 230 0 2
238 230 0 2
239 230 0 2
240 230 0 2
241 230 0 2
242 230 0 2
243 230 0 2
244 230 0 2
245 230 0 2
66 229 0 2
67 229 0 2
68 229 0 2
69 229 0 2
70 229 0 2
71 229 0 2
72 229 0 2
73 229 0 2
74 229 0 2
75 229 0 2
76 229 0 2
106 229 0 1
107 229 0 1
108 229 0 1
109 229 0 1
110 229 0 1
111 229 0 1
112 229 0 1
113 229 0 1
114 229 0 1
115 229 0 1
116 229 0 1
139 229 0 1
140 229 0 1
141 229 0 1
142 229 0 1
143 229 0 1
144 229 0 2
145 229 0 2
146 229 0 2
147 229 0 2
148 229 0 2
149 229 0 2
150 229 0 2
151 229 0 2
152 229 0 2
231 229 0 2
232 229 0 2
233 229 0 2
234 229 0 2
235 229 0 2
236 229 0 2
237 229 0 2
238 229 0 2
239 229 0 2
240 229 0 2
241 229 0 2
242 229 0 2
243 229 0 2
244 229 0 2
245 229 0 2
66 228 0 2
67 228 0 2
68 228 0 2
69 228 0 2
70 228 0 2
71 228 0 2
72 228 0 2
73 228 0 2
74 228 0 2
75 228 0 2
76 228 0 2
106 228 0 1
107 228 0 1
108 228 0 1
109 228 0 1
110 228 0 1
111 228 0 1
112 228 0 1
113 228 0 1
114 228 0 1
115 228 0 1
116 228 0 1
140 228 0 1
141 228 0 1
142 228 0 1
143 228 0 1
144 228 0 1
145 228 0 1
146 228 0 1
147 228 0 1
148 228 0 2
149 228 0 2
150 228 0 2
151 228 0 2
231 228 0 1
232 228 0 2
233 228 0 2
234 228 0 2
235 228 0 2
236 228 0 2
237 228 0 2
238 228 0 2
239 228 0 2
240 228 0 2
241 228 0 2
242 228 0 2
243 228 0 2
244 228 0 2
245 228 0 2
66 227 0 2
67 227 0 2
68 227 0 2
69 227 0 2
70 227 0 2
71 227 0 2
72 227 0 2
73 227 0 2
74 227 0 2
75 227 0 2
76 227 0 2
106 227 0 1
107 227 0 1
108 227 0 1
109 227 0 1
110 227 0 1
111 227 0 1
112 227 0 1
113 227 0 1
114 227 0 1
115 227 0 1
116 227 0 1
141 227 0 1
142 227 0 1
143 227 0 1
144 227 0 1
145 227 0 1
146 227 0 1
147 227 0 1
148 227 0 1
149 227 0 1
150 227 0 2
231 227 0 1
232 227 0 1
233 227 0 1
234 227 0 2
235 227 0 1
236 227 0 2
237 227 0 2
238 227 0 2
239 227 0 2
240 227 0 2
241 227 0 2
242 227 0 1
243 227 0 1
244 227 0 1
245 227 0 1
66 226 0 2
67 226 0 2
68 226 0 2
69 226 0 2
70 226 0 2
71 226 0 2
72 226 0 2
73 226 0 2
74 226 0 2
75 226 0 2
76 226 0 2
106 226 0 1
107 226 0 1
108 226 0 1
109 226 0 1
110 226 0 1
111 226 0 1
112 226 0 1
113 226 0 1
114 226 0 1
115 226 0 1
116 226 0 1
145 226 0 1
146 226 0 1
147 226 0 1
148 226 0 1
149 226 0 1
232 226 0 1
233 226 0 1
234 226 0 1
235 226 0 1
236 226 0 1
237 226 0 1
238 226 0 1
239 226 0 1
240 226 0 1
241 226 0 1
242 226 0 1
243 226 0 1
244 226 0 1
66 225 0 2
67 225 0 2
68 225 0 2
69 225 0 2
70 225 0 2
71 225 0 2
72 225 0 2
73 225 0 2
74 225 0 2
75 225 0 2
76 225 0 2
106 225 0 1
107 225 0 1
108 225 0 1
109 225 0 1
110 225 0 1
111 225 0 1
112 225 0 1
113 225 0 1
114 225 0 1
115 225 0 1
116 225 0 1
233 225 0 1
234 225 0 1
235 225 0 1
236 225 0 1
237 225 0 1
238 225 0 1
239 225 0 1
240 225 0 1
241 225 0 1
242 225 0 1
243 225 0 1
66 224 0 2
67 224 0 2
68 224 0 2
69 224 0 2
70 224 0 2
71 224 0 2
72 224 0 2
73 224 0 2
74 224 0 2
75 224 0 2
76 224 0 2
106 224 0 1
107 224 0 1
108 224 0 1
109 224 0 1
110 224 0 1
111 224 0 1
112 224 0 1
113 224 0 1
114 224 0 1
115 224 0 1
116 224 0 1
66 223 0 2
67 223 0 2
68 223 0 2
69 223 0 2
70 223 0 2
71 223 0 2
72 223 0 2
73 223 0 2
74 223 0 2
75 223 0 2
107 223 0 1
108 223 0 1
109 223 0 1
110 223 0 1
111 223 0 1
112 223 0 1
113 223 0 1
114 223 0 1
115 223 0 1
66 222 0 1
67 222 0 1
68 222 0 1
69 222 0 1
70 222 0 1
71 222 0 2
72 222 0 2
73 222 0 2
74 222 0 2
75 222 0 2
108 222 0 1
109 222 0 1
110 222 0 1
111 222 0 1
112 222 0 1
113 222 0 1
114 222 0 1
67 221 0 1
68 221 0 1
69 221 0 1
70 221 0 1
71 221 0 1
72 221 0 1
73 221 0 2
74 221 0 2
109 221 0 1
110 221 0 1
111 221 0 1
112 221 0 1
113 221 0 1
40 217 0 1
41 217 0 1
42 217 0 1
43 217 0 2
44 217 0 2
45 217 0 2
39 216 0 1
40 216 0 1
41 216 0 1
42 216 0 2
43 216 0 2
44 216 0 2
45 216 0 2
46 216 0 2
166 216 0 1
167 216 0 1
168 216 0 1
169 216 0 1
170 216 0 1
171 216 0 1
172 216 0 1
39 215 0 2
40 215 0 2
41 215 0 2
42 215 0 2
43 215 0 2
44 215 0 2
45 215 0 2
46 215 0 2
47 215 0 2
165 215 0 1
166 215 0 1
167 215 0 1
168 215 0 1
169 215 0 1
170 215 0 1
171 215 0 1
172 215 0 1
173 215 0 1
39 214 0 2
40 214 0 2
41 214 0 2
42 214 0 2
43 214 0 2
44 214 0 2
45 214 0 2
46 214 0 2
47 214 0 2
48 214 0 2
164 214 0 1
165 214 0 1
166 214 0 1
167 214 0 1
168 214 0 1
169 214 0 1
170 214 0 1
171 214 0 1
172 214 0 1
173 214 0 1
174 214 0 1
193 214 0 1
194 214 0 1
195 214 0 1
196 214 0 1
197 214 0 1
198 214 0 1
199 214 0 1
200 214 0 1
201 214 0 1
39 213 0 2
40 213 0 2
41 213 0 2
42 213 0 2
43 213 0 2
44 213 0 2
45 213 0 2
46 213 0 2
47 213 0 2
48 213 0 2
163 213 0 1
164 213 0 1
165 213 0 1
166 213 0 1
167 213 0 1
168 213 0 1
169 213 0 1
170 213 0 1
171 213 0 1
172 213 0 1
173 213 0 1
174 213 0 1
175 213 0 1
192 213 0 1
193 213 0 1
194 213 0 1
195 213 0 1
196 213 0 1
197 213 0 1
198 213 0 1
199 213 0 1
200 213 0 1
201 213 0 1
202 213 0 1
203 213 0 1
39 212 0 2
40 212 0 2
41 212 0 2
42 212 0 2
43 212 0 2
44 212 0 2
45 212 0 2
46 212 0 2
47 212 0 2
48 212 0 1
163 212 0 1
164 212 0 1
165 212 0 1
166 212 0 1
167 212 0 1
168 212 0 1
169 212 0 1
170 212 0 1
171 212 0 1
172 212 0 1
173 212 0 1
174 212 0 1
175 212 0 1
192 212 0 1
193 212 0 1
194 212 0 2
195 212 0 2
196 212 0 2
197 212 0 2
198 212 0 2
199 212 0 2
200 212 0 2
201 212 0 2
202 212 0 1
203 212 0 1
204 212 0 1
39 211 0 2
40 211 0 2
41 211 0 2
42 211 0 2
43 211 0 2
44 211 0 2
45 211 0 2
46 211 0 1
47 211 0 1
48 211 0 1
163 211 0 1
164 211 0 1
165 211 0 1
166 211 0 1
167 211 0 1
168 211 0 1
169 211 0 1
170 211 0 1
171 211 0 1
172 211 0 1
173 211 0 1
174 211 0 1
175 211 0 1
192 211 0 2
193 211 0 2
194 211 0 2
195 211 0 2
196 211 0 2
197 211 0 2
198 211 0 2
199 211 0 2
200 211 0 2
201 211 0 2
202 211 0 2
203 211 0 2
204 211 0 2
40 210 0 2
41 210 0 2
42 210 0 2
43 210 0 2
44 210 0 1
45 210 0 1
46 210 0 1
47 210 0 1
48 210 0 1
163 210 0 1
164 210 0 1
165 210 0 1
166 210 0 1
167 210 0 1
168 210 0 1
169 210 0 1
170 210 0 1
171 210 0 1
172 210 0 1
173 210 0 1
174 210 0 1
175 210 0 1
192 210 0 2
193 210 0 2
194 210 0 2
195 210 0 2
196 210 0 2
197 210 0 2
198 210 0 2
199 210 0 2
200 210 0 2
201 210 0 2
202 210 0 2
203 210 0 2
204 210 0 2
205 210 0 2
41 209 0 2
42 209 0 2
43 209 0 1
44 209 0 1
45 209 0 1
46 209 0 1
47 209 0 1
163 209 0 1
164 209 0 1
165 209 0 1
166 209 0 1
167 209 0 1
168 209 0 1
169 209 0 1
170 209 0 1
171 209 0 1
172 209 0 1
173 209 0 1
174 209 0 1
175 209 0 1
192 209 0 2
193 209 0 2
194 209 0 2
195 209 0 2
196 209 0 2
197 209 0 2
198 209 0 2
199 209 0 2
200 209 0 2
201 209 0 2
202 209 0 2
203 209 0 2
204 209 0 2
205 209 0 2
163 208 0 1
164 208 0 1
165 208 0 1
166 208 0 1
167 208 0 1
168 208 0 1
169 208 0 1
170 208 0 1
171 208 0 1
172 208 0 1
173 208 0 1
174 208 0 1
175 208 0 1
192 208 0 2
193 208 0 2
194 208 0 2
195 208 0 2
196 208 0 2
197 208 0 2
198 208 0 2
199 208 0 2
200 208 0 2
201 208 0 2
202 208 0 2
203 208 0 2
204 208 0 2
205 208 0 2
230 208 0 1
231 208 0 1
232 208 0 1
91 207 0 1
92 207 0 1
93 207 0 1
94 207 0 1
164 207 0 1
165 207 0 1
166 207 0 1
167 207 0 1
168 207 0 1
169 207 0 1
170 207 0 1
171 207 0 1
172 207 0 1
173 207 0 1
174 207 0 1
192 207 0 2
193 207 0 2
194 207 0 2
195 207 0 2
196 207 0 2
197 207 0 2
198 207 0 2
199 207 0 2
200 207 0 2
201 207 0 2
202 207 0 2
203 207 0 2
204 207 0 2
205 207 0 2
229 207 0 1
230 207 0 1
231 207 0 1
232 207 0 1
233 207 0 1
234 207 0 1
90 206 0 1
91 206 0 1
92 206 0 1
93 206 0 1
94 206 0 1
95 206 0 1
165 206 0 1
166 206 0 1
167 206 0 1
168 206 0 1
169 206 0 1
170 206 0 1
171 206 0 1
172 206 0 1
173 206 0 1
192 206 0 2
193 206 0 2
194 206 0 2
195 206 0 2
196 206 0 2
197 206 0 2
198 206 0 2
199 206 0 2
200 206 0 2
201 206 0 2
202 206 0 2
203 206 0 2
204 206 0 2
205 206 0 2
228 206 0 2
229 206 0 2
230 206 0 2
231 206 0 2
232 206 0 2
233 206 0 1
234 206 0 1
235 206 0 1
236 206 0 1
237 206 0 1
238 206 0 1
89 205 0 1
90 205 0 1
91 205 0 1
92 205 0 1
93 205 0 1
94 205 0 1
95 205 0 1
96 205 0 1
166 205 0 1
167 205 0 1
168 205 0 1
169 205 0 1
170 205 0 1
171 205 0 1
172 205 0 1
192 205 0 2
193 205 0 2
194 205 0 2
195 205 0 2
196 205 0 2
197 205 0 2
198 205 0 2
199 205 0 2
200 205 0 2
201 205 0 2
202 205 0 2
203 205 0 2
204 205 0 2
205 205 0 2
227 205 0 2
228 205 0 2
229 205 0 2
230 205 0 2
231 205 0 2
232 205 0 2
233 205 0 2
234 205 0 2
235 205 0 2
236 205 0 1
237 205 0 1
238 205 0 1
239 205 0 1
240 205 0 1
13 204 0 1
14 204 0 1
15 204 0 1
16 204 0 1
88 204 0 1
89 204 0 1
90 204 0 1
91 204 0 1
92 204 0 1
93 204 0 1
94 204 0 1
95 204 0 1
96 204 0 1
97 204 0 1
192 204 0 2
193 204 0 2
194 204 0 2
195 204 0 2
196 204 0 2
197 204 0 2
198 204 0 2
199 204 0 2
200 204 0 2
201 204 0 2
202 204 0 2
203 204 0 2
204 204 0 2
227 204 0 2
228 204 0 2
229 204 0 2
230 204 0 2
231 204 0 2
232 204 0 2
233 204 0 2
234 204 0 2
235 204 0 2
236 204 0 2
237 204 0 2
238 204 0 1
239 204 0 1
240 204 0 1
11 203 0 1
12 203 0 1
13 203 0 1
14 203 0 1
15 203 0 1
16 203 0 1
17 203 0 1
18 203 0 1
88 203 0 1
89 203 0 1
90 203 0 1
91 203 0 1
92 203 0 1
93 203 0 1
94 203 0 1
95 203 0 1
96 203 0 1
97 203 0 1
193 203 0 2
194 203 0 2
195 203 0 2
196 203 0 1
197 203 0 1
198 203 0 1
199 203 0 1
200 203 0 1
201 203 0 1
202 203 0 1
203 203 0 1
204 203 0 1
227 203 0 2
228 203 0 2
229 203 0 2
230 203 0 2
231 203 0 2
232 203 0 2
233 203 0 2
234 203 0 2
235 203 0 2
236 203 0 2
237 203 0 2
238 203 0 2
239 203 0 2
240 203 0 2
10 202 0 1
11 202 0 1
12 202 0 1
13 202 0 1
14 202 0 1
15 202 0 1
16 202 0 1
17 202 0 1
18 202 0 1
19 202 0 1
88 202 0 1
89 202 0 1
90 202 0 1
91 202 0 1
92 202 0 1
93 202 0 1
94 202 0 1
95 202 0 1
96 202 0 1
97 202 0 1
194 202 0 1
195 202 0 1
196 202 0 1
197 202 0 1
198 202 0 1
199 202 0 1
200 202 0 1
201 202 0 1
202 202 0 1
203 202 0 1
227 202 0 2
228 202 0 2
229 202 0 2
230 202 0 2
231 202 0 2
232 202 0 2
233 202 0 2
234 202 0 2
235 202 0 2
236 202 0 2
237 202 0 2
238 202 0 2
239 202 0 2
240 202 0 2
10 201 0 1
11 201 0 1
12 201 0 1
13 201 0 1
14 201 0 1
15 201 0 1
16 201 0 1
17 201 0 1
18 201 0 1
19 201 0 1
88 201 0 1
89 201 0 1
90 201 0 1
91 201 0 1
92 201 0 1
93 201 0 1
94 201 0 1
95 201 0 1
96 201 0 1
97 201 0 1
227 201 0 2
228 201 0 2
229 201 0 2
230 201 0 2
231 201 0 2
232 201 0 2
233 201 0 2
234 201 0 2
235 201 0 2
236 201 0 2
237 201 0 2
238 201 0 2
239 201 0 2
240 201 0 2
9 200 0 1
10 200 0 1
11 200 0 1
12 200 0 1
13 200 0 1
14 200 0 1
15 200 0 1
16 200 0 1
17 200 0 1
18 200 0 1
19 200 0 1
20 200 0 1
89 200 0 1
90 200 0 1
91 200 0 1
92 200 0 1
93 200 0 1
94 200 0 1
95 200 0 1
96 200 0 1
227 200 0 2
228 200 0 2
229 200 0 2
230 200 0 2
231 200 0 2
232 200 0 2
233 200 0 2
234 200 0 2
235 200 0 2
236 200 0 2
237 200 0 2
238 200 0 2
239 200 0 2
240 200 0 2
9 199 0 1
10 199 0 1
11 199 0 1
12 199 0 1
13 199 0 1
14 199 0 1
15 199 0 1
16 199 0 1
17 199 0 1
18 199 0 1
19 199 0 1
20 199 0 1
90 199 0 1
91 199 0 1
92 199 0 1
93 199 0 1
94 199 0 1
95 199 0 1
227 199 0 1
228 199 0 1
229 199 0 1
230 199 0 2
231 199 0 2
232 199 0 2
233 199 0 2
234 199 0 2
235 199 0 2
236 199 0 2
237 199 0 2
238 199 0 2
239 199 0 2
240 199 0 2
9 198 0 1
10 198 0 1
11 198 0 1
12 198 0 1
13 198 0 1
14 198 0 1
15 198 0 1
16 198 0 1
17 198 0 1
18 198 0 1
19 198 0 1
20 198 0 1
91 198 0 1
92 198 0 1
93 198 0 1
94 198 0 1
228 198 0 1
229 198 0 1
230 198 0 1
231 198 0 2
232 198 0 2
233 198 0 2
234 198 0 2
235 198 0 2
236 198 0 2
237 198 0 2
238 198 0 2
239 198 0 2
240 198 0 2
9 197 0 1
10 197 0 1
11 197 0 1
12 197 0 1
13 197 0 1
14 197 0 1
15 197 0 1
16 197 0 1
17 197 0 1
18 197 0 1
19 197 0 1
20 197 0 1
229 197 0 1
230 197 0 1
231 197 0 1
232 197 0 1
233 197 0 1
234 197 0 1
235 197 0 2
236 197 0 2
237 197 0 1
238 197 0 2
239 197 0 2
10 196 0 1
11 196 0 1
12 196 0 1
13 196 0 1
14 196 0 1
15 196 0 1
16 196 0 1
17 196 0 1
18 196 0 1
19 196 0 1
232 196 0 1
233 196 0 1
234 196 0 1
235 196 0 1
236 196 0 1
237 196 0 1
238 196 0 1
10 195 0 1
11 195 0 1
12 195 0 1
13 195 0 1
14 195 0 1
15 195 0 1
16 195 0 1
17 195 0 1
18 195 0 1
19 195 0 1
11 194 0 1
12 194 0 1
13 194 0 1
14 194 0 1
15 194 0 1
16 194 0 1
17 194 0 1
18 194 0 1
138 194 0 1
139 194 0 1
140 194 0 1
141 194 0 1
142 194 0 1
143 194 0 1
144 194 0 1
145 194 0 1
13 193 0 1
14 193 0 1
15 193 0 1
16 193 0 1
135 193 0 1
136 193 0 1
137 193 0 1
138 193 0 1
139 193 0 1
140 193 0 1
141 193 0 1
142 193 0 1
143 193 0 2
144 193 0 2
145 193 0 2
146 193 0 2
134 192 0 1
135 192 0 1
136 192 0 1
137 192 0 1
138 192 0 1
139 192 0 2
140 192 0 2
141 192 0 2
142 192 0 2
143 192 0 2
144 192 0 2
145 192 0 2
146 192 0 2
147 192 0 2
134 191 0 1
135 191 0 1
136 191 0 2
137 191 0 2
138 191 0 2
139 191 0 2
140 191 0 2
141 191 0 2
142 191 0 2
143 191 0 2
144 191 0 2
145 191 0 2
146 191 0 2
147 191 0 2
134 190 0 2
135 190 0 2
136 190 0 2
137 190 0 2
138 190 0 2
139 190 0 2
140 190 0 2
141 190 0 2
142 190 0 2
143 190 0 2
144 190 0 2
145 190 0 2
146 190 0 2
147 190 0 2
134 189 0 2
135 189 0 2
136 189 0 2
137 189 0 2
138 189 0 2
139 189 0 2
140 189 0 2
141 189 0 2
142 189 0 2
143 189 0 2
144 189 0 2
145 189 0 2
146 189 0 2
147 189 0 2
183 189 0 1
184 189 0 1
185 189 0 1
186 189 0 1
187 189 0 1
188 189 0 1
134 188 0 2
135 188 0 2
136 188 0 2
137 188 0 2
138 188 0 2
139 188 0 2
140 188 0 2
141 188 0 2
142 188 0 2
143 188 0 2
144 188 0 2
145 188 0 2
146 188 0 2
147 188 0 2
181 188 0 1
182 188 0 1
183 188 0 1
184 188 0 1
185 188 0 1
186 188 0 1
187 188 0 1
188 188 0 1
189 188 0 1
190 188 0 1
35 187 0 1
36 187 0 1
37 187 0 1
38 187 0 1
39 187 0 2
40 187 0 2
41 187 0 2
134 187 0 2
135 187 0 2
136 187 0 2
137 187 0 2
138 187 0 2
139 187 0 2
140 187 0 2
141 187 0 2
142 187 0 2
143 187 0 2
144 187 0 2
145 187 0 2
146 187 0 2
147 187 0 1
180 187 0 1
181 187 0 1
182 187 0 1
183 187 0 1
184 187 0 1
185 187 0 1
186 187 0 1
187 187 0 1
188 187 0 1
189 187 0 1
190 187 0 1
191 187 0 1
34 186 0 1
35 186 0 1
36 186 0 1
37 186 0 2
38 186 0 2
39 186 0 2
40 186 0 2
41 186 0 2
42 186 0 2
134 186 0 2
135 186 0 2
136 186 0 2
137 186 0 2
138 186 0 2
139 186 0 2
140 186 0 2
141 186 0 2
142 186 0 2
143 186 0 2
144 186 0 2
145 186 0 1
146 186 0 1
147 186 0 1
180 186 0 1
181 186 0 1
182 186 0 1
183 186 0 1
184 186 0 1
185 186 0 1
186 186 0 1
187 186 0 1
188 186 0 1
189 186 0 1
190 186 0 1
191 186 0 1
33 185 0 2
34 185 0 2
35 185 0 2
36 185 0 2
37 185 0 2
38 185 0 2
39 185 0 2
40 185 0 2
41 185 0 2
42 185 0 2
43 185 0 2
135 185 0 2
136 185 0 2
137 185 0 2
138 185 0 2
139 185 0 2
140 185 0 2
141 185 0 2
142 185 0 2
143 185 0 1
144 185 0 1
145 185 0 1
146 185 0 1
147 185 0 1
179 185 0 1
180 185 0 1
181 185 0 1
182 185 0 1
183 185 0 1
184 185 0 1
185 185 0 1
186 185 0 1
187 185 0 1
188 185 0 1
189 185 0 1
190 185 0 1
191 185 0 1
192 185 0 1
33 184 0 2
34 184 0 2
35 184 0 2
36 184 0 2
37 184 0 2
38 184 0 2
39 184 0 2
40 184 0 2
41 184 0 2
42 184 0 2
43 184 0 2
136 184 0 2
137 184 0 2
138 184 0 1
139 184 0 1
140 184 0 1
141 184 0 1
142 184 0 1
143 184 0 1
144 184 0 1
145 184 0 1
146 184 0 1
179 184 0 1
180 184 0 1
181 184 0 1
182 184 0 1
183 184 0 1
184 184 0 1
185 184 0 1
186 184 0 1
187 184 0 1
188 184 0 1
189 184 0 1
190 184 0 1
191 184 0 1
192 184 0 1
33 183 0 2
34 183 0 2
35 183 0 2
36 183 0 2
37 183 0 2
38 183 0 2
39 183 0 2
40 183 0 2
41 183 0 2
42 183 0 2
43 183 0 2
137 183 0 1
138 183 0 1
139 183 0 1
140 183 0 1
141 183 0 1
142 183 0 1
143 183 0 1
144 183 0 1
179 183 0 1
180 183 0 1
181 183 0 1
182 183 0 1
183 183 0 1
184 183 0 1
185 183 0 1
186 183 0 1
187 183 0 1
188 183 0 1
189 183 0 1
190 183 0 1
191 183 0 1
192 183 0 1
235 183 0 2
236 183 0 2
237 183 0 1
238 183 0 1
239 183 0 1
240 183 0 1
241 183 0 1
33 182 0 2
34 182 0 2
35 182 0 2
36 182 0 2
37 182 0 2
38 182 0 2
39 182 0 2
40 182 0 2
41 182 0 2
42 182 0 2
43 182 0 1
179 182 0 1
180 182 0 1
181 182 0 1
182 182 0 1
183 182 0 1
184 182 0 1
185 182 0 1
186 182 0 1
187 182 0 1
188 182 0 1
189 182 0 1
190 182 0 1
191 182 0 1
192 182 0 1
234 182 0 2
235 182 0 2
236 182 0 2
237 182 0 2
238 182 0 1
239 182 0 1
240 182 0 1
241 182 0 1
242 182 0 1
243 182 0 1
244 182 0 1
33 181 0 2
34 181 0 2
35 181 0 2
36 181 0 2
37 181 0 2
38 181 0 2
39 181 0 2
40 181 0 2
41 181 0 1
42 181 0 1
43 181 0 1
108 181 0 2
109 181 0 2
110 181 0 2
111 181 0 2
112 181 0 2
179 181 0 1
180 181 0 1
181 181 0 1
182 181 0 1
183 181 0 1
184 181 0 1
185 181 0 1
186 181 0 1
187 181 0 1
188 181 0 1
189 181 0 1
190 181 0 1
191 181 0 1
192 181 0 1
233 181 0 2
234 181 0 2
235 181 0 2
236 181 0 2
237 181 0 2
238 181 0 2
239 181 0 2
240 181 0 2
241 181 0 2
242 181 0 1
243 181 0 1
244 181 0 1
245 181 0 1
246 181 0 1
33 180 0 2
34 180 0 2
35 180 0 2
36 180 0 2
37 180 0 2
38 180 0 2
39 180 0 1
40 180 0 1
41 180 0 1
42 180 0 1
43 180 0 1
107 180 0 2
108 180 0 2
109 180 0 2
110 180 0 2
111 180 0 2
112 180 0 2
113 180 0 2
180 180 0 1
181 180 0 1
182 180 0 1
183 180 0 1
184 180 0 1
185 180 0 1
186 180 0 1
187 180 0 1
188 180 0 1
189 180 0 1
190 180 0 1
191 180 0 1
233 180 0 2
234 180 0 2
235 180 0 2
236 180 0 2
237 180 0 2
238 180 0 2
239 180 0 2
240 180 0 2
241 180 0 2
242 180 0 2
243 180 0 1
244 180 0 1
245 180 0 1
246 180 0 1
247 180 0 1
33 179 0 2
34 179 0 2
35 179 0 1
36 179 0 1
37 179 0 1
38 179 0 1
39 179 0 1
40 179 0 1
41 179 0 1
42 179 0 1
106 179 0 2
107 179 0 2
108 179 0 2
109 179 0 2
110 179 0 2
111 179 0 2
112 179 0 2
113 179 0 2
114 179 0 2
180 179 0 1
181 179 0 1
182 179 0 1
183 179 0 1
184 179 0 1
185 179 0 1
186 179 0 1
187 179 0 1
188 179 0 1
189 179 0 1
190 179 0 1
191 179 0 1
233 179 0 2
234 179 0 2
235 179 0 2
236 179 0 2
237 179 0 2
238 179 0 2
239 179 0 2
240 179 0 2
241 179 0 2
242 179 0 2
243 179 0 2
244 179 0 2
245 179 0 1
246 179 0 1
247 179 0 1
33 178 0 1
34 178 0 1
35 178 0 1
36 178 0 1
37 178 0 1
38 178 0 1
39 178 0 1
40 178 0 1
41 178 0 1
105 178 0 2
106 178 0 2
107 178 0 2
108 178 0 2
109 178 0 2
110 178 0 2
111 178 0 2
112 178 0 2
113 178 0 2
114 178 0 2
115 178 0 2
181 178 0 1
182 178 0 1
183 178 0 1
184 178 0 1
185 178 0 1
186 178 0 1
187 178 0 1
188 178 0 1
189 178 0 1
190 178 0 1
233 178 0 2
234 178 0 2
235 178 0 2
236 178 0 2
237 178 0 2
238 178 0 2
239 178 0 2
240 178 0 2
241 178 0 2
242 178 0 2
243 178 0 2
244 178 0 2
245 178 0 2
246 178 0 2
247 178 0 1
34 177 0 1
35 177 0 1
36 177 0 1
37 177 0 1
38 177 0 1
39 177 0 1
40 177 0 1
105 177 0 2
106 177 0 2
107 177 0 2
108 177 0 2
109 177 0 2
110 177 0 2
111 177 0 2
112 177 0 2
113 177 0 2
114 177 0 2
115 177 0 2
183 177 0 1
184 177 0 1
185 177 0 1
186 177 0 1
187 177 0 1
188 177 0 1
233 177 0 2
234 177 0 2
235 177 0 2
236 177 0 2
237 177 0 2
238 177 0 2
239 177 0 2
240 177 0 2
241 177 0 2
242 177 0 2
243 177 0 2
244 177 0 2
245 177 0 2
246 177 0 2
247 177 0 1
105 176 0 2
106 176 0 2
107 176 0 2
108 176 0 2
109 176 0 2
110 176 0 2
111 176 0 2
112 176 0 2
113 176 0 2
114 176 0 2
115 176 0 2
233 176 0 1
234 176 0 1
235 176 0 2
236 176 0 2
237 176 0 2
238 176 0 2
239 176 0 2
240 176 0 2
241 176 0 2
242 176 0 2
243 176 0 2
244 176 0 2
245 176 0 2
246 176 0 2
247 176 0 2
105 175 0 2
106 175 0 2
107 175 0 2
108 175 0 2
109 175 0 2
110 175 0 2
111 175 0 2
112 175 0 2
113 175 0 2
114 175 0 2
115 175 0 2
233 175 0 1
234 175 0 1
235 175 0 2
236 175 0 2
237 175 0 2
238 175 0 2
239 175 0 2
240 175 0 2
241 175 0 2
242 175 0 2
243 175 0 2
244 175 0 2
245 175 0 2
246 175 0 2
247 175 0 2
105 174 0 2
106 174 0 2
107 174 0 2
108 174 0 2
109 174 0 2
110 174 0 2
111 174 0 2
112 174 0 2
113 174 0 2
114 174 0 2
115 174 0 2
234 174 0 1
235 174 0 1
236 174 0 2
237 174 0 2
238 174 0 2
239 174 0 2
240 174 0 2
241 174 0 2
242 174 0 2
243 174 0 2
244 174 0 2
245 174 0 2
246 174 0 2
247 174 0 2
105 173 0 2
106 173 0 2
107 173 0 2
108 173 0 2
109 173 0 2
110 173 0 2
111 173 0 2
112 173 0 2
113 173 0 2
114 173 0 2
115 173 0 2
235 173 0 1
236 173 0 1
237 173 0 1
238 173 0 1
239 173 0 2
240 173 0 1
241 173 0 2
242 173 0 2
243 173 0 2
244 173 0 2
245 173 0 2
246 173 0 2
247 173 0 2
106 172 0 2
107 172 0 2
108 172 0 1
109 172 0 1
110 172 0 1
111 172 0 1
112 172 0 1
113 172 0 1
114 172 0 1
115 172 0 1
235 172 0 1
236 172 0 1
237 172 0 1
238 172 0 1
239 172 0 1
240 172 0 1
241 172 0 1
242 172 0 1
243 172 0 2
244 172 0 2
245 172 0 2
246 172 0 2
107 171 0 1
108 171 0 1
109 171 0 1
110 171 0 1
111 171 0 1
112 171 0 1
113 171 0 1
114 171 0 1
238 171 0 1
239 171 0 1
240 171 0 1
241 171 0 1
242 171 0 1
243 171 0 1
244 171 0 2
245 171 0 2
108 170 0 1
109 170 0 1
110 170 0 1
111 170 0 1
112 170 0 1
240 170 0 1
241 170 0 1
242 170 0 1
243 170 0 1
244 170 0 1
81 166 0 1
82 166 0 1
83 166 0 1
84 166 0 1
85 166 0 1
86 166 0 1
87 166 0 1
88 166 0 1
80 165 0 1
81 165 0 1
82 165 0 1
83 165 0 1
84 165 0 1
85 165 0 1
86 165 0 2
87 165 0 2
88 165 0 2
89 165 0 2
80 164 0 1
81 164 0 1
82 164 0 2
83 164 0 2
84 164 0 2
85 164 0 2
86 164 0 2
87 164 0 2
88 164 0 2
89 164 0 2
90 164 0 2
152 164 0 1
153 164 0 1
80 163 0 2
81 163 0 2
82 163 0 2
83 163 0 2
84 163 0 2
85 163 0 2
86 163 0 2
87 163 0 2
88 163 0 2
89 163 0 2
90 163 0 2
151 163 0 2
152 163 0 1
153 163 0 1
154 163 0 1
155 163 0 1
156 163 0 1
157 163 0 1
158 163 0 1
159 163 0 1
160 163 0 1
161 163 0 1
162 163 0 1
163 163 0 1
164 163 0 1
219 163 0 1
220 163 0 1
221 163 0 1
222 163 0 1
223 163 0 1
224 163 0 1
80 162 0 2
81 162 0 2
82 162 0 2
83 162 0 2
84 162 0 2
85 162 0 2
86 162 0 2
87 162 0 2
88 162 0 2
89 162 0 2
90 162 0 2
150 162 0 2
151 162 0 2
152 162 0 2
153 162 0 1
154 162 0 1
155 162 0 1
156 162 0 1
157 162 0 1
158 162 0 1
159 162 0 1
160 162 0 1
161 162 0 1
162 162 0 1
163 162 0 1
164 162 0 2
217 162 0 1
218 162 0 1
219 162 0 1
220 162 0 1
221 162 0 1
222 162 0 1
223 162 0 1
224 162 0 1
225 162 0 1
226 162 0 1
80 161 0 2
81 161 0 2
82 161 0 2
83 161 0 2
84 161 0 2
85 161 0 2
86 161 0 2
87 161 0 2
88 161 0 2
89 161 0 2
90 161 0 2
150 161 0 2
151 161 0 2
152 161 0 2
153 161 0 2
154 161 0 2
155 161 0 1
156 161 0 1
157 161 0 1
158 161 0 1
159 161 0 1
160 161 0 1
161 161 0 2
162 161 0 2
163 161 0 2
164 161 0 2
216 161 0 1
217 161 0 1
218 161 0 1
219 161 0 1
220 161 0 1
221 161 0 1
222 161 0 1
223 161 0 1
224 161 0 1
225 161 0 1
226 161 0 1
227 161 0 1
44 160 0 1
45 160 0 1
46 160 0 1
47 160 0 1
48 160 0 1
49 160 0 1
50 160 0 1
51 160 0 1
52 160 0 1
53 160 0 1
80 160 0 2
81 160 0 2
82 160 0 2
83 160 0 2
84 160 0 2
85 160 0 2
86 160 0 2
87 160 0 2
88 160 0 2
89 160 0 2
90 160 0 2
150 160 0 2
151 160 0 2
152 160 0 2
153 160 0 2
154 160 0 2
155 160 0 2
156 160 0 2
157 160 0 2
158 160 0 2
159 160 0 2
160 160 0 2
161 160 0 2
162 160 0 2
163 160 0 2
164 160 0 2
216 160 0 1
217 160 0 1
218 160 0 1
219 160 0 1
220 160 0 1
221 160 0 1
222 160 0 1
223 160 0 1
224 160 0 1
225 160 0 1
226 160 0 1
227 160 0 1
43 159 0 1
44 159 0 1
45 159 0 1
46 159 0 1
47 159 0 1
48 159 0 1
49 159 0 1
50 159 0 1
51 159 0 1
52 159 0 1
53 159 0 1
54 159 0 1
80 159 0 2
81 159 0 2
82 159 0 2
83 159 0 2
84 159 0 2
85 159 0 2
86 159 0 2
87 159 0 2
88 159 0 2
89 159 0 2
90 159 0 2
150 159 0 2
151 159 0 2
152 159 0 2
153 159 0 2
154 159 0 2
155 159 0 2
156 159 0 2
157 159 0 2
158 159 0 2
159 159 0 2
160 159 0 2
161 159 0 2
162 159 0 2
163 159 0 2
164 159 0 2
215 159 0 1
216 159 0 1
217 159 0 1
218 159 0 1
219 159 0 1
220 159 0 1
221 159 0 1
222 159 0 1
223 159 0 1
224 159 0 1
225 159 0 1
226 159 0 1
227 159 0 1
228 159 0 1
43 158 0 1
44 158 0 1
45 158 0 1
46 158 0 2
47 158 0 2
48 158 0 2
49 158 0 2
50 158 0 2
51 158 0 2
52 158 0 2
53 158 0 2
54 158 0 2
80 158 0 2
81 158 0 2
82 158 0 2
83 158 0 2
84 158 0 2
85 158 0 2
86 158 0 2
87 158 0 2
88 158 0 1
89 158 0 1
90 158 0 1
150 158 0 2
151 158 0 2
152 158 0 2
153 158 0 2
154 158 0 2
155 158 0 2
156 158 0 2
157 158 0 2
158 158 0 2
159 158 0 2
160 158 0 2
161 158 0 2
162 158 0 2
163 158 0 2
164 158 0 2
215 158 0 1
216 158 0 1
217 158 0 1
218 158 0 1
219 158 0 1
220 158 0 1
221 158 0 1
222 158 0 1
223 158 0 1
224 158 0 1
225 158 0 1
226 158 0 1
227 158 0 1
228 158 0 1
43 157 0 2
44 157 0 2
45 157 0 2
46 157 0 2
47 157 0 2
48 157 0 2
49 157 0 2
50 157 0 2
51 157 0 2
52 157 0 2
53 157 0 2
54 157 0 2
81 157 0 2
82 157 0 2
83 157 0 2
84 157 0 2
85 157 0 1
86 157 0 1
87 157 0 1
88 157 0 1
89 157 0 1
90 157 0 1
150 157 0 2
151 157 0 2
152 157 0 2
153 157 0 2
154 157 0 2
155 157 0 2
156 157 0 2
157 157 0 2
158 157 0 2
159 157 0 2
160 157 0 2
161 157 0 2
162 157 0 2
163 157 0 2
164 157 0 2
215 157 0 1
216 157 0 1
217 157 0 1
218 157 0 1
219 157 0 1
220 157 0 1
221 157 0 1
222 157 0 1
223 157 0 1
224 157 0 1
225 157 0 1
226 157 0 1
227 157 0 1
228 157 0 1
43 156 0 2
44 156 0 2
45 156 0 2
46 156 0 2
47 156 0 2
48 156 0 2
49 156 0 2
50 156 0 2
51 156 0 2
52 156 0 2
53 156 0 2
54 156 0 2
83 156 0 1
84 156 0 1
85 156 0 1
86 156 0 1
87 156 0 1
88 156 0 1
150 156 0 2
151 156 0 2
152 156 0 2
153 156 0 2
154 156 0 2
155 156 0 2
156 156 0 2
157 156 0 2
158 156 0 2
159 156 0 2
160 156 0 2
161 156 0 2
162 156 0 2
163 156 0 2
164 156 0 2
215 156 0 1
216 156 0 1
217 156 0 1
218 156 0 1
219 156 0 1
220 156 0 1
221 156 0 1
222 156 0 1
223 156 0 1
224 156 0 1
225 156 0 1
226 156 0 1
227 156 0 1
228 156 0 1
43 155 0 2
44 155 0 2
45 155 0 2
46 155 0 2
47 155 0 2
48 155 0 2
49 155 0 2
50 155 0 2
51 155 0 2
52 155 0 2
53 155 0 2
54 155 0 2
150 155 0 1
151 155 0 2
152 155 0 2
153 155 0 2
154 155 0 2
155 155 0 2
156 155 0 2
157 155 0 2
158 155 0 2
159 155 0 2
160 155 0 2
161 155 0 2
162 155 0 2
163 155 0 2
215 155 0 1
216 155 0 1
217 155 0 1
218 155 0 1
219 155 0 1
220 155 0 1
221 155 0 1
222 155 0 1
223 155 0 1
224 155 0 1
225 155 0 1
226 155 0 1
227 155 0 1
228 155 0 1
43 154 0 2
44 154 0 2
45 154 0 2
46 154 0 2
47 154 0 2
48 154 0 2
49 154 0 2
50 154 0 2
51 154 0 2
52 154 0 2
53 154 0 2
54 154 0 2
150 154 0 1
151 154 0 1
152 154 0 1
153 154 0 1
154 154 0 1
155 154 0 1
156 154 0 1
157 154 0 1
158 154 0 1
159 154 0 1
160 154 0 1
161 154 0 1
162 154 0 1
215 154 0 1
216 154 0 1
217 154 0 1
218 154 0 1
219 154 0 1
220 154 0 1
221 154 0 1
222 154 0 1
223 154 0 1
224 154 0 1
225 154 0 1
226 154 0 1
227 154 0 1
228 154 0 1
43 153 0 2
44 153 0 2
45 153 0 2
46 153 0 2
47 153 0 2
48 153 0 2
49 153 0 2
50 153 0 2
51 153 0 2
52 153 0 2
53 153 0 2
54 153 0 2
151 153 0 1
152 153 0 1
153 153 0 1
154 153 0 1
155 153 0 1
156 153 0 1
157 153 0 1
158 153 0 1
159 153 0 1
160 153 0 1
161 153 0 1
216 153 0 1
217 153 0 1
218 153 0 1
219 153 0 1
220 153 0 1
221 153 0 1
222 153 0 1
223 153 0 1
224 153 0 1
225 153 0 1
226 153 0 1
227 153 0 1
43 152 0 2
44 152 0 2
45 152 0 2
46 152 0 2
47 152 0 2
48 152 0 2
49 152 0 2
50 152 0 2
51 152 0 2
52 152 0 2
53 152 0 2
54 152 0 2
216 152 0 1
217 152 0 1
218 152 0 1
219 152 0 1
220 152 0 1
221 152 0 1
222 152 0 1
223 152 0 1
224 152 0 1
225 152 0 1
226 152 0 1
227 152 0 1
44 151 0 2
45 151 0 2
46 151 0 2
47 151 0 2
48 151 0 2
49 151 0 2
50 151 0 2
51 151 0 2
52 151 0 2
53 151 0 2
54 151 0 2
217 151 0 1
218 151 0 1
219 151 0 1
220 151 0 1
221 151 0 1
222 151 0 1
223 151 0 1
224 151 0 1
225 151 0 1
226 151 0 1
15 150 0 1
16 150 0 1
17 150 0 1
18 150 0 1
19 150 0 1
20 150 0 1
45 150 0 1
46 150 0 1
47 150 0 1
48 150 0 1
49 150 0 1
50 150 0 1
51 150 0 1
52 150 0 1
53 150 0 1
219 150 0 1
220 150 0 1
221 150 0 1
222 150 0 1
223 150 0 1
224 150 0 1
14 149 0 1
15 149 0 1
16 149 0 1
17 149 0 1
18 149 0 1
19 149 0 1
20 149 0 1
21 149 0 1
46 149 0 1
47 149 0 1
48 149 0 1
49 149 0 1
50 149 0 1
51 149 0 1
52 149 0 1
13 148 0 1
14 148 0 1
15 148 0 1
16 148 0 1
17 148 0 1
18 148 0 1
19 148 0 1
20 148 0 1
21 148 0 1
22 148 0 1
125 148 0 1
126 148 0 1
127 148 0 1
128 148 0 1
129 148 0 1
130 148 0 1
131 148 0 1
13 147 0 1
14 147 0 1
15 147 0 1
16 147 0 1
17 147 0 1
18 147 0 1
19 147 0 1
20 147 0 1
21 147 0 1
22 147 0 1
123 147 0 1
124 147 0 1
125 147 0 1
126 147 0 1
127 147 0 1
128 147 0 1
129 147 0 1
130 147 0 1
131 147 0 1
132 147 0 1
133 147 0 1
13 146 0 1
14 146 0 1
15 146 0 1
16 146 0 1
17 146 0 1
18 146 0 1
19 146 0 1
20 146 0 1
21 146 0 1
22 146 0 1
122 146 0 1
123 146 0 1
124 146 0 1
125 146 0 1
126 146 0 1
127 146 0 1
128 146 0 1
129 146 0 1
130 146 0 1
131 146 0 1
132 146 0 1
133 146 0 1
134 146 0 1
13 145 0 1
14 145 0 1
15 145 0 1
16 145 0 1
17 145 0 1
18 145 0 1
19 145 0 1
20 145 0 1
21 145 0 1
22 145 0 1
122 145 0 1
123 145 0 1
124 145 0 1
125 145 0 1
126 145 0 1
127 145 0 1
128 145 0 1
129 145 0 1
130 145 0 1
131 145 0 1
132 145 0 1
133 145 0 1
134 145 0 1
13 144 0 1
14 144 0 1
15 144 0 1
16 144 0 1
17 144 0 1
18 144 0 1
19 144 0 1
20 144 0 1
21 144 0 1
22 144 0 1
121 144 0 1
122 144 0 1
123 144 0 1
124 144 0 1
125 144 0 1
126 144 0 1
127 144 0 1
128 144 0 1
129 144 0 1
130 144 0 1
131 144 0 1
132 144 0 1
133 144 0 1
134 144 0 1
135 144 0 1
13 143 0 1
14 143 0 1
15 143 0 1
16 143 0 1
17 143 0 1
18 143 0 1
19 143 0 1
20 143 0 1
21 143 0 1
22 143 0 1
121 143 0 1
122 143 0 1
123 143 0 1
124 143 0 1
125 143 0 1
126 143 0 1
127 143 0 1
128 143 0 1
129 143 0 1
130 143 0 1
131 143 0 1
132 143 0 1
133 143 0 1
134 143 0 1
135 143 0 1
187 143 0 1
188 143 0 1
189 143 0 1
190 143 0 1
191 143 0 1
192 143 0 1
193 143 0 1
194 143 0 1
195 143 0 1
196 143 0 1
197 143 0 1
13 142 0 1
14 142 0 1
15 142 0 1
16 142 0 1
17 142 0 1
18 142 0 1
19 142 0 1
20 142 0 1
21 142 0 1
22 142 0 1
121 142 0 1
122 142 0 1
123 142 0 1
124 142 0 1
125 142 0 1
126 142 0 1
127 142 0 1
128 142 0 1
129 142 0 1
130 142 0 1
131 142 0 1
132 142 0 1
133 142 0 1
134 142 0 1
135 142 0 1
186 142 0 1
187 142 0 1
188 142 0 1
189 142 0 1
190 142 0 1
191 142 0 1
192 142 0 1
193 142 0 1
194 142 0 1
195 142 0 1
196 142 0 1
197 142 0 1
198 142 0 2
14 141 0 1
15 141 0 1
16 141 0 1
17 141 0 1
18 141 0 1
19 141 0 1
20 141 0 1
21 141 0 1
121 141 0 1
122 141 0 1
123 141 0 1
124 141 0 1
125 141 0 1
126 141 0 1
127 141 0 1
128 141 0 1
129 141 0 1
130 141 0 1
131 141 0 1
132 141 0 1
133 141 0 1
134 141 0 1
135 141 0 1
185 141 0 1
186 141 0 1
187 141 0 1
188 141 0 1
189 141 0 2
190 141 0 2
191 141 0 2
192 141 0 2
193 141 0 2
194 141 0 2
195 141 0 2
196 141 0 2
197 141 0 2
198 141 0 2
199 141 0 2
15 140 0 1
16 140 0 1
17 140 0 1
18 140 0 1
19 140 0 1
20 140 0 1
121 140 0 1
122 140 0 1
123 140 0 1
124 140 0 1
125 140 0 1
126 140 0 1
127 140 0 1
128 140 0 1
129 140 0 1
130 140 0 1
131 140 0 1
132 140 0 1
133 140 0 1
134 140 0 1
135 140 0 1
185 140 0 1
186 140 0 1
187 140 0 2
188 140 0 2
189 140 0 2
190 140 0 2
191 140 0 2
192 140 0 2
193 140 0 2
194 140 0 2
195 140 0 2
196 140 0 2
197 140 0 2
198 140 0 2
199 140 0 2
121 139 0 1
122 139 0 1
123 139 0 1
124 139 0 1
125 139 0 1
126 139 0 1
127 139 0 1
128 139 0 1
129 139 0 1
130 139 0 1
131 139 0 1
132 139 0 1
133 139 0 1
134 139 0 1
135 139 0 1
185 139 0 2
186 139 0 2
187 139 0 2
188 139 0 2
189 139 0 2
190 139 0 2
191 139 0 2
192 139 0 2
193 139 0 2
194 139 0 2
195 139 0 2
196 139 0 2
197 139 0 2
198 139 0 2
199 139 0 2
122 138 0 1
123 138 0 1
124 138 0 1
125 138 0 1
126 138 0 1
127 138 0 1
128 138 0 1
129 138 0 1
130 138 0 1
131 138 0 1
132 138 0 1
133 138 0 1
134 138 0 1
185 138 0 2
186 138 0 2
187 138 0 2
188 138 0 2
189 138 0 2
190 138 0 2
191 138 0 2
192 138 0 2
193 138 0 2
194 138 0 2
195 138 0 2
196 138 0 2
197 138 0 2
198 138 0 2
199 138 0 2
122 137 0 1
123 137 0 1
124 137 0 1
125 137 0 1
126 137 0 1
127 137 0 1
128 137 0 1
129 137 0 1
130 137 0 1
131 137 0 1
132 137 0 1
133 137 0 1
134 137 0 1
185 137 0 2
186 137 0 2
187 137 0 2
188 137 0 2
189 137 0 2
190 137 0 2
191 137 0 2
192 137 0 2
193 137 0 2
194 137 0 2
195 137 0 2
196 137 0 2
197 137 0 2
198 137 0 2
199 137 0 2
123 136 0 1
124 136 0 1
125 136 0 1
126 136 0 1
127 136 0 1
128 136 0 1
129 136 0 1
130 136 0 1
131 136 0 1
132 136 0 1
133 136 0 1
185 136 0 2
186 136 0 2
187 136 0 2
188 136 0 2
189 136 0 2
190 136 0 2
191 136 0 2
192 136 0 2
193 136 0 2
194 136 0 2
195 136 0 2
196 136 0 2
197 136 0 2
198 136 0 2
199 136 0 2
125 135 0 1
126 135 0 1
127 135 0 1
128 135 0 1
129 135 0 1
130 135 0 1
131 135 0 1
185 135 0 2
186 135 0 2
187 135 0 2
188 135 0 2
189 135 0 2
190 135 0 2
191 135 0 2
192 135 0 2
193 135 0 2
194 135 0 2
195 135 0 2
196 135 0 2
197 135 0 1
198 135 0 1
199 135 0 1
186 134 0 2
187 134 0 1
188 134 0 1
189 134 0 1
190 134 0 1
191 134 0 1
192 134 0 1
193 134 0 1
194 134 0 1
195 134 0 1
196 134 0 1
197 134 0 1
198 134 0 1
199 134 0 1
187 133 0 1
188 133 0 1
189 133 0 1
190 133 0 1
191 133 0 1
192 133 0 1
193 133 0 1
194 133 0 1
195 133 0 1
196 133 0 1
197 133 0 1
198 133 0 1
103 129 0 2
104 129 0 2
105 129 0 2
106 129 0 2
107 129 0 2
108 129 0 2
109 129 0 2
110 129 0 2
111 129 0 2
112 129 0 1
113 129 0 1
114 129 0 1
115 129 0 1
116 129 0 1
102 128 0 2
103 128 0 2
104 128 0 2
105 128 0 2
106 128 0 2
107 128 0 2
108 128 0 2
109 128 0 2
110 128 0 2
111 128 0 2
112 128 0 1
113 128 0 1
114 128 0 1
115 128 0 1
116 128 0 1
101 127 0 2
102 127 0 2
103 127 0 2
104 127 0 2
105 127 0 2
106 127 0 2
107 127 0 2
108 127 0 2
109 127 0 2
110 127 0 2
111 127 0 2
112 127 0 2
113 127 0 2
114 127 0 2
115 127 0 2
116 127 0 2
208 127 0 1
209 127 0 1
210 127 0 1
211 127 0 1
212 127 0 1
213 127 0 1
214 127 0 1
101 126 0 2
102 126 0 2
103 126 0 2
104 126 0 2
105 126 0 2
106 126 0 2
107 126 0 2
108 126 0 2
109 126 0 2
110 126 0 2
111 126 0 2
112 126 0 2
113 126 0 2
114 126 0 2
115 126 0 2
116 126 0 2
206 126 0 1
207 126 0 1
208 126 0 1
209 126 0 1
210 126 0 1
211 126 0 1
212 126 0 1
213 126 0 1
214 126 0 1
215 126 0 1
216 126 0 1
52 125 0 1
53 125 0 1
54 125 0 1
55 125 0 1
101 125 0 2
102 125 0 2
103 125 0 2
104 125 0 2
105 125 0 2
106 125 0 2
107 125 0 2
108 125 0 2
109 125 0 2
110 125 0 2
111 125 0 2
112 125 0 2
113 125 0 2
114 125 0 2
115 125 0 2
116 125 0 2
205 125 0 1
206 125 0 1
207 125 0 1
208 125 0 1
209 125 0 1
210 125 0 1
211 125 0 1
212 125 0 1
213 125 0 1
214 125 0 1
215 125 0 1
216 125 0 1
217 125 0 1
12 124 0 1
13 124 0 1
14 124 0 1
15 124 0 1
16 124 0 1
17 124 0 1
18 124 0 1
50 124 0 2
51 124 0 1
52 124 0 1
53 124 0 1
54 124 0 1
55 124 0 1
56 124 0 1
57 124 0 1
101 124 0 2
102 124 0 2
103 124 0 2
104 124 0 2
105 124 0 2
106 124 0 2
107 124 0 2
108 124 0 2
109 124 0 2
110 124 0 2
111 124 0 2
112 124 0 2
113 124 0 2
114 124 0 2
115 124 0 2
116 124 0 2
205 124 0 1
206 124 0 1
207 124 0 1
208 124 0 1
209 124 0 1
210 124 0 1
211 124 0 1
212 124 0 1
213 124 0 1
214 124 0 1
215 124 0 1
216 124 0 1
217 124 0 1
10 123 0 1
11 123 0 1
12 123 0 1
13 123 0 1
14 123 0 1
15 123 0 1
16 123 0 1
17 123 0 1
18 123 0 1
19 123 0 1
20 123 0 1
49 123 0 2
50 123 0 2
51 123 0 2
52 123 0 2
53 123 0 1
54 123 0 1
55 123 0 1
56 123 0 1
57 123 0 1
58 123 0 1
101 123 0 1
102 123 0 1
103 123 0 2
104 123 0 2
105 123 0 2
106 123 0 2
107 123 0 2
108 123 0 2
109 123 0 2
110 123 0 2
111 123 0 2
112 123 0 2
113 123 0 2
114 123 0 2
115 123 0 2
116 123 0 2
204 123 0 1
205 123 0 1
206 123 0 1
207 123 0 1
208 123 0 1
209 123 0 1
210 123 0 1
211 123 0 1
212 123 0 1
213 123 0 1
214 123 0 1
215 123 0 1
216 123 0 1
217 123 0 1
218 123 0 1
9 122 0 1
10 122 0 1
11 122 0 1
12 122 0 1
13 122 0 1
14 122 0 1
15 122 0 1
16 122 0 1
17 122 0 1
18 122 0 1
19 122 0 1
20 122 0 1
21 122 0 1
49 122 0 2
50 122 0 2
51 122 0 2
52 122 0 2
53 122 0 2
54 122 0 2
55 122 0 1
56 122 0 1
57 122 0 1
58 122 0 1
59 122 0 1
101 122 0 1
102 122 0 1
103 122 0 1
104 122 0 1
105 122 0 2
106 122 0 2
107 122 0 2
108 122 0 2
109 122 0 2
110 122 0 2
111 122 0 2
112 122 0 2
113 122 0 2
114 122 0 2
115 122 0 2
116 122 0 2
164 122 0 1
165 122 0 1
166 122 0 1
167 122 0 1
168 122 0 1
169 122 0 1
170 122 0 1
204 122 0 1
205 122 0 1
206 122 0 1
207 122 0 1
208 122 0 1
209 122 0 1
210 122 0 1
211 122 0 1
212 122 0 1
213 122 0 1
214 122 0 1
215 122 0 1
216 122 0 1
217 122 0 1
218 122 0 1
9 121 0 1
10 121 0 1
11 121 0 1
12 121 0 1
13 121 0 1
14 121 0 1
15 121 0 1
16 121 0 1
17 121 0 1
18 121 0 1
19 121 0 1
20 121 0 1
21 121 0 1
49 121 0 2
50 121 0 2
51 121 0 2
52 121 0 2
53 121 0 2
54 121 0 2
55 121 0 2
56 121 0 1
57 121 0 1
58 121 0 1
59 121 0 1
60 121 0 1
101 121 0 1
102 121 0 1
103 121 0 1
104 121 0 1
105 121 0 2
106 121 0 2
107 121 0 2
108 121 0 2
109 121 0 1
110 121 0 2
111 121 0 1
112 121 0 2
113 121 0 2
114 121 0 1
115 121 0 1
116 121 0 1
162 121 0 1
163 121 0 1
164 121 0 1
165 121 0 1
166 121 0 1
167 121 0 1
168 121 0 1
169 121 0 1
170 121 0 1
171 121 0 1
172 121 0 1
204 121 0 1
205 121 0 1
206 121 0 1
207 121 0 1
208 121 0 1
209 121 0 1
210 121 0 1
211 121 0 1
212 121 0 1
213 121 0 1
214 121 0 1
215 121 0 1
216 121 0 1
217 121 0 1
218 121 0 1
8 120 0 1
9 120 0 1
10 120 0 1
11 120 0 1
12 120 0 1
13 120 0 1
14 120 0 1
15 120 0 1
16 120 0 1
17 120 0 1
18 120 0 1
19 120 0 1
20 120 0 1
21 120 0 1
22 120 0 1
49 120 0 2
50 120 0 2
51 120 0 2
52 120 0 2
53 120 0 2
54 120 0 2
55 120 0 2
56 120 0 2
57 120 0 1
58 120 0 1
59 120 0 1
60 120 0 1
102 120 0 1
103 120 0 1
104 120 0 1
105 120 0 1
106 120 0 1
107 120 0 1
108 120 0 1
109 120 0 1
110 120 0 1
111 120 0 1
112 120 0 1
113 120 0 1
114 120 0 1
115 120 0 1
116 120 0 1
161 120 0 1
162 120 0 1
163 120 0 1
164 120 0 1
165 120 0 1
166 120 0 1
167 120 0 1
168 120 0 1
169 120 0 1
170 120 0 1
171 120 0 1
172 120 0 1
173 120 0 1
204 120 0 1
205 120 0 1
206 120 0 1
207 120 0 1
208 120 0 1
209 120 0 1
210 120 0 1
211 120 0 1
212 120 0 1
213 120 0 1
214 120 0 1
215 120 0 1
216 120 0 1
217 120 0 1
218 120 0 1
8 119 0 1
9 119 0 1
10 119 0 1
11 119 0 1
12 119 0 1
13 119 0 1
14 119 0 1
15 119 0 1
16 119 0 1
17 119 0 1
18 119 0 1
19 119 0 1
20 119 0 1
21 119 0 1
22 119 0 1
49 119 0 2
50 119 0 2
51 119 0 2
52 119 0 2
53 119 0 2
54 119 0 2
55 119 0 2
56 119 0 2
57 119 0 2
58 119 0 1
59 119 0 1
60 119 0 1
104 119 0 1
105 119 0 1
106 119 0 1
107 119 0 1
108 119 0 1
109 119 0 1
110 119 0 1
111 119 0 1
112 119 0 1
113 119 0 1
114 119 0 1
115 119 0 1
116 119 0 1
161 119 0 1
162 119 0 1
163 119 0 1
164 119 0 1
165 119 0 1
166 119 0 1
167 119 0 1
168 119 0 1
169 119 0 1
170 119 0 1
171 119 0 1
172 119 0 1
173 119 0 1
204 119 0 1
205 119 0 1
206 119 0 1
207 119 0 1
208 119 0 1
209 119 0 1
210 119 0 1
211 119 0 1
212 119 0 1
213 119 0 1
214 119 0 1
215 119 0 1
216 119 0 1
217 119 0 1
218 119 0 1
8 118 0 1
9 118 0 1
10 118 0 1
11 118 0 1
12 118 0 1
13 118 0 1
14 118 0 1
15 118 0 1
16 118 0 1
17 118 0 1
18 118 0 1
19 118 0 1
20 118 0 1
21 118 0 1
22 118 0 1
49 118 0 2
50 118 0 2
51 118 0 2
52 118 0 2
53 118 0 2
54 118 0 2
55 118 0 2
56 118 0 2
57 118 0 2
58 118 0 2
59 118 0 2
60 118 0 2
105 118 0 1
106 118 0 1
107 118 0 1
108 118 0 1
160 118 0 1
161 118 0 1
162 118 0 1
163 118 0 1
164 118 0 1
165 118 0 1
166 118 0 1
167 118 0 1
168 118 0 1
169 118 0 1
170 118 0 1
171 118 0 1
172 118 0 1
173 118 0 1
174 118 0 1
204 118 0 1
205 118 0 1
206 118 0 1
207 118 0 1
208 118 0 1
209 118 0 1
210 118 0 1
211 118 0 1
212 118 0 1
213 118 0 1
214 118 0 1
215 118 0 1
216 118 0 1
217 118 0 1
218 118 0 1
8 117 0 1
9 117 0 1
10 117 0 1
11 117 0 1
12 117 0 1
13 117 0 1
14 117 0 1
15 117 0 1
16 117 0 1
17 117 0 1
18 117 0 1
19 117 0 1
20 117 0 1
21 117 0 1
22 117 0 1
49 117 0 2
50 117 0 2
51 117 0 2
52 117 0 2
53 117 0 2
54 117 0 2
55 117 0 2
56 117 0 2
57 117 0 2
58 117 0 2
59 117 0 2
60 117 0 2
160 117 0 1
161 117 0 1
162 117 0 1
163 117 0 1
164 117 0 1
165 117 0 1
166 117 0 1
167 117 0 1
168 117 0 1
169 117 0 1
170 117 0 1
171 117 0 1
172 117 0 1
173 117 0 1
174 117 0 1
205 117 0 1
206 117 0 1
207 117 0 1
208 117 0 1
209 117 0 1
210 117 0 1
211 117 0 1
212 117 0 1
213 117 0 1
214 117 0 1
215 117 0 1
216 117 0 1
217 117 0 1
8 116 0 1
9 116 0 1
10 116 0 1
11 116 0 1
12 116 0 1
13 116 0 1
14 116 0 1
15 116 0 1
16 116 0 1
17 116 0 1
18 116 0 1
19 116 0 1
20 116 0 1
21 116 0 1
22 116 0 1
49 116 0 1
50 116 0 1
51 116 0 1
52 116 0 2
53 116 0 2
54 116 0 2
55 116 0 2
56 116 0 2
57 116 0 2
58 116 0 2
59 116 0 2
60 116 0 2
160 116 0 1
161 116 0 1
162 116 0 1
163 116 0 1
164 116 0 1
165 116 0 1
166 116 0 1
167 116 0 1
168 116 0 1
169 116 0 1
170 116 0 1
171 116 0 1
172 116 0 1
173 116 0 1
174 116 0 1
205 116 0 1
206 116 0 1
207 116 0 1
208 116 0 1
209 116 0 1
210 116 0 1
211 116 0 1
212 116 0 1
213 116 0 1
214 116 0 1
215 116 0 1
216 116 0 1
217 116 0 1
8 115 0 1
9 115 0 1
10 115 0 1
11 115 0 1
12 115 0 1
13 115 0 1
14 115 0 1
15 115 0 1
16 115 0 1
17 115 0 1
18 115 0 1
19 115 0 1
20 115 0 1
21 115 0 1
22 115 0 1
49 115 0 1
50 115 0 1
51 115 0 1
52 115 0 1
53 115 0 1
54 115 0 1
55 115 0 1
56 115 0 2
57 115 0 2
58 115 0 2
59 115 0 2
60 115 0 2
160 115 0 1
161 115 0 1
162 115 0 1
163 115 0 1
164 115 0 1
165 115 0 1
166 115 0 1
167 115 0 1
168 115 0 1
169 115 0 1
170 115 0 1
171 115 0 1
172 115 0 1
173 115 0 1
174 115 0 1
206 115 0 1
207 115 0 1
208 115 0 1
209 115 0 1
210 115 0 1
211 115 0 1
212 115 0 1
213 115 0 1
214 115 0 1
215 115 0 1
216 115 0 1
9 114 0 1
10 114 0 1
11 114 0 1
12 114 0 1
13 114 0 1
14 114 0 1
15 114 0 1
16 114 0 1
17 114 0 1
18 114 0 1
19 114 0 1
20 114 0 1
21 114 0 1
50 114 0 1
51 114 0 1
52 114 0 1
53 114 0 1
54 114 0 1
55 114 0 1
56 114 0 2
57 114 0 2
58 114 0 2
59 114 0 2
126 114 0 1
127 114 0 1
128 114 0 1
129 114 0 1
130 114 0 1
131 114 0 1
160 114 0 1
161 114 0 1
162 114 0 1
163 114 0 1
164 114 0 1
165 114 0 1
166 114 0 1
167 114 0 1
168 114 0 1
169 114 0 1
170 114 0 1
171 114 0 1
172 114 0 1
173 114 0 1
174 114 0 1
208 114 0 1
209 114 0 1
210 114 0 1
211 114 0 1
212 114 0 1
213 114 0 1
214 114 0 1
9 113 0 1
10 113 0 1
11 113 0 1
12 113 0 1
13 113 0 1
14 113 0 1
15 113 0 1
16 113 0 1
17 113 0 1
18 113 0 1
19 113 0 1
20 113 0 1
21 113 0 1
52 113 0 1
53 113 0 1
54 113 0 1
55 113 0 1
56 113 0 1
57 113 0 1
58 113 0 2
125 113 0 2
126 113 0 1
127 113 0 1
128 113 0 1
129 113 0 1
130 113 0 1
131 113 0 1
161 113 0 1
162 113 0 1
163 113 0 1
164 113 0 1
165 113 0 1
166 113 0 1
167 113 0 1
168 113 0 1
169 113 0 1
170 113 0 1
171 113 0 1
172 113 0 1
173 113 0 1
10 112 0 1
11 112 0 1
12 112 0 1
13 112 0 1
14 112 0 1
15 112 0 1
16 112 0 1
17 112 0 1
18 112 0 1
19 112 0 1
20 112 0 1
54 112 0 1
55 112 0 1
56 112 0 1
124 112 0 2
125 112 0 2
126 112 0 2
127 112 0 2
128 112 0 2
129 112 0 1
130 112 0 1
131 112 0 1
132 112 0 1
133 112 0 1
134 112 0 1
161 112 0 1
162 112 0 1
163 112 0 1
164 112 0 1
165 112 0 1
166 112 0 1
167 112 0 1
168 112 0 1
169 112 0 1
170 112 0 1
171 112 0 1
172 112 0 1
173 112 0 1
12 111 0 1
13 111 0 1
14 111 0 1
15 111 0 1
16 111 0 1
17 111 0 1
18 111 0 1
124 111 0 2
125 111 0 2
126 111 0 2
127 111 0 2
128 111 0 2
129 111 0 2
130 111 0 2
131 111 0 1
132 111 0 1
133 111 0 1
134 111 0 1
135 111 0 1
136 111 0 1
137 111 0 1
162 111 0 1
163 111 0 1
164 111 0 1
165 111 0 1
166 111 0 1
167 111 0 1
168 111 0 1
169 111 0 1
170 111 0 1
171 111 0 1
172 111 0 1
124 110 0 2
125 110 0 2
126 110 0 2
127 110 0 2
128 110 0 2
129 110 0 2
130 110 0 2
131 110 0 2
132 110 0 1
133 110 0 1
134 110 0 1
135 110 0 1
136 110 0 1
137 110 0 1
164 110 0 1
165 110 0 1
166 110 0 1
167 110 0 1
168 110 0 1
169 110 0 1
170 110 0 1
124 109 0 2
125 109 0 2
126 109 0 2
127 109 0 2
128 109 0 2
129 109 0 2
130 109 0 2
131 109 0 2
132 109 0 2
133 109 0 2
134 109 0 2
135 109 0 1
136 109 0 1
137 109 0 2
124 108 0 2
125 108 0 2
126 108 0 2
127 108 0 2
128 108 0 2
129 108 0 2
130 108 0 2
131 108 0 2
132 108 0 2
133 108 0 2
134 108 0 2
135 108 0 2
136 108 0 2
137 108 0 2
124 107 0 2
125 107 0 2
126 107 0 2
127 107 0 2
128 107 0 2
129 107 0 2
130 107 0 2
131 107 0 2
132 107 0 2
133 107 0 2
134 107 0 2
135 107 0 2
136 107 0 2
137 107 0 2
235 107 0 1
236 107 0 1
237 107 0 1
238 107 0 1
239 107 0 1
240 107 0 1
241 107 0 1
242 107 0 1
243 107 0 1
244 107 0 1
124 106 0 2
125 106 0 2
126 106 0 2
127 106 0 2
128 106 0 2
129 106 0 2
130 106 0 2
131 106 0 2
132 106 0 2
133 106 0 2
134 106 0 2
135 106 0 2
136 106 0 2
137 106 0 2
235 106 0 1
236 106 0 1
237 106 0 1
238 106 0 1
239 106 0 1
240 106 0 1
241 106 0 1
242 106 0 1
243 106 0 1
244 106 0 1
124 105 0 2
125 105 0 2
126 105 0 2
127 105 0 2
128 105 0 2
129 105 0 2
130 105 0 2
131 105 0 2
132 105 0 2
133 105 0 2
134 105 0 2
135 105 0 2
136 105 0 2
137 105 0 2
234 105 0 1
235 105 0 1
236 105 0 1
237 105 0 1
238 105 0 1
239 105 0 1
240 105 0 1
241 105 0 2
242 105 0 2
243 105 0 1
244 105 0 1
245 105 0 1
124 104 0 1
125 104 0 1
126 104 0 1
127 104 0 1
128 104 0 2
129 104 0 2
130 104 0 2
131 104 0 2
132 104 0 2
133 104 0 2
134 104 0 2
135 104 0 2
136 104 0 2
137 104 0 2
233 104 0 1
234 104 0 1
235 104 0 1
236 104 0 2
237 104 0 2
238 104 0 2
239 104 0 2
240 104 0 2
241 104 0 2
242 104 0 2
243 104 0 2
244 104 0 2
245 104 0 2
246 104 0 2
124 103 0 1
125 103 0 1
126 103 0 1
127 103 0 1
128 103 0 1
129 103 0 1
130 103 0 1
131 103 0 2
132 103 0 2
133 103 0 2
134 103 0 2
135 103 0 2
136 103 0 2
233 103 0 2
234 103 0 2
235 103 0 2
236 103 0 2
237 103 0 2
238 103 0 2
239 103 0 2
240 103 0 2
241 103 0 2
242 103 0 2
243 103 0 2
244 103 0 2
245 103 0 2
246 103 0 2
125 102 0 1
126 102 0 1
127 102 0 1
128 102 0 1
129 102 0 1
130 102 0 1
131 102 0 1
132 102 0 1
133 102 0 1
134 102 0 1
135 102 0 1
233 102 0 2
234 102 0 2
235 102 0 2
236 102 0 2
237 102 0 2
238 102 0 2
239 102 0 2
240 102 0 2
241 102 0 2
242 102 0 2
243 102 0 2
244 102 0 2
245 102 0 2
246 102 0 2
129 101 0 1
130 101 0 1
131 101 0 1
132 101 0 1
133 101 0 1
134 101 0 1
233 101 0 2
234 101 0 2
235 101 0 2
236 101 0 2
237 101 0 2
238 101 0 2
239 101 0 2
240 101 0 2
241 101 0 2
242 101 0 2
243 101 0 2
244 101 0 2
245 101 0 2
246 101 0 2
20 100 0 1
21 100 0 1
22 100 0 1
23 100 0 1
24 100 0 1
25 100 0 1
26 100 0 1
27 100 0 1
28 100 0 1
29 100 0 1
30 100 0 1
233 100 0 2
234 100 0 2
235 100 0 2
236 100 0 2
237 100 0 2
238 100 0 2
239 100 0 2
240 100 0 2
241 100 0 2
242 100 0 2
243 100 0 2
244 100 0 2
245 100 0 2
246 100 0 2
19 99 0 1
20 99 0 1
21 99 0 1
22 99 0 1
23 99 0 1
24 99 0 1
25 99 0 1
26 99 0 1
27 99 0 2
28 99 0 2
29 99 0 2
30 99 0 2
31 99 0 2
233 99 0 2
234 99 0 2
235 99 0 2
236 99 0 2
237 99 0 2
238 99 0 2
239 99 0 2
240 99 0 2
241 99 0 2
242 99 0 2
243 99 0 2
244 99 0 2
245 99 0 2
246 99 0 2
18 98 0 1
19 98 0 1
20 98 0 1
21 98 0 1
22 98 0 1
23 98 0 1
24 98 0 2
25 98 0 2
26 98 0 2
27 98 0 2
28 98 0 2
29 98 0 2
30 98 0 2
31 98 0 2
32 98 0 2
233 98 0 2
234 98 0 2
235 98 0 1
236 98 0 1
237 98 0 1
238 98 0 1
239 98 0 1
240 98 0 1
241 98 0 1
242 98 0 1
243 98 0 1
244 98 0 1
245 98 0 1
246 98 0 1
18 97 0 1
19 97 0 1
20 97 0 1
21 97 0 2
22 97 0 2
23 97 0 2
24 97 0 2
25 97 0 2
26 97 0 2
27 97 0 2
28 97 0 2
29 97 0 2
30 97 0 2
31 97 0 2
32 97 0 2
233 97 0 2
234 97 0 2
235 97 0 1
236 97 0 1
237 97 0 1
238 97 0 1
239 97 0 1
240 97 0 1
241 97 0 1
242 97 0 1
243 97 0 1
244 97 0 1
245 97 0 1
18 96 0 1
19 96 0 2
20 96 0 2
21 96 0 2
22 96 0 2
23 96 0 2
24 96 0 2
25 96 0 2
26 96 0 2
27 96 0 2
28 96 0 2
29 96 0 2
30 96 0 2
31 96 0 2
32 96 0 2
97 96 0 1
98 96 0 1
99 96 0 1
100 96 0 1
101 96 0 1
102 96 0 1
103 96 0 1
104 96 0 1
105 96 0 1
234 96 0 1
235 96 0 1
236 96 0 1
237 96 0 1
238 96 0 1
239 96 0 1
240 96 0 1
241 96 0 1
242 96 0 1
243 96 0 1
244 96 0 1
18 95 0 2
19 95 0 2
20 95 0 2
21 95 0 2
22 95 0 2
23 95 0 2
24 95 0 2
25 95 0 2
26 95 0 2
27 95 0 2
28 95 0 2
29 95 0 2
30 95 0 2
31 95 0 2
32 95 0 2
96 95 0 2
97 95 0 2
98 95 0 1
99 95 0 1
100 95 0 1
101 95 0 1
102 95 0 1
103 95 0 1
104 95 0 1
105 95 0 1
106 95 0 1
107 95 0 1
209 95 0 1
210 95 0 1
211 95 0 1
18 94 0 2
19 94 0 2
20 94 0 2
21 94 0 2
22 94 0 2
23 94 0 2
24 94 0 2
25 94 0 2
26 94 0 2
27 94 0 2
28 94 0 2
29 94 0 2
30 94 0 2
31 94 0 2
32 94 0 2
96 94 0 2
97 94 0 2
98 94 0 2
99 94 0 2
100 94 0 2
101 94 0 2
102 94 0 1
103 94 0 1
104 94 0 1
105 94 0 1
106 94 0 1
107 94 0 1
108 94 0 1
206 94 0 2
207 94 0 2
208 94 0 2
209 94 0 2
210 94 0 1
211 94 0 2
212 94 0 2
213 94 0 2
214 94 0 2
18 93 0 2
19 93 0 2
20 93 0 2
21 93 0 2
22 93 0 2
23 93 0 2
24 93 0 2
25 93 0 2
26 93 0 2
27 93 0 2
28 93 0 2
29 93 0 2
30 93 0 2
31 93 0 2
32 93 0 2
67 93 0 1
68 93 0 1
69 93 0 1
70 93 0 1
71 93 0 1
72 93 0 1
73 93 0 1
96 93 0 2
97 93 0 2
98 93 0 2
99 93 0 2
100 93 0 2
101 93 0 2
102 93 0 2
103 93 0 2
104 93 0 2
105 93 0 1
106 93 0 1
107 93 0 1
108 93 0 1
109 93 0 1
205 93 0 2
206 93 0 2
207 93 0 2
208 93 0 2
209 93 0 2
210 93 0 2
211 93 0 2
212 93 0 2
213 93 0 2
214 93 0 2
215 93 0 2
18 92 0 2
19 92 0 2
20 92 0 2
21 92 0 2
22 92 0 2
23 92 0 2
24 92 0 2
25 92 0 2
26 92 0 2
27 92 0 2
28 92 0 2
29 92 0 2
30 92 0 2
31 92 0 2
32 92 0 2
66 92 0 1
67 92 0 1
68 92 0 1
69 92 0 1
70 92 0 1
71 92 0 1
72 92 0 1
73 92 0 1
74 92 0 1
96 92 0 2
97 92 0 2
98 92 0 2
99 92 0 2
100 92 0 2
101 92 0 2
102 92 0 2
103 92 0 2
104 92 0 2
105 92 0 2
106 92 0 2
107 92 0 1
108 92 0 1
109 92 0 1
169 92 0 1
170 92 0 1
171 92 0 1
172 92 0 1
173 92 0 1
174 92 0 1
175 92 0 1
176 92 0 1
204 92 0 2
205 92 0 2
206 92 0 2
207 92 0 2
208 92 0 2
209 92 0 2
210 92 0 2
211 92 0 2
212 92 0 2
213 92 0 2
214 92 0 2
215 92 0 2
216 92 0 2
18 91 0 2
19 91 0 2
20 91 0 2
21 91 0 2
22 91 0 2
23 91 0 2
24 91 0 2
25 91 0 2
26 91 0 2
27 91 0 2
28 91 0 2
29 91 0 2
30 91 0 2
31 91 0 2
32 91 0 2
65 91 0 1
66 91 0 1
67 91 0 1
68 91 0 1
69 91 0 1
70 91 0 1
71 91 0 1
72 91 0 1
73 91 0 1
74 91 0 1
75 91 0 1
96 91 0 2
97 91 0 2
98 91 0 2
99 91 0 2
100 91 0 2
101 91 0 2
102 91 0 2
103 91 0 2
104 91 0 2
105 91 0 2
106 91 0 2
107 91 0 2
108 91 0 2
109 91 0 2
168 91 0 1
169 91 0 1
170 91 0 1
171 91 0 1
172 91 0 1
173 91 0 1
174 91 0 1
175 91 0 1
176 91 0 1
177 91 0 1
203 91 0 2
204 91 0 2
205 91 0 2
206 91 0 2
207 91 0 2
208 91 0 2
209 91 0 2
210 91 0 2
211 91 0 2
212 91 0 2
213 91 0 2
214 91 0 2
215 91 0 2
216 91 0 2
217 91 0 2
18 90 0 2
19 90 0 2
20 90 0 2
21 90 0 1
22 90 0 1
23 90 0 1
24 90 0 1
25 90 0 1
26 90 0 1
27 90 0 1
28 90 0 1
29 90 0 1
30 90 0 1
31 90 0 1
32 90 0 1
64 90 0 1
65 90 0 1
66 90 0 1
67 90 0 1
68 90 0 1
69 90 0 1
70 90 0 1
71 90 0 1
72 90 0 1
73 90 0 1
74 90 0 1
75 90 0 1
76 90 0 1
96 90 0 2
97 90 0 2
98 90 0 2
99 90 0 2
100 90 0 2
101 90 0 2
102 90 0 2
103 90 0 2
104 90 0 2
105 90 0 2
106 90 0 2
107 90 0 2
108 90 0 2
109 90 0 2
167 90 0 1
168 90 0 1
169 90 0 1
170 90 0 1
171 90 0 1
172 90 0 1
173 90 0 1
174 90 0 1
175 90 0 1
176 90 0 1
177 90 0 1
178 90 0 1
203 90 0 2
204 90 0 2
205 90 0 2
206 90 0 2
207 90 0 2
208 90 0 2
209 90 0 2
210 90 0 2
211 90 0 2
212 90 0 2
213 90 0 2
214 90 0 2
215 90 0 2
216 90 0 2
217 90 0 2
18 89 0 2
19 89 0 2
20 89 0 1
21 89 0 1
22 89 0 1
23 89 0 1
24 89 0 1
25 89 0 1
26 89 0 1
27 89 0 1
28 89 0 1
29 89 0 1
30 89 0 1
31 89 0 1
32 89 0 1
64 89 0 1
65 89 0 1
66 89 0 1
67 89 0 1
68 89 0 1
69 89 0 1
70 89 0 1
71 89 0 1
72 89 0 1
73 89 0 1
74 89 0 1
75 89 0 1
76 89 0 1
96 89 0 2
97 89 0 2
98 89 0 2
99 89 0 2
100 89 0 2
101 89 0 2
102 89 0 2
103 89 0 2
104 89 0 2
105 89 0 2
106 89 0 2
107 89 0 2
108 89 0 2
109 89 0 2
166 89 0 1
167 89 0 1
168 89 0 1
169 89 0 1
170 89 0 1
171 89 0 1
172 89 0 1
173 89 0 1
174 89 0 1
175 89 0 1
176 89 0 1
177 89 0 1
178 89 0 1
179 89 0 1
203 89 0 2
204 89 0 2
205 89 0 2
206 89 0 2
207 89 0 2
208 89 0 2
209 89 0 2
210 89 0 2
211 89 0 2
212 89 0 2
213 89 0 2
214 89 0 2
215 89 0 2
216 89 0 2
217 89 0 2
19 88 0 1
20 88 0 1
21 88 0 1
22 88 0 1
64 88 0 1
65 88 0 1
66 88 0 1
67 88 0 1
68 88 0 1
69 88 0 1
70 88 0 1
71 88 0 1
72 88 0 1
73 88 0 1
74 88 0 1
75 88 0 1
76 88 0 1
96 88 0 1
97 88 0 2
98 88 0 2
99 88 0 2
100 88 0 2
101 88 0 2
102 88 0 2
103 88 0 2
104 88 0 2
105 88 0 2
106 88 0 2
107 88 0 2
108 88 0 2
166 88 0 1
167 88 0 1
168 88 0 1
169 88 0 1
170 88 0 1
171 88 0 1
172 88 0 1
173 88 0 1
174 88 0 1
175 88 0 1
176 88 0 1
177 88 0 1
178 88 0 1
179 88 0 1
203 88 0 2
204 88 0 2
205 88 0 2
206 88 0 2
207 88 0 2
208 88 0 2
209 88 0 2
210 88 0 2
211 88 0 2
212 88 0 2
213 88 0 2
214 88 0 2
215 88 0 2
216 88 0 1
217 88 0 1
64 87 0 1
65 87 0 1
66 87 0 1
67 87 0 1
68 87 0 1
69 87 0 1
70 87 0 1
71 87 0 1
72 87 0 1
73 87 0 1
74 87 0 1
75 87 0 1
76 87 0 1
96 87 0 1
97 87 0 1
98 87 0 1
99 87 0 2
100 87 0 2
101 87 0 2
102 87 0 2
103 87 0 2
104 87 0 2
105 87 0 2
106 87 0 2
107 87 0 2
166 87 0 1
167 87 0 1
168 87 0 1
169 87 0 1
170 87 0 1
171 87 0 1
172 87 0 1
173 87 0 1
174 87 0 1
175 87 0 1
176 87 0 1
177 87 0 1
178 87 0 1
179 87 0 1
203 87 0 1
204 87 0 2
205 87 0 2
206 87 0 2
207 87 0 2
208 87 0 2
209 87 0 2
210 87 0 2
211 87 0 2
212 87 0 2
213 87 0 2
214 87 0 1
215 87 0 1
216 87 0 1
217 87 0 1
64 86 0 1
65 86 0 1
66 86 0 1
67 86 0 1
68 86 0 1
69 86 0 1
70 86 0 1
71 86 0 1
72 86 0 1
73 86 0 1
74 86 0 1
75 86 0 1
76 86 0 1
96 86 0 1
97 86 0 1
98 86 0 1
99 86 0 1
100 86 0 1
101 86 0 1
102 86 0 1
103 86 0 1
104 86 0 2
105 86 0 2
106 86 0 2
166 86 0 1
167 86 0 1
168 86 0 1
169 86 0 1
170 86 0 1
171 86 0 1
172 86 0 1
173 86 0 1
174 86 0 1
175 86 0 1
176 86 0 1
177 86 0 1
178 86 0 1
179 86 0 1
203 86 0 1
204 86 0 1
205 86 0 1
206 86 0 2
207 86 0 2
208 86 0 2
209 86 0 2
210 86 0 2
211 86 0 2
212 86 0 2
213 86 0 2
214 86 0 1
215 86 0 1
216 86 0 1
217 86 0 1
64 85 0 1
65 85 0 1
66 85 0 1
67 85 0 1
68 85 0 1
69 85 0 1
70 85 0 1
71 85 0 1
72 85 0 1
73 85 0 1
74 85 0 1
75 85 0 1
76 85 0 1
97 85 0 1
98 85 0 1
99 85 0 1
100 85 0 1
101 85 0 1
102 85 0 1
103 85 0 1
104 85 0 1
166 85 0 1
167 85 0 1
168 85 0 1
169 85 0 1
170 85 0 1
171 85 0 1
172 85 0 1
173 85 0 1
174 85 0 1
175 85 0 1
176 85 0 1
177 85 0 1
178 85 0 1
179 85 0 1
203 85 0 1
204 85 0 1
205 85 0 1
206 85 0 2
207 85 0 2
208 85 0 2
209 85 0 2
210 85 0 2
211 85 0 2
212 85 0 2
213 85 0 2
214 85 0 2
215 85 0 2
216 85 0 1
217 85 0 1
65 84 0 1
66 84 0 1
67 84 0 1
68 84 0 1
69 84 0 1
70 84 0 1
71 84 0 1
72 84 0 1
73 84 0 1
74 84 0 1
75 84 0 1
166 84 0 1
167 84 0 1
168 84 0 1
169 84 0 1
170 84 0 1
171 84 0 1
172 84 0 1
173 84 0 1
174 84 0 1
175 84 0 1
176 84 0 1
177 84 0 1
178 84 0 1
179 84 0 1
203 84 0 1
204 84 0 1
205 84 0 1
206 84 0 1
207 84 0 2
208 84 0 2
209 84 0 2
210 84 0 2
211 84 0 2
212 84 0 2
213 84 0 2
214 84 0 2
215 84 0 2
216 84 0 2
217 84 0 2
66 83 0 1
67 83 0 1
68 83 0 1
69 83 0 1
70 83 0 1
71 83 0 1
72 83 0 1
73 83 0 1
74 83 0 1
166 83 0 1
167 83 0 1
168 83 0 1
169 83 0 1
170 83 0 1
171 83 0 1
172 83 0 1
173 83 0 1
174 83 0 1
175 83 0 1
176 83 0 1
177 83 0 1
178 83 0 1
179 83 0 1
204 83 0 1
205 83 0 1
206 83 0 1
207 83 0 1
208 83 0 1
209 83 0 1
210 83 0 2
211 83 0 2
212 83 0 2
213 83 0 2
214 83 0 2
215 83 0 2
216 83 0 2
67 82 0 1
68 82 0 1
69 82 0 1
70 82 0 1
71 82 0 1
72 82 0 1
73 82 0 1
167 82 0 1
168 82 0 1
169 82 0 1
170 82 0 1
171 82 0 1
172 82 0 1
173 82 0 1
174 82 0 1
175 82 0 1
176 82 0 1
177 82 0 1
178 82 0 1
205 82 0 1
206 82 0 1
207 82 0 1
208 82 0 1
209 82 0 1
210 82 0 1
211 82 0 1
212 82 0 1
213 82 0 2
214 82 0 2
215 82 0 2
168 81 0 1
169 81 0 1
170 81 0 1
171 81 0 1
172 81 0 1
173 81 0 1
174 81 0 1
175 81 0 1
176 81 0 1
177 81 0 1
208 81 0 1
209 81 0 1
210 81 0 1
211 81 0 1
212 81 0 1
213 81 0 2
214 81 0 2
169 80 0 1
170 80 0 1
171 80 0 1
172 80 0 1
173 80 0 1
174 80 0 1
175 80 0 1
176 80 0 1
9 73 0 1
10 73 0 1
11 73 0 1
12 73 0 1
8 72 0 2
9 72 0 2
10 72 0 1
11 72 0 1
12 72 0 1
13 72 0 1
7 71 0 2
8 71 0 2
9 71 0 2
10 71 0 1
11 71 0 1
12 71 0 1
13 71 0 1
14 71 0 1
15 71 0 1
16 71 0 1
46 71 0 1
47 71 0 1
48 71 0 1
49 71 0 1
50 71 0 1
51 71 0 1
52 71 0 1
53 71 0 1
54 71 0 1
55 71 0 1
7 70 0 2
8 70 0 2
9 70 0 2
10 70 0 2
11 70 0 1
12 70 0 1
13 70 0 1
14 70 0 1
15 70 0 1
16 70 0 1
17 70 0 1
18 70 0 1
44 70 0 1
45 70 0 1
46 70 0 1
47 70 0 1
48 70 0 1
49 70 0 1
50 70 0 1
51 70 0 1
52 70 0 1
53 70 0 1
54 70 0 1
55 70 0 1
56 70 0 1
7 69 0 2
8 69 0 2
9 69 0 2
10 69 0 2
11 69 0 1
12 69 0 1
13 69 0 1
14 69 0 1
15 69 0 1
16 69 0 1
17 69 0 1
18 69 0 1
19 69 0 1
43 69 0 1
44 69 0 1
45 69 0 1
46 69 0 1
47 69 0 1
48 69 0 1
49 69 0 1
50 69 0 1
51 69 0 1
52 69 0 1
53 69 0 1
54 69 0 1
55 69 0 1
56 69 0 1
57 69 0 1
7 68 0 2
8 68 0 2
9 68 0 2
10 68 0 2
11 68 0 2
12 68 0 2
13 68 0 1
14 68 0 1
15 68 0 1
16 68 0 1
17 68 0 1
18 68 0 1
19 68 0 1
43 68 0 1
44 68 0 1
45 68 0 1
46 68 0 1
47 68 0 1
48 68 0 2
49 68 0 2
50 68 0 2
51 68 0 2
52 68 0 2
53 68 0 2
54 68 0 2
55 68 0 2
56 68 0 1
57 68 0 1
58 68 0 1
7 67 0 2
8 67 0 2
9 67 0 2
10 67 0 2
11 67 0 2
12 67 0 2
13 67 0 2
14 67 0 2
15 67 0 2
16 67 0 1
17 67 0 1
18 67 0 1
19 67 0 1
43 67 0 1
44 67 0 1
45 67 0 1
46 67 0 2
47 67 0 2
48 67 0 2
49 67 0 2
50 67 0 2
51 67 0 2
52 67 0 2
53 67 0 2
54 67 0 2
55 67 0 2
56 67 0 2
57 67 0 2
58 67 0 2
135 67 0 1
136 67 0 1
137 67 0 1
138 67 0 1
139 67 0 1
140 67 0 1
141 67 0 2
142 67 0 2
143 67 0 2
144 67 0 2
7 66 0 2
8 66 0 2
9 66 0 2
10 66 0 2
11 66 0 2
12 66 0 2
13 66 0 2
14 66 0 2
15 66 0 2
16 66 0 2
17 66 0 2
18 66 0 2
19 66 0 1
43 66 0 2
44 66 0 2
45 66 0 2
46 66 0 2
47 66 0 2
48 66 0 2
49 66 0 2
50 66 0 2
51 66 0 2
52 66 0 2
53 66 0 2
54 66 0 2
55 66 0 2
56 66 0 2
57 66 0 2
58 66 0 2
133 66 0 2
134 66 0 1
135 66 0 1
136 66 0 1
137 66 0 1
138 66 0 2
139 66 0 2
140 66 0 2
141 66 0 2
142 66 0 2
143 66 0 2
144 66 0 2
145 66 0 2
7 65 0 2
8 65 0 2
9 65 0 2
10 65 0 2
11 65 0 2
12 65 0 2
13 65 0 2
14 65 0 2
15 65 0 2
16 65 0 2
17 65 0 2
18 65 0 2
19 65 0 1
43 65 0 2
44 65 0 2
45 65 0 2
46 65 0 2
47 65 0 2
48 65 0 2
49 65 0 2
50 65 0 2
51 65 0 2
52 65 0 2
53 65 0 2
54 65 0 2
55 65 0 2
56 65 0 2
57 65 0 2
58 65 0 2
98 65 0 1
99 65 0 1
100 65 0 1
101 65 0 1
102 65 0 1
103 65 0 1
104 65 0 1
105 65 0 1
132 65 0 2
133 65 0 2
134 65 0 1
135 65 0 1
136 65 0 1
137 65 0 1
138 65 0 2
139 65 0 2
140 65 0 2
141 65 0 2
142 65 0 2
143 65 0 2
144 65 0 2
145 65 0 2
7 64 0 1
8 64 0 2
9 64 0 2
10 64 0 2
11 64 0 2
12 64 0 2
13 64 0 2
14 64 0 2
15 64 0 2
16 64 0 2
17 64 0 2
18 64 0 2
19 64 0 2
43 64 0 2
44 64 0 2
45 64 0 2
46 64 0 2
47 64 0 2
48 64 0 2
49 64 0 2
50 64 0 2
51 64 0 2
52 64 0 2
53 64 0 2
54 64 0 2
55 64 0 2
56 64 0 2
57 64 0 2
58 64 0 2
97 64 0 1
98 64 0 1
99 64 0 1
100 64 0 1
101 64 0 1
102 64 0 1
103 64 0 1
104 64 0 1
105 64 0 1
106 64 0 1
132 64 0 2
133 64 0 2
134 64 0 2
135 64 0 2
136 64 0 2
137 64 0 2
138 64 0 2
139 64 0 2
140 64 0 2
141 64 0 2
142 64 0 2
143 64 0 2
144 64 0 2
145 64 0 2
166 64 0 1
167 64 0 1
168 64 0 1
169 64 0 1
170 64 0 1
171 64 0 1
172 64 0 1
173 64 0 1
7 63 0 1
8 63 0 1
9 63 0 2
10 63 0 2
11 63 0 2
12 63 0 2
13 63 0 2
14 63 0 2
15 63 0 2
16 63 0 2
17 63 0 2
18 63 0 2
19 63 0 2
43 63 0 2
44 63 0 2
45 63 0 2
46 63 0 2
47 63 0 2
48 63 0 2
49 63 0 2
50 63 0 2
51 63 0 2
52 63 0 2
53 63 0 2
54 63 0 2
55 63 0 2
56 63 0 2
57 63 0 2
58 63 0 2
96 63 0 1
97 63 0 1
98 63 0 1
99 63 0 1
100 63 0 1
101 63 0 1
102 63 0 1
103 63 0 1
104 63 0 1
105 63 0 1
106 63 0 1
107 63 0 1
132 63 0 2
133 63 0 2
134 63 0 2
135 63 0 2
136 63 0 2
137 63 0 2
138 63 0 2
139 63 0 2
140 63 0 2
141 63 0 2
142 63 0 2
143 63 0 2
144 63 0 2
145 63 0 2
165 63 0 1
166 63 0 1
167 63 0 1
168 63 0 1
169 63 0 1
170 63 0 1
171 63 0 1
172 63 0 1
173 63 0 1
174 63 0 1
7 62 0 1
8 62 0 1
9 62 0 1
10 62 0 1
11 62 0 1
12 62 0 1
13 62 0 2
14 62 0 2
15 62 0 2
16 62 0 2
17 62 0 2
18 62 0 2
19 62 0 2
43 62 0 2
44 62 0 2
45 62 0 2
46 62 0 2
47 62 0 2
48 62 0 2
49 62 0 2
50 62 0 2
51 62 0 2
52 62 0 2
53 62 0 2
54 62 0 2
55 62 0 2
56 62 0 2
57 62 0 2
58 62 0 2
95 62 0 1
96 62 0 1
97 62 0 1
98 62 0 1
99 62 0 1
100 62 0 1
101 62 0 1
102 62 0 1
103 62 0 1
104 62 0 1
105 62 0 1
106 62 0 1
107 62 0 1
108 62 0 1
132 62 0 2
133 62 0 2
134 62 0 2
135 62 0 2
136 62 0 2
137 62 0 2
138 62 0 2
139 62 0 2
140 62 0 2
141 62 0 2
142 62 0 2
143 62 0 1
144 62 0 1
145 62 0 1
164 62 0 1
165 62 0 1
166 62 0 1
167 62 0 1
168 62 0 1
169 62 0 1
170 62 0 1
171 62 0 1
172 62 0 1
173 62 0 1
174 62 0 1
175 62 0 1
8 61 0 1
9 61 0 1
10 61 0 1
11 61 0 1
12 61 0 1
13 61 0 1
14 61 0 1
15 61 0 2
16 61 0 2
17 61 0 2
18 61 0 2
19 61 0 2
43 61 0 2
44 61 0 2
45 61 0 2
46 61 0 2
47 61 0 2
48 61 0 2
49 61 0 2
50 61 0 2
51 61 0 2
52 61 0 2
53 61 0 2
54 61 0 2
55 61 0 2
56 61 0 2
57 61 0 2
58 61 0 1
95 61 0 1
96 61 0 1
97 61 0 1
98 61 0 1
99 61 0 1
100 61 0 1
101 61 0 1
102 61 0 1
103 61 0 1
104 61 0 1
105 61 0 1
106 61 0 1
107 61 0 1
108 61 0 1
132 61 0 2
133 61 0 2
134 61 0 2
135 61 0 2
136 61 0 2
137 61 0 2
138 61 0 2
139 61 0 2
140 61 0 2
141 61 0 2
142 61 0 2
143 61 0 1
144 61 0 1
145 61 0 1
163 61 0 1
164 61 0 1
165 61 0 1
166 61 0 1
167 61 0 1
168 61 0 1
169 61 0 1
170 61 0 1
171 61 0 1
172 61 0 1
173 61 0 1
174 61 0 1
175 61 0 1
176 61 0 1
11 60 0 1
12 60 0 1
13 60 0 1
14 60 0 1
15 60 0 1
16 60 0 1
17 60 0 2
18 60 0 2
43 60 0 2
44 60 0 1
45 60 0 1
46 60 0 1
47 60 0 1
48 60 0 2
49 60 0 2
50 60 0 2
51 60 0 2
52 60 0 2
53 60 0 2
54 60 0 2
55 60 0 2
56 60 0 2
57 60 0 1
58 60 0 1
95 60 0 1
96 60 0 1
97 60 0 1
98 60 0 1
99 60 0 1
100 60 0 1
101 60 0 1
102 60 0 1
103 60 0 1
104 60 0 1
105 60 0 1
106 60 0 1
107 60 0 1
108 60 0 1
132 60 0 2
133 60 0 2
134 60 0 2
135 60 0 2
136 60 0 2
137 60 0 2
138 60 0 2
139 60 0 2
140 60 0 2
141 60 0 2
142 60 0 2
143 60 0 1
144 60 0 1
145 60 0 1
163 60 0 1
164 60 0 1
165 60 0 1
166 60 0 1
167 60 0 1
168 60 0 1
169 60 0 1
170 60 0 1
171 60 0 1
172 60 0 1
173 60 0 1
174 60 0 1
175 60 0 1
176 60 0 1
44 59 0 1
45 59 0 1
46 59 0 1
47 59 0 1
48 59 0 2
49 59 0 2
50 59 0 2
51 59 0 2
52 59 0 2
53 59 0 2
54 59 0 2
55 59 0 1
56 59 0 1
57 59 0 1
95 59 0 1
96 59 0 1
97 59 0 1
98 59 0 1
99 59 0 1
100 59 0 1
101 59 0 1
102 59 0 1
103 59 0 1
104 59 0 1
105 59 0 1
106 59 0 1
107 59 0 1
108 59 0 1
132 59 0 1
133 59 0 1
134 59 0 2
135 59 0 2
136 59 0 2
137 59 0 2
138 59 0 2
139 59 0 2
140 59 0 2
141 59 0 2
142 59 0 2
143 59 0 2
144 59 0 1
145 59 0 1
163 59 0 1
164 59 0 1
165 59 0 1
166 59 0 1
167 59 0 1
168 59 0 1
169 59 0 1
170 59 0 1
171 59 0 1
172 59 0 1
173 59 0 1
174 59 0 1
175 59 0 1
176 59 0 1
45 58 0 1
46 58 0 1
47 58 0 2
48 58 0 2
49 58 0 2
50 58 0 2
51 58 0 2
52 58 0 2
53 58 0 2
54 58 0 2
55 58 0 1
56 58 0 1
95 58 0 1
96 58 0 1
97 58 0 1
98 58 0 1
99 58 0 1
100 58 0 1
101 58 0 1
102 58 0 1
103 58 0 1
104 58 0 1
105 58 0 1
106 58 0 1
107 58 0 1
108 58 0 1
132 58 0 1
133 58 0 1
134 58 0 1
135 58 0 1
136 58 0 2
137 58 0 2
138 58 0 2
139 58 0 2
140 58 0 2
141 58 0 2
142 58 0 2
143 58 0 2
144 58 0 2
145 58 0 1
163 58 0 1
164 58 0 1
165 58 0 1
166 58 0 1
167 58 0 1
168 58 0 1
169 58 0 1
170 58 0 1
171 58 0 1
172 58 0 1
173 58 0 1
174 58 0 1
175 58 0 1
176 58 0 1
46 57 0 2
47 57 0 2
48 57 0 2
49 57 0 2
50 57 0 2
51 57 0 2
52 57 0 2
53 57 0 2
54 57 0 1
55 57 0 1
95 57 0 1
96 57 0 1
97 57 0 1
98 57 0 1
99 57 0 1
100 57 0 1
101 57 0 1
102 57 0 1
103 57 0 1
104 57 0 1
105 57 0 1
106 57 0 1
107 57 0 1
108 57 0 1
132 57 0 1
133 57 0 1
134 57 0 1
135 57 0 1
136 57 0 1
137 57 0 2
138 57 0 2
139 57 0 2
140 57 0 2
141 57 0 2
142 57 0 2
143 57 0 2
144 57 0 2
145 57 0 1
163 57 0 1
164 57 0 1
165 57 0 1
166 57 0 1
167 57 0 1
168 57 0 1
169 57 0 1
170 57 0 1
171 57 0 1
172 57 0 1
173 57 0 1
174 57 0 1
175 57 0 1
176 57 0 1
95 56 0 1
96 56 0 1
97 56 0 1
98 56 0 1
99 56 0 1
100 56 0 1
101 56 0 1
102 56 0 1
103 56 0 1
104 56 0 1
105 56 0 1
106 56 0 1
107 56 0 1
108 56 0 1
133 56 0 1
134 56 0 1
135 56 0 1
136 56 0 1
137 56 0 2
138 56 0 2
139 56 0 2
140 56 0 2
141 56 0 2
142 56 0 2
143 56 0 2
144 56 0 2
145 56 0 2
163 56 0 1
164 56 0 1
165 56 0 1
166 56 0 1
167 56 0 1
168 56 0 1
169 56 0 1
170 56 0 1
171 56 0 1
172 56 0 1
173 56 0 1
174 56 0 1
175 56 0 1
176 56 0 1
96 55 0 1
97 55 0 1
98 55 0 1
99 55 0 1
100 55 0 1
101 55 0 1
102 55 0 1
103 55 0 1
104 55 0 1
105 55 0 1
106 55 0 1
107 55 0 1
134 55 0 1
135 55 0 1
136 55 0 1
137 55 0 2
138 55 0 2
139 55 0 2
140 55 0 2
141 55 0 2
142 55 0 2
143 55 0 2
144 55 0 2
163 55 0 1
164 55 0 1
165 55 0 1
166 55 0 1
167 55 0 1
168 55 0 1
169 55 0 1
170 55 0 1
171 55 0 1
172 55 0 1
173 55 0 1
174 55 0 1
175 55 0 1
176 55 0 1
97 54 0 1
98 54 0 1
99 54 0 1
100 54 0 1
101 54 0 1
102 54 0 1
103 54 0 1
104 54 0 1
105 54 0 1
106 54 0 1
135 54 0 1
136 54 0 1
137 54 0 1
138 54 0 1
139 54 0 2
140 54 0 2
141 54 0 2
142 54 0 2
143 54 0 2
164 54 0 1
165 54 0 1
166 54 0 1
167 54 0 1
168 54 0 1
169 54 0 1
170 54 0 1
171 54 0 1
172 54 0 1
173 54 0 1
174 54 0 1
175 54 0 1
98 53 0 1
99 53 0 1
100 53 0 1
101 53 0 1
102 53 0 1
103 53 0 1
104 53 0 1
105 53 0 1
165 53 0 1
166 53 0 1
167 53 0 1
168 53 0 1
169 53 0 1
170 53 0 1
171 53 0 1
172 53 0 1
173 53 0 1
174 53 0 1
166 52 0 1
167 52 0 1
168 52 0 1
169 52 0 1
170 52 0 1
171 52 0 1
172 52 0 1
173 52 0 1
9 51 0 1
10 51 0 1
11 51 0 1
12 51 0 1
13 51 0 1
14 51 0 1
15 51 0 1
216 51 0 1
217 51 0 1
218 51 0 1
7 50 0 1
8 50 0 1
9 50 0 1
10 50 0 1
11 50 0 1
12 50 0 1
13 50 0 1
14 50 0 1
15 50 0 1
16 50 0 1
17 50 0 1
215 50 0 2
216 50 0 2
217 50 0 1
218 50 0 1
219 50 0 1
6 49 0 1
7 49 0 1
8 49 0 1
9 49 0 1
10 49 0 1
11 49 0 1
12 49 0 1
13 49 0 1
14 49 0 1
15 49 0 1
16 49 0 1
17 49 0 1
18 49 0 1
214 49 0 2
215 49 0 2
216 49 0 2
217 49 0 2
218 49 0 1
219 49 0 1
220 49 0 1
221 49 0 1
222 49 0 1
6 48 0 1
7 48 0 1
8 48 0 1
9 48 0 1
10 48 0 1
11 48 0 1
12 48 0 1
13 48 0 1
14 48 0 1
15 48 0 1
16 48 0 1
17 48 0 1
18 48 0 1
214 48 0 2
215 48 0 2
216 48 0 2
217 48 0 2
218 48 0 1
219 48 0 1
220 48 0 1
221 48 0 1
222 48 0 1
223 48 0 1
224 48 0 1
5 47 0 1
6 47 0 1
7 47 0 1
8 47 0 1
9 47 0 1
10 47 0 1
11 47 0 1
12 47 0 1
13 47 0 1
14 47 0 1
15 47 0 1
16 47 0 1
17 47 0 1
18 47 0 1
19 47 0 1
214 47 0 2
215 47 0 2
216 47 0 2
217 47 0 2
218 47 0 2
219 47 0 2
220 47 0 2
221 47 0 1
222 47 0 1
223 47 0 1
224 47 0 1
225 47 0 1
5 46 0 1
6 46 0 1
7 46 0 1
8 46 0 1
9 46 0 1
10 46 0 1
11 46 0 1
12 46 0 1
13 46 0 1
14 46 0 1
15 46 0 1
16 46 0 1
17 46 0 1
18 46 0 1
19 46 0 1
214 46 0 2
215 46 0 2
216 46 0 2
217 46 0 2
218 46 0 2
219 46 0 2
220 46 0 2
221 46 0 2
222 46 0 2
223 46 0 1
224 46 0 1
225 46 0 1
226 46 0 1
5 45 0 1
6 45 0 1
7 45 0 1
8 45 0 1
9 45 0 1
10 45 0 1
11 45 0 1
12 45 0 1
13 45 0 1
14 45 0 1
15 45 0 1
16 45 0 1
17 45 0 1
18 45 0 1
19 45 0 1
214 45 0 2
215 45 0 2
216 45 0 2
217 45 0 2
218 45 0 2
219 45 0 2
220 45 0 2
221 45 0 2
222 45 0 2
223 45 0 2
224 45 0 1
225 45 0 1
226 45 0 1
227 45 0 1
5 44 0 1
6 44 0 1
7 44 0 1
8 44 0 1
9 44 0 1
10 44 0 1
11 44 0 1
12 44 0 1
13 44 0 1
14 44 0 1
15 44 0 1
16 44 0 1
17 44 0 1
18 44 0 1
19 44 0 1
214 44 0 2
215 44 0 2
216 44 0 2
217 44 0 2
218 44 0 2
219 44 0 2
220 44 0 2
221 44 0 2
222 44 0 2
223 44 0 2
224 44 0 2
225 44 0 2
226 44 0 1
227 44 0 1
5 43 0 1
6 43 0 1
7 43 0 1
8 43 0 1
9 43 0 1
10 43 0 1
11 43 0 1
12 43 0 1
13 43 0 1
14 43 0 1
15 43 0 1
16 43 0 1
17 43 0 1
18 43 0 1
19 43 0 1
147 43 0 1
148 43 0 2
149 43 0 2
150 43 0 2
151 43 0 2
152 43 0 2
153 43 0 2
154 43 0 2
155 43 0 2
156 43 0 1
157 43 0 1
158 43 0 1
159 43 0 1
214 43 0 1
215 43 0 2
216 43 0 2
217 43 0 2
218 43 0 2
219 43 0 2
220 43 0 2
221 43 0 2
222 43 0 2
223 43 0 2
224 43 0 2
225 43 0 2
226 43 0 2
227 43 0 1
6 42 0 1
7 42 0 1
8 42 0 1
9 42 0 1
10 42 0 1
11 42 0 1
12 42 0 1
13 42 0 1
14 42 0 1
15 42 0 1
16 42 0 1
17 42 0 1
18 42 0 1
147 42 0 1
148 42 0 1
149 42 0 2
150 42 0 2
151 42 0 2
152 42 0 2
153 42 0 2
154 42 0 2
155 42 0 2
156 42 0 1
157 42 0 1
158 42 0 1
159 42 0 2
160 42 0 2
214 42 0 1
215 42 0 2
216 42 0 2
217 42 0 2
218 42 0 2
219 42 0 2
220 42 0 2
221 42 0 2
222 42 0 2
223 42 0 2
224 42 0 2
225 42 0 2
226 42 0 2
227 42 0 2
6 41 0 1
7 41 0 1
8 41 0 1
9 41 0 1
10 41 0 1
11 41 0 1
12 41 0 1
13 41 0 1
14 41 0 1
15 41 0 1
16 41 0 1
17 41 0 1
18 41 0 1
147 41 0 1
148 41 0 1
149 41 0 1
150 41 0 2
151 41 0 2
152 41 0 2
153 41 0 2
154 41 0 2
155 41 0 2
156 41 0 1
157 41 0 1
158 41 0 2
159 41 0 2
160 41 0 2
161 41 0 2
214 41 0 1
215 41 0 1
216 41 0 2
217 41 0 2
218 41 0 2
219 41 0 2
220 41 0 2
221 41 0 2
222 41 0 2
223 41 0 2
224 41 0 2
225 41 0 2
226 41 0 2
227 41 0 2
7 40 0 1
8 40 0 1
9 40 0 1
10 40 0 1
11 40 0 1
12 40 0 1
13 40 0 1
14 40 0 1
15 40 0 1
16 40 0 1
17 40 0 1
35 40 0 1
36 40 0 1
37 40 0 1
38 40 0 2
39 40 0 2
40 40 0 2
41 40 0 2
42 40 0 2
43 40 0 1
44 40 0 1
45 40 0 1
148 40 0 1
149 40 0 1
150 40 0 2
151 40 0 2
152 40 0 2
153 40 0 2
154 40 0 2
155 40 0 2
156 40 0 2
157 40 0 2
158 40 0 2
159 40 0 2
160 40 0 2
161 40 0 2
214 40 0 1
215 40 0 1
216 40 0 1
217 40 0 1
218 40 0 2
219 40 0 2
220 40 0 2
221 40 0 2
222 40 0 2
223 40 0 2
224 40 0 2
225 40 0 2
226 40 0 2
227 40 0 2
9 39 0 1
10 39 0 1
11 39 0 1
12 39 0 1
13 39 0 1
14 39 0 1
15 39 0 1
34 39 0 1
35 39 0 1
36 39 0 2
37 39 0 2
38 39 0 2
39 39 0 2
40 39 0 2
41 39 0 2
42 39 0 2
43 39 0 2
44 39 0 1
45 39 0 1
148 39 0 1
149 39 0 1
150 39 0 2
151 39 0 2
152 39 0 2
153 39 0 2
154 39 0 2
155 39 0 2
156 39 0 2
157 39 0 2
158 39 0 2
159 39 0 2
160 39 0 2
161 39 0 2
215 39 0 1
216 39 0 1
217 39 0 1
218 39 0 1
219 39 0 2
220 39 0 2
221 39 0 2
222 39 0 2
223 39 0 2
224 39 0 2
225 39 0 2
226 39 0 2
227 39 0 2
33 38 0 1
34 38 0 1
35 38 0 1
36 38 0 2
37 38 0 2
38 38 0 2
39 38 0 2
40 38 0 2
41 38 0 2
42 38 0 2
43 38 0 2
44 38 0 2
45 38 0 2
148 38 0 1
149 38 0 1
150 38 0 2
151 38 0 2
152 38 0 2
153 38 0 2
154 38 0 2
155 38 0 2
156 38 0 2
157 38 0 2
158 38 0 2
159 38 0 2
160 38 0 2
161 38 0 2
216 38 0 1
217 38 0 1
218 38 0 1
219 38 0 2
220 38 0 2
221 38 0 2
222 38 0 2
223 38 0 2
224 38 0 2
225 38 0 2
226 38 0 2
227 38 0 2
32 37 0 1
33 37 0 1
34 37 0 2
35 37 0 2
36 37 0 2
37 37 0 2
38 37 0 2
39 37 0 2
40 37 0 2
41 37 0 2
42 37 0 2
43 37 0 2
44 37 0 2
45 37 0 2
147 37 0 1
148 37 0 1
149 37 0 1
150 37 0 2
151 37 0 2
152 37 0 2
153 37 0 2
154 37 0 2
155 37 0 2
156 37 0 2
157 37 0 2
158 37 0 2
159 37 0 2
160 37 0 2
161 37 0 2
217 37 0 1
218 37 0 1
219 37 0 1
220 37 0 1
221 37 0 1
222 37 0 2
223 37 0 2
224 37 0 2
225 37 0 2
226 37 0 2
31 36 0 1
32 36 0 1
33 36 0 1
34 36 0 2
35 36 0 2
36 36 0 2
37 36 0 2
38 36 0 2
39 36 0 2
40 36 0 2
41 36 0 2
42 36 0 2
43 36 0 2
44 36 0 2
45 36 0 2
147 36 0 1
148 36 0 1
149 36 0 2
150 36 0 2
151 36 0 2
152 36 0 2
153 36 0 2
154 36 0 2
155 36 0 2
156 36 0 2
157 36 0 2
158 36 0 2
159 36 0 2
160 36 0 2
161 36 0 2
31 35 0 1
32 35 0 2
33 35 0 2
34 35 0 2
35 35 0 2
36 35 0 2
37 35 0 2
38 35 0 2
39 35 0 2
40 35 0 2
41 35 0 2
42 35 0 2
43 35 0 2
44 35 0 2
45 35 0 2
147 35 0 2
148 35 0 2
149 35 0 2
150 35 0 2
151 35 0 2
152 35 0 2
153 35 0 2
154 35 0 2
155 35 0 2
156 35 0 2
157 35 0 2
158 35 0 2
159 35 0 2
160 35 0 2
161 35 0 2
31 34 0 1
32 34 0 2
33 34 0 2
34 34 0 2
35 34 0 2
36 34 0 2
37 34 0 2
38 34 0 2
39 34 0 2
40 34 0 2
41 34 0 2
42 34 0 2
43 34 0 2
44 34 0 2
45 34 0 2
85 34 0 1
86 34 0 1
87 34 0 1
88 34 0 1
89 34 0 1
90 34 0 1
91 34 0 1
147 34 0 2
148 34 0 2
149 34 0 2
150 34 0 2
151 34 0 2
152 34 0 2
153 34 0 2
154 34 0 2
155 34 0 2
156 34 0 2
157 34 0 2
158 34 0 2
159 34 0 2
160 34 0 1
161 34 0 1
31 33 0 2
32 33 0 2
33 33 0 2
34 33 0 2
35 33 0 2
36 33 0 2
37 33 0 2
38 33 0 2
39 33 0 2
40 33 0 2
41 33 0 2
42 33 0 2
43 33 0 2
44 33 0 2
45 33 0 2
83 33 0 1
84 33 0 1
85 33 0 1
86 33 0 1
87 33 0 1
88 33 0 1
89 33 0 1
90 33 0 1
91 33 0 1
92 33 0 1
93 33 0 1
147 33 0 2
148 33 0 2
149 33 0 2
150 33 0 2
151 33 0 2
152 33 0 2
153 33 0 2
154 33 0 2
155 33 0 2
156 33 0 2
157 33 0 2
158 33 0 2
159 33 0 1
160 33 0 1
161 33 0 1
31 32 0 2
32 32 0 2
33 32 0 2
34 32 0 2
35 32 0 2
36 32 0 2
37 32 0 2
38 32 0 2
39 32 0 2
40 32 0 2
41 32 0 2
42 32 0 2
43 32 0 2
44 32 0 2
45 32 0 2
82 32 0 1
83 32 0 1
84 32 0 1
85 32 0 1
86 32 0 1
87 32 0 1
88 32 0 1
89 32 0 1
90 32 0 1
91 32 0 1
92 32 0 1
93 32 0 1
94 32 0 1
147 32 0 2
148 32 0 2
149 32 0 2
150 32 0 2
151 32 0 2
152 32 0 2
153 32 0 2
154 32 0 2
155 32 0 2
156 32 0 2
157 32 0 2
158 32 0 1
159 32 0 1
160 32 0 1
161 32 0 1
31 31 0 2
32 31 0 2
33 31 0 2
34 31 0 2
35 31 0 2
36 31 0 2
37 31 0 2
38 31 0 2
39 31 0 1
40 31 0 2
41 31 0 2
42 31 0 1
43 31 0 1
44 31 0 1
45 31 0 1
82 31 0 1
83 31 0 1
84 31 0 1
85 31 0 1
86 31 0 1
87 31 0 1
88 31 0 1
89 31 0 1
90 31 0 1
91 31 0 1
92 31 0 1
93 31 0 1
94 31 0 1
148 31 0 2
149 31 0 2
150 31 0 2
151 31 0 2
152 31 0 2
153 31 0 2
154 31 0 1
155 31 0 1
156 31 0 1
157 31 0 1
158 31 0 1
159 31 0 1
160 31 0 1
31 30 0 2
32 30 0 2
33 30 0 2
34 30 0 2
35 30 0 2
36 30 0 2
37 30 0 2
38 30 0 1
39 30 0 1
40 30 0 1
41 30 0 1
42 30 0 1
43 30 0 1
44 30 0 1
45 30 0 1
81 30 0 1
82 30 0 1
83 30 0 1
84 30 0 1
85 30 0 1
86 30 0 1
87 30 0 1
88 30 0 1
89 30 0 1
90 30 0 1
91 30 0 1
92 30 0 1
93 30 0 1
94 30 0 1
95 30 0 1
149 30 0 2
150 30 0 2
151 30 0 2
152 30 0 2
153 30 0 2
154 30 0 1
155 30 0 1
156 30 0 1
157 30 0 1
158 30 0 1
159 30 0 1
32 29 0 2
33 29 0 2
34 29 0 1
35 29 0 1
36 29 0 1
37 29 0 1
38 29 0 1
39 29 0 1
40 29 0 1
41 29 0 1
42 29 0 1
43 29 0 1
81 29 0 1
82 29 0 1
83 29 0 1
84 29 0 1
85 29 0 1
86 29 0 1
87 29 0 1
88 29 0 1
89 29 0 1
90 29 0 1
91 29 0 1
92 29 0 1
93 29 0 1
94 29 0 1
95 29 0 1
150 29 0 2
151 29 0 2
152 29 0 2
153 29 0 1
154 29 0 1
155 29 0 1
156 29 0 1
157 29 0 1
158 29 0 1
33 28 0 1
34 28 0 1
35 28 0 1
36 28 0 1
37 28 0 1
38 28 0 1
40 28 0 1
41 28 0 1
42 28 0 1
81 28 0 1
82 28 0 1
83 28 0 1
84 28 0 1
85 28 0 1
86 28 0 1
87 28 0 1
88 28 0 1
89 28 0 1
90 28 0 1
91 28 0 1
92 28 0 1
93 28 0 1
94 28 0 1
95 28 0 1
34 27 0 1
35 27 0 1
36 27 0 1
37 27 0 1
81 27 0 1
82 27 0 1
83 27 0 1
84 27 0 1
85 27 0 1
86 27 0 1
87 27 0 1
88 27 0 1
89 27 0 1
90 27 0 1
91 27 0 1
92 27 0 1
93 27 0 1
94 27 0 1
95 27 0 1
81 26 0 1
82 26 0 1
83 26 0 1
84 26 0 1
85 26 0 1
86 26 0 1
87 26 0 1
88 26 0 1
89 26 0 1
90 26 0 1
91 26 0 1
92 26 0 1
93 26 0 1
94 26 0 1
95 26 0 1
82 25 0 1
83 25 0 1
84 25 0 1
85 25 0 1
86 25 0 1
87 25 0 1
88 25 0 1
89 25 0 1
90 25 0 1
91 25 0 1
92 25 0 1
93 25 0 1
94 25 0 1
82 24 0 1
83 24 0 1
84 24 0 1
85 24 0 1
86 24 0 1
87 24 0 1
88 24 0 1
89 24 0 1
90 24 0 1
91 24 0 1
92 24 0 1
93 24 0 1
94 24 0 1
83 23 0 1
84 23 0 1
85 23 0 1
86 23 0 1
87 23 0 1
88 23 0 1
89 23 0 1
90 23 0 1
91 23 0 1
92 23 0 1
93 23 0 1
85 22 0 1
86 22 0 1
87 22 0 1
88 22 0 1
89 22 0 1
90 22 0 1
91 22 0 1
190 22 0 1
191 22 0 1
192 22 0 1
193 22 0 1
194 22 0 1
195 22 0 1
196 22 0 1
197 22 0 1
189 21 0 1
190 21 0 1
191 21 0 1
192 21 0 1
193 21 0 1
194 21 0 1
195 21 0 1
196 21 0 1
197 21 0 1
198 21 0 1
55 20 0 1
56 20 0 1
57 20 0 1
58 20 0 1
59 20 0 1
60 20 0 1
61 20 0 1
188 20 0 1
189 20 0 1
190 20 0 1
191 20 0 1
192 20 0 1
193 20 0 1
194 20 0 1
195 20 0 1
196 20 0 1
197 20 0 1
198 20 0 1
199 20 0 1
53 19 0 1
54 19 0 1
55 19 0 1
56 19 0 1
57 19 0 1
58 19 0 1
59 19 0 1
60 19 0 1
61 19 0 1
62 19 0 1
63 19 0 1
187 19 0 1
188 19 0 1
189 19 0 1
190 19 0 1
191 19 0 1
192 19 0 1
193 19 0 1
194 19 0 1
195 19 0 1
196 19 0 2
197 19 0 2
198 19 0 2
199 19 0 2
200 19 0 2
52 18 0 1
53 18 0 1
54 18 0 1
55 18 0 1
56 18 0 1
57 18 0 1
58 18 0 1
59 18 0 1
60 18 0 1
61 18 0 1
62 18 0 1
63 18 0 1
64 18 0 1
124 18 0 1
125 18 0 1
126 18 0 1
127 18 0 1
128 18 0 1
129 18 0 1
130 18 0 1
131 18 0 1
187 18 0 1
188 18 0 2
189 18 0 2
190 18 0 2
191 18 0 2
192 18 0 2
193 18 0 2
194 18 0 2
195 18 0 2
196 18 0 2
197 18 0 2
198 18 0 2
199 18 0 2
200 18 0 2
52 17 0 1
53 17 0 1
54 17 0 1
55 17 0 1
56 17 0 1
57 17 0 1
58 17 0 1
59 17 0 1
60 17 0 1
61 17 0 1
62 17 0 1
63 17 0 1
64 17 0 1
123 17 0 1
124 17 0 1
125 17 0 1
126 17 0 1
127 17 0 1
128 17 0 1
129 17 0 1
130 17 0 1
131 17 0 1
132 17 0 1
187 17 0 2
188 17 0 2
189 17 0 2
190 17 0 2
191 17 0 2
192 17 0 2
193 17 0 2
194 17 0 2
195 17 0 2
196 17 0 2
197 17 0 2
198 17 0 2
199 17 0 2
200 17 0 2
51 16 0 1
52 16 0 1
53 16 0 1
54 16 0 1
55 16 0 1
56 16 0 1
57 16 0 1
58 16 0 1
59 16 0 1
60 16 0 1
61 16 0 1
62 16 0 1
63 16 0 1
64 16 0 1
65 16 0 1
122 16 0 1
123 16 0 1
124 16 0 1
125 16 0 1
126 16 0 2
127 16 0 2
128 16 0 1
129 16 0 1
130 16 0 1
131 16 0 1
132 16 0 1
133 16 0 1
134 16 0 1
135 16 0 1
136 16 0 1
187 16 0 2
188 16 0 2
189 16 0 2
190 16 0 2
191 16 0 2
192 16 0 2
193 16 0 2
194 16 0 2
195 16 0 2
196 16 0 2
197 16 0 2
198 16 0 2
199 16 0 2
200 16 0 2
51 15 0 1
52 15 0 1
53 15 0 1
54 15 0 1
55 15 0 1
56 15 0 1
57 15 0 1
58 15 0 1
59 15 0 1
60 15 0 1
61 15 0 1
62 15 0 1
63 15 0 1
64 15 0 1
65 15 0 1
122 15 0 2
123 15 0 2
124 15 0 2
125 15 0 2
126 15 0 2
127 15 0 2
128 15 0 1
129 15 0 1
130 15 0 1
131 15 0 1
132 15 0 1
133 15 0 1
134 15 0 1
135 15 0 1
136 15 0 1
187 15 0 2
188 15 0 2
189 15 0 2
190 15 0 2
191 15 0 2
192 15 0 2
193 15 0 2
194 15 0 2
195 15 0 2
196 15 0 2
197 15 0 2
198 15 0 2
199 15 0 2
200 15 0 2
51 14 0 1
52 14 0 1
53 14 0 1
54 14 0 1
55 14 0 1
56 14 0 1
57 14 0 1
58 14 0 1
59 14 0 1
60 14 0 1
61 14 0 1
62 14 0 1
63 14 0 1
64 14 0 1
65 14 0 1
122 14 0 2
123 14 0 2
124 14 0 2
125 14 0 2
126 14 0 2
127 14 0 2
128 14 0 2
129 14 0 2
130 14 0 2
131 14 0 2
132 14 0 2
133 14 0 2
134 14 0 1
135 14 0 1
136 14 0 1
187 14 0 2
188 14 0 2
189 14 0 2
190 14 0 2
191 14 0 2
192 14 0 2
193 14 0 2
194 14 0 2
195 14 0 2
196 14 0 2
197 14 0 2
198 14 0 2
199 14 0 2
200 14 0 2
51 13 0 1
52 13 0 1
53 13 0 1
54 13 0 1
55 13 0 1
56 13 0 1
57 13 0 1
58 13 0 1
59 13 0 1
60 13 0 1
61 13 0 1
62 13 0 1
63 13 0 1
64 13 0 1
65 13 0 1
122 13 0 2
123 13 0 2
124 13 0 2
125 13 0 2
126 13 0 2
127 13 0 2
128 13 0 2
129 13 0 2
130 13 0 2
131 13 0 2
132 13 0 2
133 13 0 2
134 13 0 2
135 13 0 2
136 13 0 2
187 13 0 2
188 13 0 2
189 13 0 2
190 13 0 2
191 13 0 2
192 13 0 2
193 13 0 2
194 13 0 2
195 13 0 2
196 13 0 2
197 13 0 2
198 13 0 2
199 13 0 2
200 13 0 2
51 12 0 1
52 12 0 1
53 12 0 1
54 12 0 1
55 12 0 1
56 12 0 1
57 12 0 1
58 12 0 1
59 12 0 1
60 12 0 1
61 12 0 1
62 12 0 1
63 12 0 1
64 12 0 1
65 12 0 1
122 12 0 2
123 12 0 2
124 12 0 2
125 12 0 2
126 12 0 2
127 12 0 2
128 12 0 2
129 12 0 2
130 12 0 2
131 12 0 2
132 12 0 2
133 12 0 2
134 12 0 2
135 12 0 2
136 12 0 2
188 12 0 2
189 12 0 2
190 12 0 2
191 12 0 2
192 12 0 2
193 12 0 2
194 12 0 2
195 12 0 2
196 12 0 2
197 12 0 2
198 12 0 2
199 12 0 2
51 11 0 1
52 11 0 1
53 11 0 1
54 11 0 1
55 11 0 1
56 11 0 1
57 11 0 1
58 11 0 1
59 11 0 1
60 11 0 1
61 11 0 1
62 11 0 1
63 11 0 1
64 11 0 1
65 11 0 1
122 11 0 2
123 11 0 2
124 11 0 2
125 11 0 2
126 11 0 2
127 11 0 2
128 11 0 2
129 11 0 2
130 11 0 2
131 11 0 2
132 11 0 2
133 11 0 2
134 11 0 2
135 11 0 2
136 11 0 2
189 11 0 2
190 11 0 2
191 11 0 2
192 11 0 2
193 11 0 1
194 11 0 1
195 11 0 1
196 11 0 1
197 11 0 1
198 11 0 1
52 10 0 1
53 10 0 1
54 10 0 1
55 10 0 1
56 10 0 1
57 10 0 1
58 10 0 1
59 10 0 1
60 10 0 1
61 10 0 1
62 10 0 1
63 10 0 1
64 10 0 1
122 10 0 2
123 10 0 2
124 10 0 2
125 10 0 2
126 10 0 2
127 10 0 2
128 10 0 2
129 10 0 2
130 10 0 2
131 10 0 2
132 10 0 2
133 10 0 2
134 10 0 2
135 10 0 2
136 10 0 2
190 10 0 1
191 10 0 1
192 10 0 1
193 10 0 1
194 10 0 1
195 10 0 1
196 10 0 1
197 10 0 1
52 9 0 1
53 9 0 1
54 9 0 1
55 9 0 1
56 9 0 1
57 9 0 1
58 9 0 1
59 9 0 1
60 9 0 1
61 9 0 1
62 9 0 1
63 9 0 1
64 9 0 1
122 9 0 1
123 9 0 1
124 9 0 1
125 9 0 1
126 9 0 1
127 9 0 2
128 9 0 2
129 9 0 2
130 9 0 2
131 9 0 2
132 9 0 2
133 9 0 2
134 9 0 2
135 9 0 2
136 9 0 2
53 8 0 1
54 8 0 1
55 8 0 1
56 8 0 1
57 8 0 1
58 8 0 1
59 8 0 1
60 8 0 1
61 8 0 1
62 8 0 1
63 8 0 1
123 8 0 1
124 8 0 1
125 8 0 1
126 8 0 1
127 8 0 1
128 8 0 1
129 8 0 1
130 8 0 1
131 8 0 1
132 8 0 1
133 8 0 1
134 8 0 2
135 8 0 2
55 7 0 1
56 7 0 1
57 7 0 1
58 7 0 1
59 7 0 1
60 7 0 1
61 7 0 1
124 7 0 1
125 7 0 1
126 7 0 1
127 7 0 1
128 7 0 1
129 7 0 1
130 7 0 1
131 7 0 1
132 7 0 1
133 7 0 1
134 7 0 1
127 6 0 1
128 6 0 1
129 6 0 1
130 6 0 1
131 6 0 1
132 6 0 1
