69 3 0 1
70 3 0 1
71 3 0 1
72 3 0 1
68 4 0 1
69 4 0 1
70 4 0 1
71 4 0 1
72 4 0 1
73 4 0 1
67 5 0 1
68 5 0 1
69 5 0 1
70 5 0 1
71 5 0 1
72 5 0 1
73 5 0 1
74 5 0 1
66 6 0 1
67 6 0 1
68 6 0 1
69 6 0 1
70 6 0 1
71 6 0 1
72 6 0 1
73 6 0 1
74 6 0 1
75 6 0 1
66 7 0 1
67 7 0 1
68 7 0 1
69 7 0 1
70 7 0 1
71 7 0 1
72 7 0 1
73 7 0 1
74 7 0 1
75 7 0 1
66 8 0 1
67 8 0 1
68 8 0 1
69 8 0 1
70 8 0 1
71 8 0 1
72 8 0 1
73 8 0 1
74 8 0 1
75 8 0 1
66 9 0 1
67 9 0 1
68 9 0 1
69 9 0 1
70 9 0 1
71 9 0 1
72 9 0 1
73 9 0 1
74 9 0 1
75 9 0 1
66 10 0 1
67 10 0 1
68 10 0 1
69 10 0 1
70 10 0 1
71 10 0 1
72 10 0 1
73 10 0 1
74 10 0 1
75 10 0 1
67 11 0 1
68 11 0 1
69 11 0 1
70 11 0 1
71 11 0 1
72 11 0 1
73 11 0 1
74 11 0 1
29 12 0 1
30 12 0 1
31 12 0 1
32 12 0 1
68 12 0 1
69 12 0 1
70 12 0 1
71 12 0 1
72 12 0 1
73 12 0 1
28 13 0 1
29 13 0 1
30 13 0 1
31 13 0 1
32 13 0 1
33 13 0 1
69 13 0 1
70 13 0 1
71 13 0 1
72 13 0 1
27 14 0 1
28 14 0 1
29 14 0 1
30 14 0 1
31 14 0 1
32 14 0 1
33 14 0 1
34 14 0 1
187 14 0 1
188 14 0 1
189 14 0 1
190 14 0 1
191 14 0 1
192 14 0 1
193 14 0 2
194 14 0 2
26 15 0 1
27 15 0 1
28 15 0 1
29 15 0 1
30 15 0 1
31 15 0 1
32 15 0 1
33 15 0 1
34 15 0 1
35 15 0 1
186 15 0 1
187 15 0 1
188 15 0 1
189 15 0 1
190 15 0 1
191 15 0 1
192 15 0 2
193 15 0 2
194 15 0 2
195 15 0 2
26 16 0 1
27 16 0 1
28 16 0 1
29 16 0 1
30 16 0 1
31 16 0 1
32 16 0 1
33 16 0 1
34 16 0 1
35 16 0 1
142 16 0 1
143 16 0 1
144 16 0 1
145 16 0 1
146 16 0 1
185 16 0 1
186 16 0 1
187 16 0 1
188 16 0 2
189 16 0 2
190 16 0 2
191 16 0 2
192 16 0 2
193 16 0 2
194 16 0 2
195 16 0 2
196 16 0 2
26 17 0 1
27 17 0 1
28 17 0 1
29 17 0 1
30 17 0 1
31 17 0 1
32 17 0 1
33 17 0 1
34 17 0 1
35 17 0 1
141 17 0 2
142 17 0 2
143 17 0 1
144 17 0 1
145 17 0 1
146 17 0 1
147 17 0 1
148 17 0 1
149 17 0 1
150 17 0 1
184 17 0 1
185 17 0 1
186 17 0 1
187 17 0 1
188 17 0 2
189 17 0 2
190 17 0 2
191 17 0 2
192 17 0 2
193 17 0 2
194 17 0 2
195 17 0 2
196 17 0 2
234 17 0 1
235 17 0 1
236 17 0 1
237 17 0 1
238 17 0 1
239 17 0 1
240 17 0 1
241 17 0 1
242 17 0 1
26 18 0 1
27 18 0 1
28 18 0 1
29 18 0 1
30 18 0 1
31 18 0 1
32 18 0 1
33 18 0 1
34 18 0 1
35 18 0 1
140 18 0 2
141 18 0 2
142 18 0 2
143 18 0 2
144 18 0 2
145 18 0 1
146 18 0 1
147 18 0 1
148 18 0 1
149 18 0 1
150 18 0 1
151 18 0 1
184 18 0 1
185 18 0 1
186 18 0 2
187 18 0 2
188 18 0 2
189 18 0 2
190 18 0 2
191 18 0 2
192 18 0 2
193 18 0 2
194 18 0 2
195 18 0 2
196 18 0 2
233 18 0 1
234 18 0 1
235 18 0 1
236 18 0 1
237 18 0 1
238 18 0 1
239 18 0 1
240 18 0 1
241 18 0 1
242 18 0 1
243 18 0 1
27 19 0 1
28 19 0 1
29 19 0 1
30 19 0 1
31 19 0 1
32 19 0 1
33 19 0 1
34 19 0 1
139 19 0 2
140 19 0 2
141 19 0 2
142 19 0 2
143 19 0 2
144 19 0 2
145 19 0 2
146 19 0 2
147 19 0 2
148 19 0 1
149 19 0 1
150 19 0 1
151 19 0 1
152 19 0 1
184 19 0 2
185 19 0 2
186 19 0 2
187 19 0 2
188 19 0 2
189 19 0 2
190 19 0 2
191 19 0 2
192 19 0 2
193 19 0 2
194 19 0 2
195 19 0 2
196 19 0 1
232 19 0 2
233 19 0 2
234 19 0 2
235 19 0 1
236 19 0 1
237 19 0 1
238 19 0 1
239 19 0 1
240 19 0 1
241 19 0 1
242 19 0 1
243 19 0 1
244 19 0 1
28 20 0 1
29 20 0 1
30 20 0 1
31 20 0 1
32 20 0 1
33 20 0 1
139 20 0 2
140 20 0 2
141 20 0 2
142 20 0 2
143 20 0 2
144 20 0 2
145 20 0 2
146 20 0 2
147 20 0 2
148 20 0 2
149 20 0 1
150 20 0 1
151 20 0 1
152 20 0 1
184 20 0 2
185 20 0 2
186 20 0 2
187 20 0 2
188 20 0 2
189 20 0 2
190 20 0 2
191 20 0 2
192 20 0 2
193 20 0 2
194 20 0 2
195 20 0 1
196 20 0 1
231 20 0 2
232 20 0 2
233 20 0 2
234 20 0 2
235 20 0 2
236 20 0 2
237 20 0 2
238 20 0 2
239 20 0 2
240 20 0 2
241 20 0 2
242 20 0 2
243 20 0 2
244 20 0 2
245 20 0 2
29 21 0 1
30 21 0 1
31 21 0 1
32 21 0 1
139 21 0 2
140 21 0 2
141 21 0 2
142 21 0 2
143 21 0 2
144 21 0 2
145 21 0 2
146 21 0 2
147 21 0 2
148 21 0 2
149 21 0 2
150 21 0 1
151 21 0 1
152 21 0 1
184 21 0 2
185 21 0 2
186 21 0 2
187 21 0 2
188 21 0 2
189 21 0 2
190 21 0 2
191 21 0 2
192 21 0 2
193 21 0 1
194 21 0 1
195 21 0 1
196 21 0 1
231 21 0 2
232 21 0 2
233 21 0 2
234 21 0 2
235 21 0 2
236 21 0 2
237 21 0 2
238 21 0 2
239 21 0 2
240 21 0 2
241 21 0 2
242 21 0 2
243 21 0 2
244 21 0 2
245 21 0 2
68 22 0 1
69 22 0 1
70 22 0 1
71 22 0 1
72 22 0 2
73 22 0 2
74 22 0 2
139 22 0 2
140 22 0 2
141 22 0 2
142 22 0 2
143 22 0 2
144 22 0 2
145 22 0 2
146 22 0 2
147 22 0 2
148 22 0 2
149 22 0 2
150 22 0 2
151 22 0 2
152 22 0 2
184 22 0 2
185 22 0 2
186 22 0 2
187 22 0 2
188 22 0 2
189 22 0 2
190 22 0 2
191 22 0 2
192 22 0 1
193 22 0 1
194 22 0 1
195 22 0 1
196 22 0 1
231 22 0 2
232 22 0 2
233 22 0 2
234 22 0 2
235 22 0 2
236 22 0 2
237 22 0 2
238 22 0 2
239 22 0 2
240 22 0 2
241 22 0 2
242 22 0 2
243 22 0 2
244 22 0 2
245 22 0 2
67 23 0 1
68 23 0 1
69 23 0 1
70 23 0 1
71 23 0 1
72 23 0 2
73 23 0 2
74 23 0 2
75 23 0 2
109 23 0 1
110 23 0 1
111 23 0 1
112 23 0 1
113 23 0 1
139 23 0 2
140 23 0 2
141 23 0 2
142 23 0 2
143 23 0 2
144 23 0 2
145 23 0 2
146 23 0 2
147 23 0 2
148 23 0 2
149 23 0 2
150 23 0 2
151 23 0 2
152 23 0 2
184 23 0 2
185 23 0 2
186 23 0 2
187 23 0 2
188 23 0 2
189 23 0 2
190 23 0 1
191 23 0 1
192 23 0 1
193 23 0 1
194 23 0 1
195 23 0 1
231 23 0 2
232 23 0 2
233 23 0 2
234 23 0 2
235 23 0 2
236 23 0 2
237 23 0 2
238 23 0 2
239 23 0 2
240 23 0 2
241 23 0 2
242 23 0 2
243 23 0 2
244 23 0 2
245 23 0 2
66 24 0 1
67 24 0 1
68 24 0 1
69 24 0 2
70 24 0 2
71 24 0 2
72 24 0 2
73 24 0 2
74 24 0 2
75 24 0 2
108 24 0 1
109 24 0 1
110 24 0 1
111 24 0 1
112 24 0 1
113 24 0 1
114 24 0 1
139 24 0 1
140 24 0 2
141 24 0 2
142 24 0 2
143 24 0 2
144 24 0 2
145 24 0 2
146 24 0 2
147 24 0 2
148 24 0 2
149 24 0 2
150 24 0 2
151 24 0 2
152 24 0 2
185 24 0 2
186 24 0 2
187 24 0 2
188 24 0 1
189 24 0 1
190 24 0 1
191 24 0 1
192 24 0 1
193 24 0 1
194 24 0 1
231 24 0 2
232 24 0 2
233 24 0 2
234 24 0 2
235 24 0 2
236 24 0 2
237 24 0 2
238 24 0 2
239 24 0 2
240 24 0 2
241 24 0 2
242 24 0 2
243 24 0 2
244 24 0 2
245 24 0 2
66 25 0 1
67 25 0 2
68 25 0 2
69 25 0 2
70 25 0 2
71 25 0 2
72 25 0 2
73 25 0 2
74 25 0 2
75 25 0 2
76 25 0 2
107 25 0 1
108 25 0 1
109 25 0 1
110 25 0 1
111 25 0 1
112 25 0 1
113 25 0 1
114 25 0 1
115 25 0 1
139 25 0 1
140 25 0 1
141 25 0 2
142 25 0 2
143 25 0 2
144 25 0 2
145 25 0 2
146 25 0 2
147 25 0 2
148 25 0 2
149 25 0 2
150 25 0 2
151 25 0 2
152 25 0 2
186 25 0 2
187 25 0 1
188 25 0 1
189 25 0 1
190 25 0 1
191 25 0 1
192 25 0 1
231 25 0 2
232 25 0 2
233 25 0 2
234 25 0 2
235 25 0 2
236 25 0 2
237 25 0 2
238 25 0 2
239 25 0 2
240 25 0 2
241 25 0 2
242 25 0 2
243 25 0 2
244 25 0 2
245 25 0 2
66 26 0 2
67 26 0 2
68 26 0 2
69 26 0 2
70 26 0 2
71 26 0 2
72 26 0 2
73 26 0 2
74 26 0 2
75 26 0 2
76 26 0 2
106 26 0 1
107 26 0 1
108 26 0 1
109 26 0 1
110 26 0 1
111 26 0 1
112 26 0 1
113 26 0 1
114 26 0 1
115 26 0 1
116 26 0 1
139 26 0 1
140 26 0 1
141 26 0 1
142 26 0 1
143 26 0 1
144 26 0 2
145 26 0 2
146 26 0 2
147 26 0 2
148 26 0 2
149 26 0 2
150 26 0 2
151 26 0 2
152 26 0 2
231 26 0 2
232 26 0 2
233 26 0 2
234 26 0 2
235 26 0 2
236 26 0 2
237 26 0 2
238 26 0 2
239 26 0 2
240 26 0 2
241 26 0 2
242 26 0 2
243 26 0 2
244 26 0 2
245 26 0 2
66 27 0 2
67 27 0 2
68 27 0 2
69 27 0 2
70 27 0 2
71 27 0 2
72 27 0 2
73 27 0 2
74 27 0 2
75 27 0 2
76 27 0 2
106 27 0 1
107 27 0 1
108 27 0 1
109 27 0 1
110 27 0 1
111 27 0 1
112 27 0 1
113 27 0 1
114 27 0 1
115 27 0 1
116 27 0 1
140 27 0 1
141 27 0 1
142 27 0 1
143 27 0 1
144 27 0 1
145 27 0 1
146 27 0 1
147 27 0 1
148 27 0 2
149 27 0 2
150 27 0 2
151 27 0 2
231 27 0 1
232 27 0 2
233 27 0 2
234 27 0 2
235 27 0 2
236 27 0 2
237 27 0 2
238 27 0 2
239 27 0 2
240 27 0 2
241 27 0 2
242 27 0 2
243 27 0 2
244 27 0 2
245 27 0 2
66 28 0 2
67 28 0 2
68 28 0 2
69 28 0 2
70 28 0 2
71 28 0 2
72 28 0 2
73 28 0 2
74 28 0 2
75 28 0 2
76 28 0 2
106 28 0 1
107 28 0 1
108 28 0 1
109 28 0 1
110 28 0 1
111 28 0 1
112 28 0 1
113 28 0 1
114 28 0 1
115 28 0 1
116 28 0 1
141 28 0 1
142 28 0 1
143 28 0 1
144 28 0 1
145 28 0 1
146 28 0 1
147 28 0 1
148 28 0 1
149 28 0 1
150 28 0 2
231 28 0 1
232 28 0 1
233 28 0 1
234 28 0 2
235 28 0 1
236 28 0 2
237 28 0 2
238 28 0 2
239 28 0 2
240 28 0 2
241 28 0 2
242 28 0 1
243 28 0 1
244 28 0 1
245 28 0 1
66 29 0 2
67 29 0 2
68 29 0 2
69 29 0 2
70 29 0 2
71 29 0 2
72 29 0 2
73 29 0 2
74 29 0 2
75 29 0 2
76 29 0 2
106 29 0 1
107 29 0 1
108 29 0 1
109 29 0 1
110 29 0 1
111 29 0 1
112 29 0 1
113 29 0 1
114 29 0 1
115 29 0 1
116 29 0 1
145 29 0 1
146 29 0 1
147 29 0 1
148 29 0 1
149 29 0 1
232 29 0 1
233 29 0 1
234 29 0 1
235 29 0 1
236 29 0 1
237 29 0 1
238 29 0 1
239 29 0 1
240 29 0 1
241 29 0 1
242 29 0 1
243 29 0 1
244 29 0 1
66 30 0 2
67 30 0 2
68 30 0 2
69 30 0 2
70 30 0 2
71 30 0 2
72 30 0 2
73 30 0 2
74 30 0 2
75 30 0 2
76 30 0 2
106 30 0 1
107 30 0 1
108 30 0 1
109 30 0 1
110 30 0 1
111 30 0 1
112 30 0 1
113 30 0 1
114 30 0 1
115 30 0 1
116 30 0 1
233 30 0 1
234 30 0 1
235 30 0 1
236 30 0 1
237 30 0 1
238 30 0 1
239 30 0 1
240 30 0 1
241 30 0 1
242 30 0 1
243 30 0 1
66 31 0 2
67 31 0 2
68 31 0 2
69 31 0 2
70 31 0 2
71 31 0 2
72 31 0 2
73 31 0 2
74 31 0 2
75 31 0 2
76 31 0 2
106 31 0 1
107 31 0 1
108 31 0 1
109 31 0 1
110 31 0 1
111 31 0 1
112 31 0 1
113 31 0 1
114 31 0 1
115 31 0 1
116 31 0 1
66 32 0 2
67 32 0 2
68 32 0 2
69 32 0 2
70 32 0 2
71 32 0 2
72 32 0 2
73 32 0 2
74 32 0 2
75 32 0 2
107 32 0 1
108 32 0 1
109 32 0 1
110 32 0 1
111 32 0 1
112 32 0 1
113 32 0 1
114 32 0 1
115 32 0 1
66 33 0 1
67 33 0 1
68 33 0 1
69 33 0 1
70 33 0 1
71 33 0 2
72 33 0 2
73 33 0 2
74 33 0 2
75 33 0 2
108 33 0 1
109 33 0 1
110 33 0 1
111 33 0 1
112 33 0 1
113 33 0 1
114 33 0 1
67 34 0 1
68 34 0 1
69 34 0 1
70 34 0 1
71 34 0 1
72 34 0 1
73 34 0 2
74 34 0 2
109 34 0 1
110 34 0 1
111 34 0 1
112 34 0 1
113 34 0 1
40 38 0 1
41 38 0 1
42 38 0 1
43 38 0 2
44 38 0 2
45 38 0 2
39 39 0 1
40 39 0 1
41 39 0 1
42 39 0 2
43 39 0 2
44 39 0 2
45 39 0 2
46 39 0 2
166 39 0 1
167 39 0 1
168 39 0 1
169 39 0 1
170 39 0 1
171 39 0 1
172 39 0 1
39 40 0 2
40 40 0 2
41 40 0 2
42 40 0 2
43 40 0 2
44 40 0 2
45 40 0 2
46 40 0 2
47 40 0 2
165 40 0 1
166 40 0 1
167 40 0 1
168 40 0 1
169 40 0 1
170 40 0 1
171 40 0 1
172 40 0 1
173 40 0 1
39 41 0 2
40 41 0 2
41 41 0 2
42 41 0 2
43 41 0 2
44 41 0 2
45 41 0 2
46 41 0 2
47 41 0 2
48 41 0 2
164 41 0 1
165 41 0 1
166 41 0 1
167 41 0 1
168 41 0 1
169 41 0 1
170 41 0 1
171 41 0 1
172 41 0 1
173 41 0 1
174 41 0 1
193 41 0 1
194 41 0 1
195 41 0 1
196 41 0 1
197 41 0 1
198 41 0 1
199 41 0 1
200 41 0 1
201 41 0 1
39 42 0 2
40 42 0 2
41 42 0 2
42 42 0 2
43 42 0 2
44 42 0 2
45 42 0 2
46 42 0 2
47 42 0 2
48 42 0 2
163 42 0 1
164 42 0 1
165 42 0 1
166 42 0 1
167 42 0 1
168 42 0 1
169 42 0 1
170 42 0 1
171 42 0 1
172 42 0 1
173 42 0 1
174 42 0 1
175 42 0 1
192 42 0 1
193 42 0 1
194 42 0 1
195 42 0 1
196 42 0 1
197 42 0 1
198 42 0 1
199 42 0 1
200 42 0 1
201 42 0 1
202 42 0 1
203 42 0 1
39 43 0 2
40 43 0 2
41 43 0 2
42 43 0 2
43 43 0 2
44 43 0 2
45 43 0 2
46 43 0 2
47 43 0 2
48 43 0 1
163 43 0 1
164 43 0 1
165 43 0 1
166 43 0 1
167 43 0 1
168 43 0 1
169 43 0 1
170 43 0 1
171 43 0 1
172 43 0 1
173 43 0 1
174 43 0 1
175 43 0 1
192 43 0 1
193 43 0 1
194 43 0 2
195 43 0 2
196 43 0 2
197 43 0 2
198 43 0 2
199 43 0 2
200 43 0 2
201 43 0 2
202 43 0 1
203 43 0 1
204 43 0 1
39 44 0 2
40 44 0 2
41 44 0 2
42 44 0 2
43 44 0 2
44 44 0 2
45 44 0 2
46 44 0 1
47 44 0 1
48 44 0 1
163 44 0 1
164 44 0 1
165 44 0 1
166 44 0 1
167 44 0 1
168 44 0 1
169 44 0 1
170 44 0 1
171 44 0 1
172 44 0 1
173 44 0 1
174 44 0 1
175 44 0 1
192 44 0 2
193 44 0 2
194 44 0 2
195 44 0 2
196 44 0 2
197 44 0 2
198 44 0 2
199 44 0 2
200 44 0 2
201 44 0 2
202 44 0 2
203 44 0 2
204 44 0 2
40 45 0 2
41 45 0 2
42 45 0 2
43 45 0 2
44 45 0 1
45 45 0 1
46 45 0 1
47 45 0 1
48 45 0 1
163 45 0 1
164 45 0 1
165 45 0 1
166 45 0 1
167 45 0 1
168 45 0 1
169 45 0 1
170 45 0 1
171 45 0 1
172 45 0 1
173 45 0 1
174 45 0 1
175 45 0 1
192 45 0 2
193 45 0 2
194 45 0 2
195 45 0 2
196 45 0 2
197 45 0 2
198 45 0 2
199 45 0 2
200 45 0 2
201 45 0 2
202 45 0 2
203 45 0 2
204 45 0 2
205 45 0 2
41 46 0 2
42 46 0 2
43 46 0 1
44 46 0 1
45 46 0 1
46 46 0 1
47 46 0 1
163 46 0 1
164 46 0 1
165 46 0 1
166 46 0 1
167 46 0 1
168 46 0 1
169 46 0 1
170 46 0 1
171 46 0 1
172 46 0 1
173 46 0 1
174 46 0 1
175 46 0 1
192 46 0 2
193 46 0 2
194 46 0 2
195 46 0 2
196 46 0 2
197 46 0 2
198 46 0 2
199 46 0 2
200 46 0 2
201 46 0 2
202 46 0 2
203 46 0 2
204 46 0 2
205 46 0 2
163 47 0 1
164 47 0 1
165 47 0 1
166 47 0 1
167 47 0 1
168 47 0 1
169 47 0 1
170 47 0 1
171 47 0 1
172 47 0 1
173 47 0 1
174 47 0 1
175 47 0 1
192 47 0 2
193 47 0 2
194 47 0 2
195 47 0 2
196 47 0 2
197 47 0 2
198 47 0 2
199 47 0 2
200 47 0 2
201 47 0 2
202 47 0 2
203 47 0 2
204 47 0 2
205 47 0 2
230 47 0 1
231 47 0 1
232 47 0 1
91 48 0 1
92 48 0 1
93 48 0 1
94 48 0 1
164 48 0 1
165 48 0 1
166 48 0 1
167 48 0 1
168 48 0 1
169 48 0 1
170 48 0 1
171 48 0 1
172 48 0 1
173 48 0 1
174 48 0 1
192 48 0 2
193 48 0 2
194 48 0 2
195 48 0 2
196 48 0 2
197 48 0 2
198 48 0 2
199 48 0 2
200 48 0 2
201 48 0 2
202 48 0 2
203 48 0 2
204 48 0 2
205 48 0 2
229 48 0 1
230 48 0 1
231 48 0 1
232 48 0 1
233 48 0 1
234 48 0 1
90 49 0 1
91 49 0 1
92 49 0 1
93 49 0 1
94 49 0 1
95 49 0 1
165 49 0 1
166 49 0 1
167 49 0 1
168 49 0 1
169 49 0 1
170 49 0 1
171 49 0 1
172 49 0 1
173 49 0 1
192 49 0 2
193 49 0 2
194 49 0 2
195 49 0 2
196 49 0 2
197 49 0 2
198 49 0 2
199 49 0 2
200 49 0 2
201 49 0 2
202 49 0 2
203 49 0 2
204 49 0 2
205 49 0 2
228 49 0 2
229 49 0 2
230 49 0 2
231 49 0 2
232 49 0 2
233 49 0 1
234 49 0 1
235 49 0 1
236 49 0 1
237 49 0 1
238 49 0 1
89 50 0 1
90 50 0 1
91 50 0 1
92 50 0 1
93 50 0 1
94 50 0 1
95 50 0 1
96 50 0 1
166 50 0 1
167 50 0 1
168 50 0 1
169 50 0 1
170 50 0 1
171 50 0 1
172 50 0 1
192 50 0 2
193 50 0 2
194 50 0 2
195 50 0 2
196 50 0 2
197 50 0 2
198 50 0 2
199 50 0 2
200 50 0 2
201 50 0 2
202 50 0 2
203 50 0 2
204 50 0 2
205 50 0 2
227 50 0 2
228 50 0 2
229 50 0 2
230 50 0 2
231 50 0 2
232 50 0 2
233 50 0 2
234 50 0 2
235 50 0 2
236 50 0 1
237 50 0 1
238 50 0 1
239 50 0 1
240 50 0 1
13 51 0 1
14 51 0 1
15 51 0 1
16 51 0 1
88 51 0 1
89 51 0 1
90 51 0 1
91 51 0 1
92 51 0 1
93 51 0 1
94 51 0 1
95 51 0 1
96 51 0 1
97 51 0 1
192 51 0 2
193 51 0 2
194 51 0 2
195 51 0 2
196 51 0 2
197 51 0 2
198 51 0 2
199 51 0 2
200 51 0 2
201 51 0 2
202 51 0 2
203 51 0 2
204 51 0 2
227 51 0 2
228 51 0 2
229 51 0 2
230 51 0 2
231 51 0 2
232 51 0 2
233 51 0 2
234 51 0 2
235 51 0 2
236 51 0 2
237 51 0 2
238 51 0 1
239 51 0 1
240 51 0 1
11 52 0 1
12 52 0 1
13 52 0 1
14 52 0 1
15 52 0 1
16 52 0 1
17 52 0 1
18 52 0 1
88 52 0 1
89 52 0 1
90 52 0 1
91 52 0 1
92 52 0 1
93 52 0 1
94 52 0 1
95 52 0 1
96 52 0 1
97 52 0 1
193 52 0 2
194 52 0 2
195 52 0 2
196 52 0 1
197 52 0 1
198 52 0 1
199 52 0 1
200 52 0 1
201 52 0 1
202 52 0 1
203 52 0 1
204 52 0 1
227 52 0 2
228 52 0 2
229 52 0 2
230 52 0 2
231 52 0 2
232 52 0 2
233 52 0 2
234 52 0 2
235 52 0 2
236 52 0 2
237 52 0 2
238 52 0 2
239 52 0 2
240 52 0 2
10 53 0 1
11 53 0 1
12 53 0 1
13 53 0 1
14 53 0 1
15 53 0 1
16 53 0 1
17 53 0 1
18 53 0 1
19 53 0 1
88 53 0 1
89 53 0 1
90 53 0 1
91 53 0 1
92 53 0 1
93 53 0 1
94 53 0 1
95 53 0 1
96 53 0 1
97 53 0 1
194 53 0 1
195 53 0 1
196 53 0 1
197 53 0 1
198 53 0 1
199 53 0 1
200 53 0 1
201 53 0 1
202 53 0 1
203 53 0 1
227 53 0 2
228 53 0 2
229 53 0 2
230 53 0 2
231 53 0 2
232 53 0 2
233 53 0 2
234 53 0 2
235 53 0 2
236 53 0 2
237 53 0 2
238 53 0 2
239 53 0 2
240 53 0 2
10 54 0 1
11 54 0 1
12 54 0 1
13 54 0 1
14 54 0 1
15 54 0 1
16 54 0 1
17 54 0 1
18 54 0 1
19 54 0 1
88 54 0 1
89 54 0 1
90 54 0 1
91 54 0 1
92 54 0 1
93 54 0 1
94 54 0 1
95 54 0 1
96 54 0 1
97 54 0 1
227 54 0 2
228 54 0 2
229 54 0 2
230 54 0 2
231 54 0 2
232 54 0 2
233 54 0 2
234 54 0 2
235 54 0 2
236 54 0 2
237 54 0 2
238 54 0 2
239 54 0 2
240 54 0 2
9 55 0 1
10 55 0 1
11 55 0 1
12 55 0 1
13 55 0 1
14 55 0 1
15 55 0 1
16 55 0 1
17 55 0 1
18 55 0 1
19 55 0 1
20 55 0 1
89 55 0 1
90 55 0 1
91 55 0 1
92 55 0 1
93 55 0 1
94 55 0 1
95 55 0 1
96 55 0 1
227 55 0 2
228 55 0 2
229 55 0 2
230 55 0 2
231 55 0 2
232 55 0 2
233 55 0 2
234 55 0 2
235 55 0 2
236 55 0 2
237 55 0 2
238 55 0 2
239 55 0 2
240 55 0 2
9 56 0 1
10 56 0 1
11 56 0 1
12 56 0 1
13 56 0 1
14 56 0 1
15 56 0 1
16 56 0 1
17 56 0 1
18 56 0 1
19 56 0 1
20 56 0 1
90 56 0 1
91 56 0 1
92 56 0 1
93 56 0 1
94 56 0 1
95 56 0 1
227 56 0 1
228 56 0 1
229 56 0 1
230 56 0 2
231 56 0 2
232 56 0 2
233 56 0 2
234 56 0 2
235 56 0 2
236 56 0 2
237 56 0 2
238 56 0 2
239 56 0 2
240 56 0 2
9 57 0 1
10 57 0 1
11 57 0 1
12 57 0 1
13 57 0 1
14 57 0 1
15 57 0 1
16 57 0 1
17 57 0 1
18 57 0 1
19 57 0 1
20 57 0 1
91 57 0 1
92 57 0 1
93 57 0 1
94 57 0 1
228 57 0 1
229 57 0 1
230 57 0 1
231 57 0 2
232 57 0 2
233 57 0 2
234 57 0 2
235 57 0 2
236 57 0 2
237 57 0 2
238 57 0 2
239 57 0 2
240 57 0 2
9 58 0 1
10 58 0 1
11 58 0 1
12 58 0 1
13 58 0 1
14 58 0 1
15 58 0 1
16 58 0 1
17 58 0 1
18 58 0 1
19 58 0 1
20 58 0 1
229 58 0 1
230 58 0 1
231 58 0 1
232 58 0 1
233 58 0 1
234 58 0 1
235 58 0 2
236 58 0 2
237 58 0 1
238 58 0 2
239 58 0 2
10 59 0 1
11 59 0 1
12 59 0 1
13 59 0 1
14 59 0 1
15 59 0 1
16 59 0 1
17 59 0 1
18 59 0 1
19 59 0 1
232 59 0 1
233 59 0 1
234 59 0 1
235 59 0 1
236 59 0 1
237 59 0 1
238 59 0 1
10 60 0 1
11 60 0 1
12 60 0 1
13 60 0 1
14 60 0 1
15 60 0 1
16 60 0 1
17 60 0 1
18 60 0 1
19 60 0 1
11 61 0 1
12 61 0 1
13 61 0 1
14 61 0 1
15 61 0 1
16 61 0 1
17 61 0 1
18 61 0 1
138 61 0 1
139 61 0 1
140 61 0 1
141 61 0 1
142 61 0 1
143 61 0 1
144 61 0 1
145 61 0 1
13 62 0 1
14 62 0 1
15 62 0 1
16 62 0 1
135 62 0 1
136 62 0 1
137 62 0 1
138 62 0 1
139 62 0 1
140 62 0 1
141 62 0 1
142 62 0 1
143 62 0 2
144 62 0 2
145 62 0 2
146 62 0 2
134 63 0 1
135 63 0 1
136 63 0 1
137 63 0 1
138 63 0 1
139 63 0 2
140 63 0 2
141 63 0 2
142 63 0 2
143 63 0 2
144 63 0 2
145 63 0 2
146 63 0 2
147 63 0 2
134 64 0 1
135 64 0 1
136 64 0 2
137 64 0 2
138 64 0 2
139 64 0 2
140 64 0 2
141 64 0 2
142 64 0 2
143 64 0 2
144 64 0 2
145 64 0 2
146 64 0 2
147 64 0 2
134 65 0 2
135 65 0 2
136 65 0 2
137 65 0 2
138 65 0 2
139 65 0 2
140 65 0 2
141 65 0 2
142 65 0 2
143 65 0 2
144 65 0 2
145 65 0 2
146 65 0 2
147 65 0 2
134 66 0 2
135 66 0 2
136 66 0 2
137 66 0 2
138 66 0 2
139 66 0 2
140 66 0 2
141 66 0 2
142 66 0 2
143 66 0 2
144 66 0 2
145 66 0 2
146 66 0 2
147 66 0 2
183 66 0 1
184 66 0 1
185 66 0 1
186 66 0 1
187 66 0 1
188 66 0 1
134 67 0 2
135 67 0 2
136 67 0 2
137 67 0 2
138 67 0 2
139 67 0 2
140 67 0 2
141 67 0 2
142 67 0 2
143 67 0 2
144 67 0 2
145 67 0 2
146 67 0 2
147 67 0 2
181 67 0 1
182 67 0 1
183 67 0 1
184 67 0 1
185 67 0 1
186 67 0 1
187 67 0 1
188 67 0 1
189 67 0 1
190 67 0 1
35 68 0 1
36 68 0 1
37 68 0 1
38 68 0 1
39 68 0 2
40 68 0 2
41 68 0 2
134 68 0 2
135 68 0 2
136 68 0 2
137 68 0 2
138 68 0 2
139 68 0 2
140 68 0 2
141 68 0 2
142 68 0 2
143 68 0 2
144 68 0 2
145 68 0 2
146 68 0 2
147 68 0 1
180 68 0 1
181 68 0 1
182 68 0 1
183 68 0 1
184 68 0 1
185 68 0 1
186 68 0 1
187 68 0 1
188 68 0 1
189 68 0 1
190 68 0 1
191 68 0 1
34 69 0 1
35 69 0 1
36 69 0 1
37 69 0 2
38 69 0 2
39 69 0 2
40 69 0 2
41 69 0 2
42 69 0 2
134 69 0 2
135 69 0 2
136 69 0 2
137 69 0 2
138 69 0 2
139 69 0 2
140 69 0 2
141 69 0 2
142 69 0 2
143 69 0 2
144 69 0 2
145 69 0 1
146 69 0 1
147 69 0 1
180 69 0 1
181 69 0 1
182 69 0 1
183 69 0 1
184 69 0 1
185 69 0 1
186 69 0 1
187 69 0 1
188 69 0 1
189 69 0 1
190 69 0 1
191 69 0 1
33 70 0 2
34 70 0 2
35 70 0 2
36 70 0 2
37 70 0 2
38 70 0 2
39 70 0 2
40 70 0 2
41 70 0 2
42 70 0 2
43 70 0 2
135 70 0 2
136 70 0 2
137 70 0 2
138 70 0 2
139 70 0 2
140 70 0 2
141 70 0 2
142 70 0 2
143 70 0 1
144 70 0 1
145 70 0 1
146 70 0 1
147 70 0 1
179 70 0 1
180 70 0 1
181 70 0 1
182 70 0 1
183 70 0 1
184 70 0 1
185 70 0 1
186 70 0 1
187 70 0 1
188 70 0 1
189 70 0 1
190 70 0 1
191 70 0 1
192 70 0 1
33 71 0 2
34 71 0 2
35 71 0 2
36 71 0 2
37 71 0 2
38 71 0 2
39 71 0 2
40 71 0 2
41 71 0 2
42 71 0 2
43 71 0 2
136 71 0 2
137 71 0 2
138 71 0 1
139 71 0 1
140 71 0 1
141 71 0 1
142 71 0 1
143 71 0 1
144 71 0 1
145 71 0 1
146 71 0 1
179 71 0 1
180 71 0 1
181 71 0 1
182 71 0 1
183 71 0 1
184 71 0 1
185 71 0 1
186 71 0 1
187 71 0 1
188 71 0 1
189 71 0 1
190 71 0 1
191 71 0 1
192 71 0 1
33 72 0 2
34 72 0 2
35 72 0 2
36 72 0 2
37 72 0 2
38 72 0 2
39 72 0 2
40 72 0 2
41 72 0 2
42 72 0 2
43 72 0 2
137 72 0 1
138 72 0 1
139 72 0 1
140 72 0 1
141 72 0 1
142 72 0 1
143 72 0 1
144 72 0 1
179 72 0 1
180 72 0 1
181 72 0 1
182 72 0 1
183 72 0 1
184 72 0 1
185 72 0 1
186 72 0 1
187 72 0 1
188 72 0 1
189 72 0 1
190 72 0 1
191 72 0 1
192 72 0 1
235 72 0 2
236 72 0 2
237 72 0 1
238 72 0 1
239 72 0 1
240 72 0 1
241 72 0 1
33 73 0 2
34 73 0 2
35 73 0 2
36 73 0 2
37 73 0 2
38 73 0 2
39 73 0 2
40 73 0 2
41 73 0 2
42 73 0 2
43 73 0 1
179 73 0 1
180 73 0 1
181 73 0 1
182 73 0 1
183 73 0 1
184 73 0 1
185 73 0 1
186 73 0 1
187 73 0 1
188 73 0 1
189 73 0 1
190 73 0 1
191 73 0 1
192 73 0 1
234 73 0 2
235 73 0 2
236 73 0 2
237 73 0 2
238 73 0 1
239 73 0 1
240 73 0 1
241 73 0 1
242 73 0 1
243 73 0 1
244 73 0 1
33 74 0 2
34 74 0 2
35 74 0 2
36 74 0 2
37 74 0 2
38 74 0 2
39 74 0 2
40 74 0 2
41 74 0 1
42 74 0 1
43 74 0 1
108 74 0 2
109 74 0 2
110 74 0 2
111 74 0 2
112 74 0 2
179 74 0 1
180 74 0 1
181 74 0 1
182 74 0 1
183 74 0 1
184 74 0 1
185 74 0 1
186 74 0 1
187 74 0 1
188 74 0 1
189 74 0 1
190 74 0 1
191 74 0 1
192 74 0 1
233 74 0 2
234 74 0 2
235 74 0 2
236 74 0 2
237 74 0 2
238 74 0 2
239 74 0 2
240 74 0 2
241 74 0 2
242 74 0 1
243 74 0 1
244 74 0 1
245 74 0 1
246 74 0 1
33 75 0 2
34 75 0 2
35 75 0 2
36 75 0 2
37 75 0 2
38 75 0 2
39 75 0 1
40 75 0 1
41 75 0 1
42 75 0 1
43 75 0 1
107 75 0 2
108 75 0 2
109 75 0 2
110 75 0 2
111 75 0 2
112 75 0 2
113 75 0 2
180 75 0 1
181 75 0 1
182 75 0 1
183 75 0 1
184 75 0 1
185 75 0 1
186 75 0 1
187 75 0 1
188 75 0 1
189 75 0 1
190 75 0 1
191 75 0 1
233 75 0 2
234 75 0 2
235 75 0 2
236 75 0 2
237 75 0 2
238 75 0 2
239 75 0 2
240 75 0 2
241 75 0 2
242 75 0 2
243 75 0 1
244 75 0 1
245 75 0 1
246 75 0 1
247 75 0 1
33 76 0 2
34 76 0 2
35 76 0 1
36 76 0 1
37 76 0 1
38 76 0 1
39 76 0 1
40 76 0 1
41 76 0 1
42 76 0 1
106 76 0 2
107 76 0 2
108 76 0 2
109 76 0 2
110 76 0 2
111 76 0 2
112 76 0 2
113 76 0 2
114 76 0 2
180 76 0 1
181 76 0 1
182 76 0 1
183 76 0 1
184 76 0 1
185 76 0 1
186 76 0 1
187 76 0 1
188 76 0 1
189 76 0 1
190 76 0 1
191 76 0 1
233 76 0 2
234 76 0 2
235 76 0 2
236 76 0 2
237 76 0 2
238 76 0 2
239 76 0 2
240 76 0 2
241 76 0 2
242 76 0 2
243 76 0 2
244 76 0 2
245 76 0 1
246 76 0 1
247 76 0 1
33 77 0 1
34 77 0 1
35 77 0 1
36 77 0 1
37 77 0 1
38 77 0 1
39 77 0 1
40 77 0 1
41 77 0 1
105 77 0 2
106 77 0 2
107 77 0 2
108 77 0 2
109 77 0 2
110 77 0 2
111 77 0 2
112 77 0 2
113 77 0 2
114 77 0 2
115 77 0 2
181 77 0 1
182 77 0 1
183 77 0 1
184 77 0 1
185 77 0 1
186 77 0 1
187 77 0 1
188 77 0 1
189 77 0 1
190 77 0 1
233 77 0 2
234 77 0 2
235 77 0 2
236 77 0 2
237 77 0 2
238 77 0 2
239 77 0 2
240 77 0 2
241 77 0 2
242 77 0 2
243 77 0 2
244 77 0 2
245 77 0 2
246 77 0 2
247 77 0 1
34 78 0 1
35 78 0 1
36 78 0 1
37 78 0 1
38 78 0 1
39 78 0 1
40 78 0 1
105 78 0 2
106 78 0 2
107 78 0 2
108 78 0 2
109 78 0 2
110 78 0 2
111 78 0 2
112 78 0 2
113 78 0 2
114 78 0 2
115 78 0 2
183 78 0 1
184 78 0 1
185 78 0 1
186 78 0 1
187 78 0 1
188 78 0 1
233 78 0 2
234 78 0 2
235 78 0 2
236 78 0 2
237 78 0 2
238 78 0 2
239 78 0 2
240 78 0 2
241 78 0 2
242 78 0 2
243 78 0 2
244 78 0 2
245 78 0 2
246 78 0 2
247 78 0 1
105 79 0 2
106 79 0 2
107 79 0 2
108 79 0 2
109 79 0 2
110 79 0 2
111 79 0 2
112 79 0 2
113 79 0 2
114 79 0 2
115 79 0 2
233 79 0 1
234 79 0 1
235 79 0 2
236 79 0 2
237 79 0 2
238 79 0 2
239 79 0 2
240 79 0 2
241 79 0 2
242 79 0 2
243 79 0 2
244 79 0 2
245 79 0 2
246 79 0 2
247 79 0 2
105 80 0 2
106 80 0 2
107 80 0 2
108 80 0 2
109 80 0 2
110 80 0 2
111 80 0 2
112 80 0 2
113 80 0 2
114 80 0 2
115 80 0 2
233 80 0 1
234 80 0 1
235 80 0 2
236 80 0 2
237 80 0 2
238 80 0 2
239 80 0 2
240 80 0 2
241 80 0 2
242 80 0 2
243 80 0 2
244 80 0 2
245 80 0 2
246 80 0 2
247 80 0 2
105 81 0 2
106 81 0 2
107 81 0 2
108 81 0 2
109 81 0 2
110 81 0 2
111 81 0 2
112 81 0 2
113 81 0 2
114 81 0 2
115 81 0 2
234 81 0 1
235 81 0 1
236 81 0 2
237 81 0 2
238 81 0 2
239 81 0 2
240 81 0 2
241 81 0 2
242 81 0 2
243 81 0 2
244 81 0 2
245 81 0 2
246 81 0 2
247 81 0 2
105 82 0 2
106 82 0 2
107 82 0 2
108 82 0 2
109 82 0 2
110 82 0 2
111 82 0 2
112 82 0 2
113 82 0 2
114 82 0 2
115 82 0 2
235 82 0 1
236 82 0 1
237 82 0 1
238 82 0 1
239 82 0 2
240 82 0 1
241 82 0 2
242 82 0 2
243 82 0 2
244 82 0 2
245 82 0 2
246 82 0 2
247 82 0 2
106 83 0 2
107 83 0 2
108 83 0 1
109 83 0 1
110 83 0 1
111 83 0 1
112 83 0 1
113 83 0 1
114 83 0 1
115 83 0 1
235 83 0 1
236 83 0 1
237 83 0 1
238 83 0 1
239 83 0 1
240 83 0 1
241 83 0 1
242 83 0 1
243 83 0 2
244 83 0 2
245 83 0 2
246 83 0 2
107 84 0 1
108 84 0 1
109 84 0 1
110 84 0 1
111 84 0 1
112 84 0 1
113 84 0 1
114 84 0 1
238 84 0 1
239 84 0 1
240 84 0 1
241 84 0 1
242 84 0 1
243 84 0 1
244 84 0 2
245 84 0 2
108 85 0 1
109 85 0 1
110 85 0 1
111 85 0 1
112 85 0 1
240 85 0 1
241 85 0 1
242 85 0 1
243 85 0 1
244 85 0 1
81 89 0 1
82 89 0 1
83 89 0 1
84 89 0 1
85 89 0 1
86 89 0 1
87 89 0 1
88 89 0 1
80 90 0 1
81 90 0 1
82 90 0 1
83 90 0 1
84 90 0 1
85 90 0 1
86 90 0 2
87 90 0 2
88 90 0 2
89 90 0 2
80 91 0 1
81 91 0 1
82 91 0 2
83 91 0 2
84 91 0 2
85 91 0 2
86 91 0 2
87 91 0 2
88 91 0 2
89 91 0 2
90 91 0 2
152 91 0 1
153 91 0 1
80 92 0 2
81 92 0 2
82 92 0 2
83 92 0 2
84 92 0 2
85 92 0 2
86 92 0 2
87 92 0 2
88 92 0 2
89 92 0 2
90 92 0 2
151 92 0 2
152 92 0 1
153 92 0 1
154 92 0 1
155 92 0 1
156 92 0 1
157 92 0 1
158 92 0 1
159 92 0 1
160 92 0 1
161 92 0 1
162 92 0 1
163 92 0 1
164 92 0 1
219 92 0 1
220 92 0 1
221 92 0 1
222 92 0 1
223 92 0 1
224 92 0 1
80 93 0 2
81 93 0 2
82 93 0 2
83 93 0 2
84 93 0 2
85 93 0 2
86 93 0 2
87 93 0 2
88 93 0 2
89 93 0 2
90 93 0 2
150 93 0 2
151 93 0 2
152 93 0 2
153 93 0 1
154 93 0 1
155 93 0 1
156 93 0 1
157 93 0 1
158 93 0 1
159 93 0 1
160 93 0 1
161 93 0 1
162 93 0 1
163 93 0 1
164 93 0 2
217 93 0 1
218 93 0 1
219 93 0 1
220 93 0 1
221 93 0 1
222 93 0 1
223 93 0 1
224 93 0 1
225 93 0 1
226 93 0 1
80 94 0 2
81 94 0 2
82 94 0 2
83 94 0 2
84 94 0 2
85 94 0 2
86 94 0 2
87 94 0 2
88 94 0 2
89 94 0 2
90 94 0 2
150 94 0 2
151 94 0 2
152 94 0 2
153 94 0 2
154 94 0 2
155 94 0 1
156 94 0 1
157 94 0 1
158 94 0 1
159 94 0 1
160 94 0 1
161 94 0 2
162 94 0 2
163 94 0 2
164 94 0 2
216 94 0 1
217 94 0 1
218 94 0 1
219 94 0 1
220 94 0 1
221 94 0 1
222 94 0 1
223 94 0 1
224 94 0 1
225 94 0 1
226 94 0 1
227 94 0 1
44 95 0 1
45 95 0 1
46 95 0 1
47 95 0 1
48 95 0 1
49 95 0 1
50 95 0 1
51 95 0 1
52 95 0 1
53 95 0 1
80 95 0 2
81 95 0 2
82 95 0 2
83 95 0 2
84 95 0 2
85 95 0 2
86 95 0 2
87 95 0 2
88 95 0 2
89 95 0 2
90 95 0 2
150 95 0 2
151 95 0 2
152 95 0 2
153 95 0 2
154 95 0 2
155 95 0 2
156 95 0 2
157 95 0 2
158 95 0 2
159 95 0 2
160 95 0 2
161 95 0 2
162 95 0 2
163 95 0 2
164 95 0 2
216 95 0 1
217 95 0 1
218 95 0 1
219 95 0 1
220 95 0 1
221 95 0 1
222 95 0 1
223 95 0 1
224 95 0 1
225 95 0 1
226 95 0 1
227 95 0 1
43 96 0 1
44 96 0 1
45 96 0 1
46 96 0 1
47 96 0 1
48 96 0 1
49 96 0 1
50 96 0 1
51 96 0 1
52 96 0 1
53 96 0 1
54 96 0 1
80 96 0 2
81 96 0 2
82 96 0 2
83 96 0 2
84 96 0 2
85 96 0 2
86 96 0 2
87 96 0 2
88 96 0 2
89 96 0 2
90 96 0 2
150 96 0 2
151 96 0 2
152 96 0 2
153 96 0 2
154 96 0 2
155 96 0 2
156 96 0 2
157 96 0 2
158 96 0 2
159 96 0 2
160 96 0 2
161 96 0 2
162 96 0 2
163 96 0 2
164 96 0 2
215 96 0 1
216 96 0 1
217 96 0 1
218 96 0 1
219 96 0 1
220 96 0 1
221 96 0 1
222 96 0 1
223 96 0 1
224 96 0 1
225 96 0 1
226 96 0 1
227 96 0 1
228 96 0 1
43 97 0 1
44 97 0 1
45 97 0 1
46 97 0 2
47 97 0 2
48 97 0 2
49 97 0 2
50 97 0 2
51 97 0 2
52 97 0 2
53 97 0 2
54 97 0 2
80 97 0 2
81 97 0 2
82 97 0 2
83 97 0 2
84 97 0 2
85 97 0 2
86 97 0 2
87 97 0 2
88 97 0 1
89 97 0 1
90 97 0 1
150 97 0 2
151 97 0 2
152 97 0 2
153 97 0 2
154 97 0 2
155 97 0 2
156 97 0 2
157 97 0 2
158 97 0 2
159 97 0 2
160 97 0 2
161 97 0 2
162 97 0 2
163 97 0 2
164 97 0 2
215 97 0 1
216 97 0 1
217 97 0 1
218 97 0 1
219 97 0 1
220 97 0 1
221 97 0 1
222 97 0 1
223 97 0 1
224 97 0 1
225 97 0 1
226 97 0 1
227 97 0 1
228 97 0 1
43 98 0 2
44 98 0 2
45 98 0 2
46 98 0 2
47 98 0 2
48 98 0 2
49 98 0 2
50 98 0 2
51 98 0 2
52 98 0 2
53 98 0 2
54 98 0 2
81 98 0 2
82 98 0 2
83 98 0 2
84 98 0 2
85 98 0 1
86 98 0 1
87 98 0 1
88 98 0 1
89 98 0 1
90 98 0 1
150 98 0 2
151 98 0 2
152 98 0 2
153 98 0 2
154 98 0 2
155 98 0 2
156 98 0 2
157 98 0 2
158 98 0 2
159 98 0 2
160 98 0 2
161 98 0 2
162 98 0 2
163 98 0 2
164 98 0 2
215 98 0 1
216 98 0 1
217 98 0 1
218 98 0 1
219 98 0 1
220 98 0 1
221 98 0 1
222 98 0 1
223 98 0 1
224 98 0 1
225 98 0 1
226 98 0 1
227 98 0 1
228 98 0 1
43 99 0 2
44 99 0 2
45 99 0 2
46 99 0 2
47 99 0 2
48 99 0 2
49 99 0 2
50 99 0 2
51 99 0 2
52 99 0 2
53 99 0 2
54 99 0 2
83 99 0 1
84 99 0 1
85 99 0 1
86 99 0 1
87 99 0 1
88 99 0 1
150 99 0 2
151 99 0 2
152 99 0 2
153 99 0 2
154 99 0 2
155 99 0 2
156 99 0 2
157 99 0 2
158 99 0 2
159 99 0 2
160 99 0 2
161 99 0 2
162 99 0 2
163 99 0 2
164 99 0 2
215 99 0 1
216 99 0 1
217 99 0 1
218 99 0 1
219 99 0 1
220 99 0 1
221 99 0 1
222 99 0 1
223 99 0 1
224 99 0 1
225 99 0 1
226 99 0 1
227 99 0 1
228 99 0 1
43 100 0 2
44 100 0 2
45 100 0 2
46 100 0 2
47 100 0 2
48 100 0 2
49 100 0 2
50 100 0 2
51 100 0 2
52 100 0 2
53 100 0 2
54 100 0 2
150 100 0 1
151 100 0 2
152 100 0 2
153 100 0 2
154 100 0 2
155 100 0 2
156 100 0 2
157 100 0 2
158 100 0 2
159 100 0 2
160 100 0 2
161 100 0 2
162 100 0 2
163 100 0 2
215 100 0 1
216 100 0 1
217 100 0 1
218 100 0 1
219 100 0 1
220 100 0 1
221 100 0 1
222 100 0 1
223 100 0 1
224 100 0 1
225 100 0 1
226 100 0 1
227 100 0 1
228 100 0 1
43 101 0 2
44 101 0 2
45 101 0 2
46 101 0 2
47 101 0 2
48 101 0 2
49 101 0 2
50 101 0 2
51 101 0 2
52 101 0 2
53 101 0 2
54 101 0 2
150 101 0 1
151 101 0 1
152 101 0 1
153 101 0 1
154 101 0 1
155 101 0 1
156 101 0 1
157 101 0 1
158 101 0 1
159 101 0 1
160 101 0 1
161 101 0 1
162 101 0 1
215 101 0 1
216 101 0 1
217 101 0 1
218 101 0 1
219 101 0 1
220 101 0 1
221 101 0 1
222 101 0 1
223 101 0 1
224 101 0 1
225 101 0 1
226 101 0 1
227 101 0 1
228 101 0 1
43 102 0 2
44 102 0 2
45 102 0 2
46 102 0 2
47 102 0 2
48 102 0 2
49 102 0 2
50 102 0 2
51 102 0 2
52 102 0 2
53 102 0 2
54 102 0 2
151 102 0 1
152 102 0 1
153 102 0 1
154 102 0 1
155 102 0 1
156 102 0 1
157 102 0 1
158 102 0 1
159 102 0 1
160 102 0 1
161 102 0 1
216 102 0 1
217 102 0 1
218 102 0 1
219 102 0 1
220 102 0 1
221 102 0 1
222 102 0 1
223 102 0 1
224 102 0 1
225 102 0 1
226 102 0 1
227 102 0 1
43 103 0 2
44 103 0 2
45 103 0 2
46 103 0 2
47 103 0 2
48 103 0 2
49 103 0 2
50 103 0 2
51 103 0 2
52 103 0 2
53 103 0 2
54 103 0 2
216 103 0 1
217 103 0 1
218 103 0 1
219 103 0 1
220 103 0 1
221 103 0 1
222 103 0 1
223 103 0 1
224 103 0 1
225 103 0 1
226 103 0 1
227 103 0 1
44 104 0 2
45 104 0 2
46 104 0 2
47 104 0 2
48 104 0 2
49 104 0 2
50 104 0 2
51 104 0 2
52 104 0 2
53 104 0 2
54 104 0 2
217 104 0 1
218 104 0 1
219 104 0 1
220 104 0 1
221 104 0 1
222 104 0 1
223 104 0 1
224 104 0 1
225 104 0 1
226 104 0 1
15 105 0 1
16 105 0 1
17 105 0 1
18 105 0 1
19 105 0 1
20 105 0 1
45 105 0 1
46 105 0 1
47 105 0 1
48 105 0 1
49 105 0 1
50 105 0 1
51 105 0 1
52 105 0 1
53 105 0 1
219 105 0 1
220 105 0 1
221 105 0 1
222 105 0 1
223 105 0 1
224 105 0 1
14 106 0 1
15 106 0 1
16 106 0 1
17 106 0 1
18 106 0 1
19 106 0 1
20 106 0 1
21 106 0 1
46 106 0 1
47 106 0 1
48 106 0 1
49 106 0 1
50 106 0 1
51 106 0 1
52 106 0 1
13 107 0 1
14 107 0 1
15 107 0 1
16 107 0 1
17 107 0 1
18 107 0 1
19 107 0 1
20 107 0 1
21 107 0 1
22 107 0 1
125 107 0 1
126 107 0 1
127 107 0 1
128 107 0 1
129 107 0 1
130 107 0 1
131 107 0 1
13 108 0 1
14 108 0 1
15 108 0 1
16 108 0 1
17 108 0 1
18 108 0 1
19 108 0 1
20 108 0 1
21 108 0 1
22 108 0 1
123 108 0 1
124 108 0 1
125 108 0 1
126 108 0 1
127 108 0 1
128 108 0 1
129 108 0 1
130 108 0 1
131 108 0 1
132 108 0 1
133 108 0 1
13 109 0 1
14 109 0 1
15 109 0 1
16 109 0 1
17 109 0 1
18 109 0 1
19 109 0 1
20 109 0 1
21 109 0 1
22 109 0 1
122 109 0 1
123 109 0 1
124 109 0 1
125 109 0 1
126 109 0 1
127 109 0 1
128 109 0 1
129 109 0 1
130 109 0 1
131 109 0 1
132 109 0 1
133 109 0 1
134 109 0 1
13 110 0 1
14 110 0 1
15 110 0 1
16 110 0 1
17 110 0 1
18 110 0 1
19 110 0 1
20 110 0 1
21 110 0 1
22 110 0 1
122 110 0 1
123 110 0 1
124 110 0 1
125 110 0 1
126 110 0 1
127 110 0 1
128 110 0 1
129 110 0 1
130 110 0 1
131 110 0 1
132 110 0 1
133 110 0 1
134 110 0 1
13 111 0 1
14 111 0 1
15 111 0 1
16 111 0 1
17 111 0 1
18 111 0 1
19 111 0 1
20 111 0 1
21 111 0 1
22 111 0 1
121 111 0 1
122 111 0 1
123 111 0 1
124 111 0 1
125 111 0 1
126 111 0 1
127 111 0 1
128 111 0 1
129 111 0 1
130 111 0 1
131 111 0 1
132 111 0 1
133 111 0 1
134 111 0 1
135 111 0 1
13 112 0 1
14 112 0 1
15 112 0 1
16 112 0 1
17 112 0 1
18 112 0 1
19 112 0 1
20 112 0 1
21 112 0 1
22 112 0 1
121 112 0 1
122 112 0 1
123 112 0 1
124 112 0 1
125 112 0 1
126 112 0 1
127 112 0 1
128 112 0 1
129 112 0 1
130 112 0 1
131 112 0 1
132 112 0 1
133 112 0 1
134 112 0 1
135 112 0 1
187 112 0 1
188 112 0 1
189 112 0 1
190 112 0 1
191 112 0 1
192 112 0 1
193 112 0 1
194 112 0 1
195 112 0 1
196 112 0 1
197 112 0 1
13 113 0 1
14 113 0 1
15 113 0 1
16 113 0 1
17 113 0 1
18 113 0 1
19 113 0 1
20 113 0 1
21 113 0 1
22 113 0 1
121 113 0 1
122 113 0 1
123 113 0 1
124 113 0 1
125 113 0 1
126 113 0 1
127 113 0 1
128 113 0 1
129 113 0 1
130 113 0 1
131 113 0 1
132 113 0 1
133 113 0 1
134 113 0 1
135 113 0 1
186 113 0 1
187 113 0 1
188 113 0 1
189 113 0 1
190 113 0 1
191 113 0 1
192 113 0 1
193 113 0 1
194 113 0 1
195 113 0 1
196 113 0 1
197 113 0 1
198 113 0 2
14 114 0 1
15 114 0 1
16 114 0 1
17 114 0 1
18 114 0 1
19 114 0 1
20 114 0 1
21 114 0 1
121 114 0 1
122 114 0 1
123 114 0 1
124 114 0 1
125 114 0 1
126 114 0 1
127 114 0 1
128 114 0 1
129 114 0 1
130 114 0 1
131 114 0 1
132 114 0 1
133 114 0 1
134 114 0 1
135 114 0 1
185 114 0 1
186 114 0 1
187 114 0 1
188 114 0 1
189 114 0 2
190 114 0 2
191 114 0 2
192 114 0 2
193 114 0 2
194 114 0 2
195 114 0 2
196 114 0 2
197 114 0 2
198 114 0 2
199 114 0 2
15 115 0 1
16 115 0 1
17 115 0 1
18 115 0 1
19 115 0 1
20 115 0 1
121 115 0 1
122 115 0 1
123 115 0 1
124 115 0 1
125 115 0 1
126 115 0 1
127 115 0 1
128 115 0 1
129 115 0 1
130 115 0 1
131 115 0 1
132 115 0 1
133 115 0 1
134 115 0 1
135 115 0 1
185 115 0 1
186 115 0 1
187 115 0 2
188 115 0 2
189 115 0 2
190 115 0 2
191 115 0 2
192 115 0 2
193 115 0 2
194 115 0 2
195 115 0 2
196 115 0 2
197 115 0 2
198 115 0 2
199 115 0 2
121 116 0 1
122 116 0 1
123 116 0 1
124 116 0 1
125 116 0 1
126 116 0 1
127 116 0 1
128 116 0 1
129 116 0 1
130 116 0 1
131 116 0 1
132 116 0 1
133 116 0 1
134 116 0 1
135 116 0 1
185 116 0 2
186 116 0 2
187 116 0 2
188 116 0 2
189 116 0 2
190 116 0 2
191 116 0 2
192 116 0 2
193 116 0 2
194 116 0 2
195 116 0 2
196 116 0 2
197 116 0 2
198 116 0 2
199 116 0 2
122 117 0 1
123 117 0 1
124 117 0 1
125 117 0 1
126 117 0 1
127 117 0 1
128 117 0 1
129 117 0 1
130 117 0 1
131 117 0 1
132 117 0 1
133 117 0 1
134 117 0 1
185 117 0 2
186 117 0 2
187 117 0 2
188 117 0 2
189 117 0 2
190 117 0 2
191 117 0 2
192 117 0 2
193 117 0 2
194 117 0 2
195 117 0 2
196 117 0 2
197 117 0 2
198 117 0 2
199 117 0 2
122 118 0 1
123 118 0 1
124 118 0 1
125 118 0 1
126 118 0 1
127 118 0 1
128 118 0 1
129 118 0 1
130 118 0 1
131 118 0 1
132 118 0 1
133 118 0 1
134 118 0 1
185 118 0 2
186 118 0 2
187 118 0 2
188 118 0 2
189 118 0 2
190 118 0 2
191 118 0 2
192 118 0 2
193 118 0 2
194 118 0 2
195 118 0 2
196 118 0 2
197 118 0 2
198 118 0 2
199 118 0 2
123 119 0 1
124 119 0 1
125 119 0 1
126 119 0 1
127 119 0 1
128 119 0 1
129 119 0 1
130 119 0 1
131 119 0 1
132 119 0 1
133 119 0 1
185 119 0 2
186 119 0 2
187 119 0 2
188 119 0 2
189 119 0 2
190 119 0 2
191 119 0 2
192 119 0 2
193 119 0 2
194 119 0 2
195 119 0 2
196 119 0 2
197 119 0 2
198 119 0 2
199 119 0 2
125 120 0 1
126 120 0 1
127 120 0 1
128 120 0 1
129 120 0 1
130 120 0 1
131 120 0 1
185 120 0 2
186 120 0 2
187 120 0 2
188 120 0 2
189 120 0 2
190 120 0 2
191 120 0 2
192 120 0 2
193 120 0 2
194 120 0 2
195 120 0 2
196 120 0 2
197 120 0 1
198 120 0 1
199 120 0 1
186 121 0 2
187 121 0 1
188 121 0 1
189 121 0 1
190 121 0 1
191 121 0 1
192 121 0 1
193 121 0 1
194 121 0 1
195 121 0 1
196 121 0 1
197 121 0 1
198 121 0 1
199 121 0 1
187 122 0 1
188 122 0 1
189 122 0 1
190 122 0 1
191 122 0 1
192 122 0 1
193 122 0 1
194 122 0 1
195 122 0 1
196 122 0 1
197 122 0 1
198 122 0 1
103 126 0 2
104 126 0 2
105 126 0 2
106 126 0 2
107 126 0 2
108 126 0 2
109 126 0 2
110 126 0 2
111 126 0 2
112 126 0 1
113 126 0 1
114 126 0 1
115 126 0 1
116 126 0 1
102 127 0 2
103 127 0 2
104 127 0 2
105 127 0 2
106 127 0 2
107 127 0 2
108 127 0 2
109 127 0 2
110 127 0 2
111 127 0 2
112 127 0 1
113 127 0 1
114 127 0 1
115 127 0 1
116 127 0 1
101 128 0 2
102 128 0 2
103 128 0 2
104 128 0 2
105 128 0 2
106 128 0 2
107 128 0 2
108 128 0 2
109 128 0 2
110 128 0 2
111 128 0 2
112 128 0 2
113 128 0 2
114 128 0 2
115 128 0 2
116 128 0 2
208 128 0 1
209 128 0 1
210 128 0 1
211 128 0 1
212 128 0 1
213 128 0 1
214 128 0 1
101 129 0 2
102 129 0 2
103 129 0 2
104 129 0 2
105 129 0 2
106 129 0 2
107 129 0 2
108 129 0 2
109 129 0 2
110 129 0 2
111 129 0 2
112 129 0 2
113 129 0 2
114 129 0 2
115 129 0 2
116 129 0 2
206 129 0 1
207 129 0 1
208 129 0 1
209 129 0 1
210 129 0 1
211 129 0 1
212 129 0 1
213 129 0 1
214 129 0 1
215 129 0 1
216 129 0 1
52 130 0 1
53 130 0 1
54 130 0 1
55 130 0 1
101 130 0 2
102 130 0 2
103 130 0 2
104 130 0 2
105 130 0 2
106 130 0 2
107 130 0 2
108 130 0 2
109 130 0 2
110 130 0 2
111 130 0 2
112 130 0 2
113 130 0 2
114 130 0 2
115 130 0 2
116 130 0 2
205 130 0 1
206 130 0 1
207 130 0 1
208 130 0 1
209 130 0 1
210 130 0 1
211 130 0 1
212 130 0 1
213 130 0 1
214 130 0 1
215 130 0 1
216 130 0 1
217 130 0 1
12 131 0 1
13 131 0 1
14 131 0 1
15 131 0 1
16 131 0 1
17 131 0 1
18 131 0 1
50 131 0 2
51 131 0 1
52 131 0 1
53 131 0 1
54 131 0 1
55 131 0 1
56 131 0 1
57 131 0 1
101 131 0 2
102 131 0 2
103 131 0 2
104 131 0 2
105 131 0 2
106 131 0 2
107 131 0 2
108 131 0 2
109 131 0 2
110 131 0 2
111 131 0 2
112 131 0 2
113 131 0 2
114 131 0 2
115 131 0 2
116 131 0 2
205 131 0 1
206 131 0 1
207 131 0 1
208 131 0 1
209 131 0 1
210 131 0 1
211 131 0 1
212 131 0 1
213 131 0 1
214 131 0 1
215 131 0 1
216 131 0 1
217 131 0 1
10 132 0 1
11 132 0 1
12 132 0 1
13 132 0 1
14 132 0 1
15 132 0 1
16 132 0 1
17 132 0 1
18 132 0 1
19 132 0 1
20 132 0 1
49 132 0 2
50 132 0 2
51 132 0 2
52 132 0 2
53 132 0 1
54 132 0 1
55 132 0 1
56 132 0 1
57 132 0 1
58 132 0 1
101 132 0 1
102 132 0 1
103 132 0 2
104 132 0 2
105 132 0 2
106 132 0 2
107 132 0 2
108 132 0 2
109 132 0 2
110 132 0 2
111 132 0 2
112 132 0 2
113 132 0 2
114 132 0 2
115 132 0 2
116 132 0 2
204 132 0 1
205 132 0 1
206 132 0 1
207 132 0 1
208 132 0 1
209 132 0 1
210 132 0 1
211 132 0 1
212 132 0 1
213 132 0 1
214 132 0 1
215 132 0 1
216 132 0 1
217 132 0 1
218 132 0 1
9 133 0 1
10 133 0 1
11 133 0 1
12 133 0 1
13 133 0 1
14 133 0 1
15 133 0 1
16 133 0 1
17 133 0 1
18 133 0 1
19 133 0 1
20 133 0 1
21 133 0 1
49 133 0 2
50 133 0 2
51 133 0 2
52 133 0 2
53 133 0 2
54 133 0 2
55 133 0 1
56 133 0 1
57 133 0 1
58 133 0 1
59 133 0 1
101 133 0 1
102 133 0 1
103 133 0 1
104 133 0 1
105 133 0 2
106 133 0 2
107 133 0 2
108 133 0 2
109 133 0 2
110 133 0 2
111 133 0 2
112 133 0 2
113 133 0 2
114 133 0 2
115 133 0 2
116 133 0 2
164 133 0 1
165 133 0 1
166 133 0 1
167 133 0 1
168 133 0 1
169 133 0 1
170 133 0 1
204 133 0 1
205 133 0 1
206 133 0 1
207 133 0 1
208 133 0 1
209 133 0 1
210 133 0 1
211 133 0 1
212 133 0 1
213 133 0 1
214 133 0 1
215 133 0 1
216 133 0 1
217 133 0 1
218 133 0 1
9 134 0 1
10 134 0 1
11 134 0 1
12 134 0 1
13 134 0 1
14 134 0 1
15 134 0 1
16 134 0 1
17 134 0 1
18 134 0 1
19 134 0 1
20 134 0 1
21 134 0 1
49 134 0 2
50 134 0 2
51 134 0 2
52 134 0 2
53 134 0 2
54 134 0 2
55 134 0 2
56 134 0 1
57 134 0 1
58 134 0 1
59 134 0 1
60 134 0 1
101 134 0 1
102 134 0 1
103 134 0 1
104 134 0 1
105 134 0 2
106 134 0 2
107 134 0 2
108 134 0 2
109 134 0 1
110 134 0 2
111 134 0 1
112 134 0 2
113 134 0 2
114 134 0 1
115 134 0 1
116 134 0 1
162 134 0 1
163 134 0 1
164 134 0 1
165 134 0 1
166 134 0 1
167 134 0 1
168 134 0 1
169 134 0 1
170 134 0 1
171 134 0 1
172 134 0 1
204 134 0 1
205 134 0 1
206 134 0 1
207 134 0 1
208 134 0 1
209 134 0 1
210 134 0 1
211 134 0 1
212 134 0 1
213 134 0 1
214 134 0 1
215 134 0 1
216 134 0 1
217 134 0 1
218 134 0 1
8 135 0 1
9 135 0 1
10 135 0 1
11 135 0 1
12 135 0 1
13 135 0 1
14 135 0 1
15 135 0 1
16 135 0 1
17 135 0 1
18 135 0 1
19 135 0 1
20 135 0 1
21 135 0 1
22 135 0 1
49 135 0 2
50 135 0 2
51 135 0 2
52 135 0 2
53 135 0 2
54 135 0 2
55 135 0 2
56 135 0 2
57 135 0 1
58 135 0 1
59 135 0 1
60 135 0 1
102 135 0 1
103 135 0 1
104 135 0 1
105 135 0 1
106 135 0 1
107 135 0 1
108 135 0 1
109 135 0 1
110 135 0 1
111 135 0 1
112 135 0 1
113 135 0 1
114 135 0 1
115 135 0 1
116 135 0 1
161 135 0 1
162 135 0 1
163 135 0 1
164 135 0 1
165 135 0 1
166 135 0 1
167 135 0 1
168 135 0 1
169 135 0 1
170 135 0 1
171 135 0 1
172 135 0 1
173 135 0 1
204 135 0 1
205 135 0 1
206 135 0 1
207 135 0 1
208 135 0 1
209 135 0 1
210 135 0 1
211 135 0 1
212 135 0 1
213 135 0 1
214 135 0 1
215 135 0 1
216 135 0 1
217 135 0 1
218 135 0 1
8 136 0 1
9 136 0 1
10 136 0 1
11 136 0 1
12 136 0 1
13 136 0 1
14 136 0 1
15 136 0 1
16 136 0 1
17 136 0 1
18 136 0 1
19 136 0 1
20 136 0 1
21 136 0 1
22 136 0 1
49 136 0 2
50 136 0 2
51 136 0 2
52 136 0 2
53 136 0 2
54 136 0 2
55 136 0 2
56 136 0 2
57 136 0 2
58 136 0 1
59 136 0 1
60 136 0 1
104 136 0 1
105 136 0 1
106 136 0 1
107 136 0 1
108 136 0 1
109 136 0 1
110 136 0 1
111 136 0 1
112 136 0 1
113 136 0 1
114 136 0 1
115 136 0 1
116 136 0 1
161 136 0 1
162 136 0 1
163 136 0 1
164 136 0 1
165 136 0 1
166 136 0 1
167 136 0 1
168 136 0 1
169 136 0 1
170 136 0 1
171 136 0 1
172 136 0 1
173 136 0 1
204 136 0 1
205 136 0 1
206 136 0 1
207 136 0 1
208 136 0 1
209 136 0 1
210 136 0 1
211 136 0 1
212 136 0 1
213 136 0 1
214 136 0 1
215 136 0 1
216 136 0 1
217 136 0 1
218 136 0 1
8 137 0 1
9 137 0 1
10 137 0 1
11 137 0 1
12 137 0 1
13 137 0 1
14 137 0 1
15 137 0 1
16 137 0 1
17 137 0 1
18 137 0 1
19 137 0 1
20 137 0 1
21 137 0 1
22 137 0 1
49 137 0 2
50 137 0 2
51 137 0 2
52 137 0 2
53 137 0 2
54 137 0 2
55 137 0 2
56 137 0 2
57 137 0 2
58 137 0 2
59 137 0 2
60 137 0 2
105 137 0 1
106 137 0 1
107 137 0 1
108 137 0 1
160 137 0 1
161 137 0 1
162 137 0 1
163 137 0 1
164 137 0 1
165 137 0 1
166 137 0 1
167 137 0 1
168 137 0 1
169 137 0 1
170 137 0 1
171 137 0 1
172 137 0 1
173 137 0 1
174 137 0 1
204 137 0 1
205 137 0 1
206 137 0 1
207 137 0 1
208 137 0 1
209 137 0 1
210 137 0 1
211 137 0 1
212 137 0 1
213 137 0 1
214 137 0 1
215 137 0 1
216 137 0 1
217 137 0 1
218 137 0 1
8 138 0 1
9 138 0 1
10 138 0 1
11 138 0 1
12 138 0 1
13 138 0 1
14 138 0 1
15 138 0 1
16 138 0 1
17 138 0 1
18 138 0 1
19 138 0 1
20 138 0 1
21 138 0 1
22 138 0 1
49 138 0 2
50 138 0 2
51 138 0 2
52 138 0 2
53 138 0 2
54 138 0 2
55 138 0 2
56 138 0 2
57 138 0 2
58 138 0 2
59 138 0 2
60 138 0 2
160 138 0 1
161 138 0 1
162 138 0 1
163 138 0 1
164 138 0 1
165 138 0 1
166 138 0 1
167 138 0 1
168 138 0 1
169 138 0 1
170 138 0 1
171 138 0 1
172 138 0 1
173 138 0 1
174 138 0 1
205 138 0 1
206 138 0 1
207 138 0 1
208 138 0 1
209 138 0 1
210 138 0 1
211 138 0 1
212 138 0 1
213 138 0 1
214 138 0 1
215 138 0 1
216 138 0 1
217 138 0 1
8 139 0 1
9 139 0 1
10 139 0 1
11 139 0 1
12 139 0 1
13 139 0 1
14 139 0 1
15 139 0 1
16 139 0 1
17 139 0 1
18 139 0 1
19 139 0 1
20 139 0 1
21 139 0 1
22 139 0 1
49 139 0 1
50 139 0 1
51 139 0 1
52 139 0 2
53 139 0 2
54 139 0 2
55 139 0 2
56 139 0 2
57 139 0 2
58 139 0 2
59 139 0 2
60 139 0 2
160 139 0 1
161 139 0 1
162 139 0 1
163 139 0 1
164 139 0 1
165 139 0 1
166 139 0 1
167 139 0 1
168 139 0 1
169 139 0 1
170 139 0 1
171 139 0 1
172 139 0 1
173 139 0 1
174 139 0 1
205 139 0 1
206 139 0 1
207 139 0 1
208 139 0 1
209 139 0 1
210 139 0 1
211 139 0 1
212 139 0 1
213 139 0 1
214 139 0 1
215 139 0 1
216 139 0 1
217 139 0 1
8 140 0 1
9 140 0 1
10 140 0 1
11 140 0 1
12 140 0 1
13 140 0 1
14 140 0 1
15 140 0 1
16 140 0 1
17 140 0 1
18 140 0 1
19 140 0 1
20 140 0 1
21 140 0 1
22 140 0 1
49 140 0 1
50 140 0 1
51 140 0 1
52 140 0 1
53 140 0 1
54 140 0 1
55 140 0 1
56 140 0 2
57 140 0 2
58 140 0 2
59 140 0 2
60 140 0 2
160 140 0 1
161 140 0 1
162 140 0 1
163 140 0 1
164 140 0 1
165 140 0 1
166 140 0 1
167 140 0 1
168 140 0 1
169 140 0 1
170 140 0 1
171 140 0 1
172 140 0 1
173 140 0 1
174 140 0 1
206 140 0 1
207 140 0 1
208 140 0 1
209 140 0 1
210 140 0 1
211 140 0 1
212 140 0 1
213 140 0 1
214 140 0 1
215 140 0 1
216 140 0 1
9 141 0 1
10 141 0 1
11 141 0 1
12 141 0 1
13 141 0 1
14 141 0 1
15 141 0 1
16 141 0 1
17 141 0 1
18 141 0 1
19 141 0 1
20 141 0 1
21 141 0 1
50 141 0 1
51 141 0 1
52 141 0 1
53 141 0 1
54 141 0 1
55 141 0 1
56 141 0 2
57 141 0 2
58 141 0 2
59 141 0 2
126 141 0 1
127 141 0 1
128 141 0 1
129 141 0 1
130 141 0 1
131 141 0 1
160 141 0 1
161 141 0 1
162 141 0 1
163 141 0 1
164 141 0 1
165 141 0 1
166 141 0 1
167 141 0 1
168 141 0 1
169 141 0 1
170 141 0 1
171 141 0 1
172 141 0 1
173 141 0 1
174 141 0 1
208 141 0 1
209 141 0 1
210 141 0 1
211 141 0 1
212 141 0 1
213 141 0 1
214 141 0 1
9 142 0 1
10 142 0 1
11 142 0 1
12 142 0 1
13 142 0 1
14 142 0 1
15 142 0 1
16 142 0 1
17 142 0 1
18 142 0 1
19 142 0 1
20 142 0 1
21 142 0 1
52 142 0 1
53 142 0 1
54 142 0 1
55 142 0 1
56 142 0 1
57 142 0 1
58 142 0 2
125 142 0 2
126 142 0 1
127 142 0 1
128 142 0 1
129 142 0 1
130 142 0 1
131 142 0 1
161 142 0 1
162 142 0 1
163 142 0 1
164 142 0 1
165 142 0 1
166 142 0 1
167 142 0 1
168 142 0 1
169 142 0 1
170 142 0 1
171 142 0 1
172 142 0 1
173 142 0 1
10 143 0 1
11 143 0 1
12 143 0 1
13 143 0 1
14 143 0 1
15 143 0 1
16 143 0 1
17 143 0 1
18 143 0 1
19 143 0 1
20 143 0 1
54 143 0 1
55 143 0 1
56 143 0 1
124 143 0 2
125 143 0 2
126 143 0 2
127 143 0 2
128 143 0 2
129 143 0 1
130 143 0 1
131 143 0 1
132 143 0 1
133 143 0 1
134 143 0 1
161 143 0 1
162 143 0 1
163 143 0 1
164 143 0 1
165 143 0 1
166 143 0 1
167 143 0 1
168 143 0 1
169 143 0 1
170 143 0 1
171 143 0 1
172 143 0 1
173 143 0 1
12 144 0 1
13 144 0 1
14 144 0 1
15 144 0 1
16 144 0 1
17 144 0 1
18 144 0 1
124 144 0 2
125 144 0 2
126 144 0 2
127 144 0 2
128 144 0 2
129 144 0 2
130 144 0 2
131 144 0 1
132 144 0 1
133 144 0 1
134 144 0 1
135 144 0 1
136 144 0 1
137 144 0 1
162 144 0 1
163 144 0 1
164 144 0 1
165 144 0 1
166 144 0 1
167 144 0 1
168 144 0 1
169 144 0 1
170 144 0 1
171 144 0 1
172 144 0 1
124 145 0 2
125 145 0 2
126 145 0 2
127 145 0 2
128 145 0 2
129 145 0 2
130 145 0 2
131 145 0 2
132 145 0 1
133 145 0 1
134 145 0 1
135 145 0 1
136 145 0 1
137 145 0 1
164 145 0 1
165 145 0 1
166 145 0 1
167 145 0 1
168 145 0 1
169 145 0 1
170 145 0 1
124 146 0 2
125 146 0 2
126 146 0 2
127 146 0 2
128 146 0 2
129 146 0 2
130 146 0 2
131 146 0 2
132 146 0 2
133 146 0 2
134 146 0 2
135 146 0 1
136 146 0 1
137 146 0 2
124 147 0 2
125 147 0 2
126 147 0 2
127 147 0 2
128 147 0 2
129 147 0 2
130 147 0 2
131 147 0 2
132 147 0 2
133 147 0 2
134 147 0 2
135 147 0 2
136 147 0 2
137 147 0 2
124 148 0 2
125 148 0 2
126 148 0 2
127 148 0 2
128 148 0 2
129 148 0 2
130 148 0 2
131 148 0 2
132 148 0 2
133 148 0 2
134 148 0 2
135 148 0 2
136 148 0 2
137 148 0 2
235 148 0 1
236 148 0 1
237 148 0 1
238 148 0 1
239 148 0 1
240 148 0 1
241 148 0 1
242 148 0 1
243 148 0 1
244 148 0 1
124 149 0 2
125 149 0 2
126 149 0 2
127 149 0 2
128 149 0 2
129 149 0 2
130 149 0 2
131 149 0 2
132 149 0 2
133 149 0 2
134 149 0 2
135 149 0 2
136 149 0 2
137 149 0 2
235 149 0 1
236 149 0 1
237 149 0 1
238 149 0 1
239 149 0 1
240 149 0 1
241 149 0 1
242 149 0 1
243 149 0 1
244 149 0 1
124 150 0 2
125 150 0 2
126 150 0 2
127 150 0 2
128 150 0 2
129 150 0 2
130 150 0 2
131 150 0 2
132 150 0 2
133 150 0 2
134 150 0 2
135 150 0 2
136 150 0 2
137 150 0 2
234 150 0 1
235 150 0 1
236 150 0 1
237 150 0 1
238 150 0 1
239 150 0 1
240 150 0 1
241 150 0 2
242 150 0 2
243 150 0 1
244 150 0 1
245 150 0 1
124 151 0 1
125 151 0 1
126 151 0 1
127 151 0 1
128 151 0 2
129 151 0 2
130 151 0 2
131 151 0 2
132 151 0 2
133 151 0 2
134 151 0 2
135 151 0 2
136 151 0 2
137 151 0 2
233 151 0 1
234 151 0 1
235 151 0 1
236 151 0 2
237 151 0 2
238 151 0 2
239 151 0 2
240 151 0 2
241 151 0 2
242 151 0 2
243 151 0 2
244 151 0 2
245 151 0 2
246 151 0 2
124 152 0 1
125 152 0 1
126 152 0 1
127 152 0 1
128 152 0 1
129 152 0 1
130 152 0 1
131 152 0 2
132 152 0 2
133 152 0 2
134 152 0 2
135 152 0 2
136 152 0 2
233 152 0 2
234 152 0 2
235 152 0 2
236 152 0 2
237 152 0 2
238 152 0 2
239 152 0 2
240 152 0 2
241 152 0 2
242 152 0 2
243 152 0 2
244 152 0 2
245 152 0 2
246 152 0 2
125 153 0 1
126 153 0 1
127 153 0 1
128 153 0 1
129 153 0 1
130 153 0 1
131 153 0 1
132 153 0 1
133 153 0 1
134 153 0 1
135 153 0 1
233 153 0 2
234 153 0 2
235 153 0 2
236 153 0 2
237 153 0 2
238 153 0 2
239 153 0 2
240 153 0 2
241 153 0 2
242 153 0 2
243 153 0 2
244 153 0 2
245 153 0 2
246 153 0 2
129 154 0 1
130 154 0 1
131 154 0 1
132 154 0 1
133 154 0 1
134 154 0 1
233 154 0 2
234 154 0 2
235 154 0 2
236 154 0 2
237 154 0 2
238 154 0 2
239 154 0 2
240 154 0 2
241 154 0 2
242 154 0 2
243 154 0 2
244 154 0 2
245 154 0 2
246 154 0 2
20 155 0 1
21 155 0 1
22 155 0 1
23 155 0 1
24 155 0 1
25 155 0 1
26 155 0 1
27 155 0 1
28 155 0 1
29 155 0 1
30 155 0 1
233 155 0 2
234 155 0 2
235 155 0 2
236 155 0 2
237 155 0 2
238 155 0 2
239 155 0 2
240 155 0 2
241 155 0 2
242 155 0 2
243 155 0 2
244 155 0 2
245 155 0 2
246 155 0 2
19 156 0 1
20 156 0 1
21 156 0 1
22 156 0 1
23 156 0 1
24 156 0 1
25 156 0 1
26 156 0 1
27 156 0 2
28 156 0 2
29 156 0 2
30 156 0 2
31 156 0 2
233 156 0 2
234 156 0 2
235 156 0 2
236 156 0 2
237 156 0 2
238 156 0 2
239 156 0 2
240 156 0 2
241 156 0 2
242 156 0 2
243 156 0 2
244 156 0 2
245 156 0 2
246 156 0 2
18 157 0 1
19 157 0 1
20 157 0 1
21 157 0 1
22 157 0 1
23 157 0 1
24 157 0 2
25 157 0 2
26 157 0 2
27 157 0 2
28 157 0 2
29 157 0 2
30 157 0 2
31 157 0 2
32 157 0 2
233 157 0 2
234 157 0 2
235 157 0 1
236 157 0 1
237 157 0 1
238 157 0 1
239 157 0 1
240 157 0 1
241 157 0 1
242 157 0 1
243 157 0 1
244 157 0 1
245 157 0 1
246 157 0 1
18 158 0 1
19 158 0 1
20 158 0 1
21 158 0 2
22 158 0 2
23 158 0 2
24 158 0 2
25 158 0 2
26 158 0 2
27 158 0 2
28 158 0 2
29 158 0 2
30 158 0 2
31 158 0 2
32 158 0 2
233 158 0 2
234 158 0 2
235 158 0 1
236 158 0 1
237 158 0 1
238 158 0 1
239 158 0 1
240 158 0 1
241 158 0 1
242 158 0 1
243 158 0 1
244 158 0 1
245 158 0 1
18 159 0 1
19 159 0 2
20 159 0 2
21 159 0 2
22 159 0 2
23 159 0 2
24 159 0 2
25 159 0 2
26 159 0 2
27 159 0 2
28 159 0 2
29 159 0 2
30 159 0 2
31 159 0 2
32 159 0 2
97 159 0 1
98 159 0 1
99 159 0 1
100 159 0 1
101 159 0 1
102 159 0 1
103 159 0 1
104 159 0 1
105 159 0 1
234 159 0 1
235 159 0 1
236 159 0 1
237 159 0 1
238 159 0 1
239 159 0 1
240 159 0 1
241 159 0 1
242 159 0 1
243 159 0 1
244 159 0 1
18 160 0 2
19 160 0 2
20 160 0 2
21 160 0 2
22 160 0 2
23 160 0 2
24 160 0 2
25 160 0 2
26 160 0 2
27 160 0 2
28 160 0 2
29 160 0 2
30 160 0 2
31 160 0 2
32 160 0 2
96 160 0 2
97 160 0 2
98 160 0 1
99 160 0 1
100 160 0 1
101 160 0 1
102 160 0 1
103 160 0 1
104 160 0 1
105 160 0 1
106 160 0 1
107 160 0 1
209 160 0 1
210 160 0 1
211 160 0 1
18 161 0 2
19 161 0 2
20 161 0 2
21 161 0 2
22 161 0 2
23 161 0 2
24 161 0 2
25 161 0 2
26 161 0 2
27 161 0 2
28 161 0 2
29 161 0 2
30 161 0 2
31 161 0 2
32 161 0 2
96 161 0 2
97 161 0 2
98 161 0 2
99 161 0 2
100 161 0 2
101 161 0 2
102 161 0 1
103 161 0 1
104 161 0 1
105 161 0 1
106 161 0 1
107 161 0 1
108 161 0 1
206 161 0 2
207 161 0 2
208 161 0 2
209 161 0 2
210 161 0 1
211 161 0 2
212 161 0 2
213 161 0 2
214 161 0 2
18 162 0 2
19 162 0 2
20 162 0 2
21 162 0 2
22 162 0 2
23 162 0 2
24 162 0 2
25 162 0 2
26 162 0 2
27 162 0 2
28 162 0 2
29 162 0 2
30 162 0 2
31 162 0 2
32 162 0 2
67 162 0 1
68 162 0 1
69 162 0 1
70 162 0 1
71 162 0 1
72 162 0 1
73 162 0 1
96 162 0 2
97 162 0 2
98 162 0 2
99 162 0 2
100 162 0 2
101 162 0 2
102 162 0 2
103 162 0 2
104 162 0 2
105 162 0 1
106 162 0 1
107 162 0 1
108 162 0 1
109 162 0 1
205 162 0 2
206 162 0 2
207 162 0 2
208 162 0 2
209 162 0 2
210 162 0 2
211 162 0 2
212 162 0 2
213 162 0 2
214 162 0 2
215 162 0 2
18 163 0 2
19 163 0 2
20 163 0 2
21 163 0 2
22 163 0 2
23 163 0 2
24 163 0 2
25 163 0 2
26 163 0 2
27 163 0 2
28 163 0 2
29 163 0 2
30 163 0 2
31 163 0 2
32 163 0 2
66 163 0 1
67 163 0 1
68 163 0 1
69 163 0 1
70 163 0 1
71 163 0 1
72 163 0 1
73 163 0 1
74 163 0 1
96 163 0 2
97 163 0 2
98 163 0 2
99 163 0 2
100 163 0 2
101 163 0 2
102 163 0 2
103 163 0 2
104 163 0 2
105 163 0 2
106 163 0 2
107 163 0 1
108 163 0 1
109 163 0 1
169 163 0 1
170 163 0 1
171 163 0 1
172 163 0 1
173 163 0 1
174 163 0 1
175 163 0 1
176 163 0 1
204 163 0 2
205 163 0 2
206 163 0 2
207 163 0 2
208 163 0 2
209 163 0 2
210 163 0 2
211 163 0 2
212 163 0 2
213 163 0 2
214 163 0 2
215 163 0 2
216 163 0 2
18 164 0 2
19 164 0 2
20 164 0 2
21 164 0 2
22 164 0 2
23 164 0 2
24 164 0 2
25 164 0 2
26 164 0 2
27 164 0 2
28 164 0 2
29 164 0 2
30 164 0 2
31 164 0 2
32 164 0 2
65 164 0 1
66 164 0 1
67 164 0 1
68 164 0 1
69 164 0 1
70 164 0 1
71 164 0 1
72 164 0 1
73 164 0 1
74 164 0 1
75 164 0 1
96 164 0 2
97 164 0 2
98 164 0 2
99 164 0 2
100 164 0 2
101 164 0 2
102 164 0 2
103 164 0 2
104 164 0 2
105 164 0 2
106 164 0 2
107 164 0 2
108 164 0 2
109 164 0 2
168 164 0 1
169 164 0 1
170 164 0 1
171 164 0 1
172 164 0 1
173 164 0 1
174 164 0 1
175 164 0 1
176 164 0 1
177 164 0 1
203 164 0 2
204 164 0 2
205 164 0 2
206 164 0 2
207 164 0 2
208 164 0 2
209 164 0 2
210 164 0 2
211 164 0 2
212 164 0 2
213 164 0 2
214 164 0 2
215 164 0 2
216 164 0 2
217 164 0 2
18 165 0 2
19 165 0 2
20 165 0 2
21 165 0 1
22 165 0 1
23 165 0 1
24 165 0 1
25 165 0 1
26 165 0 1
27 165 0 1
28 165 0 1
29 165 0 1
30 165 0 1
31 165 0 1
32 165 0 1
64 165 0 1
65 165 0 1
66 165 0 1
67 165 0 1
68 165 0 1
69 165 0 1
70 165 0 1
71 165 0 1
72 165 0 1
73 165 0 1
74 165 0 1
75 165 0 1
76 165 0 1
96 165 0 2
97 165 0 2
98 165 0 2
99 165 0 2
100 165 0 2
101 165 0 2
102 165 0 2
103 165 0 2
104 165 0 2
105 165 0 2
106 165 0 2
107 165 0 2
108 165 0 2
109 165 0 2
167 165 0 1
168 165 0 1
169 165 0 1
170 165 0 1
171 165 0 1
172 165 0 1
173 165 0 1
174 165 0 1
175 165 0 1
176 165 0 1
177 165 0 1
178 165 0 1
203 165 0 2
204 165 0 2
205 165 0 2
206 165 0 2
207 165 0 2
208 165 0 2
209 165 0 2
210 165 0 2
211 165 0 2
212 165 0 2
213 165 0 2
214 165 0 2
215 165 0 2
216 165 0 2
217 165 0 2
18 166 0 2
19 166 0 2
20 166 0 1
21 166 0 1
22 166 0 1
23 166 0 1
24 166 0 1
25 166 0 1
26 166 0 1
27 166 0 1
28 166 0 1
29 166 0 1
30 166 0 1
31 166 0 1
32 166 0 1
64 166 0 1
65 166 0 1
66 166 0 1
67 166 0 1
68 166 0 1
69 166 0 1
70 166 0 1
71 166 0 1
72 166 0 1
73 166 0 1
74 166 0 1
75 166 0 1
76 166 0 1
96 166 0 2
97 166 0 2
98 166 0 2
99 166 0 2
100 166 0 2
101 166 0 2
102 166 0 2
103 166 0 2
104 166 0 2
105 166 0 2
106 166 0 2
107 166 0 2
108 166 0 2
109 166 0 2
166 166 0 1
167 166 0 1
168 166 0 1
169 166 0 1
170 166 0 1
171 166 0 1
172 166 0 1
173 166 0 1
174 166 0 1
175 166 0 1
176 166 0 1
177 166 0 1
178 166 0 1
179 166 0 1
203 166 0 2
204 166 0 2
205 166 0 2
206 166 0 2
207 166 0 2
208 166 0 2
209 166 0 2
210 166 0 2
211 166 0 2
212 166 0 2
213 166 0 2
214 166 0 2
215 166 0 2
216 166 0 2
217 166 0 2
19 167 0 1
20 167 0 1
21 167 0 1
22 167 0 1
64 167 0 1
65 167 0 1
66 167 0 1
67 167 0 1
68 167 0 1
69 167 0 1
70 167 0 1
71 167 0 1
72 167 0 1
73 167 0 1
74 167 0 1
75 167 0 1
76 167 0 1
96 167 0 1
97 167 0 2
98 167 0 2
99 167 0 2
100 167 0 2
101 167 0 2
102 167 0 2
103 167 0 2
104 167 0 2
105 167 0 2
106 167 0 2
107 167 0 2
108 167 0 2
166 167 0 1
167 167 0 1
168 167 0 1
169 167 0 1
170 167 0 1
171 167 0 1
172 167 0 1
173 167 0 1
174 167 0 1
175 167 0 1
176 167 0 1
177 167 0 1
178 167 0 1
179 167 0 1
203 167 0 2
204 167 0 2
205 167 0 2
206 167 0 2
207 167 0 2
208 167 0 2
209 167 0 2
210 167 0 2
211 167 0 2
212 167 0 2
213 167 0 2
214 167 0 2
215 167 0 2
216 167 0 1
217 167 0 1
64 168 0 1
65 168 0 1
66 168 0 1
67 168 0 1
68 168 0 1
69 168 0 1
70 168 0 1
71 168 0 1
72 168 0 1
73 168 0 1
74 168 0 1
75 168 0 1
76 168 0 1
96 168 0 1
97 168 0 1
98 168 0 1
99 168 0 2
100 168 0 2
101 168 0 2
102 168 0 2
103 168 0 2
104 168 0 2
105 168 0 2
106 168 0 2
107 168 0 2
166 168 0 1
167 168 0 1
168 168 0 1
169 168 0 1
170 168 0 1
171 168 0 1
172 168 0 1
173 168 0 1
174 168 0 1
175 168 0 1
176 168 0 1
177 168 0 1
178 168 0 1
179 168 0 1
203 168 0 1
204 168 0 2
205 168 0 2
206 168 0 2
207 168 0 2
208 168 0 2
209 168 0 2
210 168 0 2
211 168 0 2
212 168 0 2
213 168 0 2
214 168 0 1
215 168 0 1
216 168 0 1
217 168 0 1
64 169 0 1
65 169 0 1
66 169 0 1
67 169 0 1
68 169 0 1
69 169 0 1
70 169 0 1
71 169 0 1
72 169 0 1
73 169 0 1
74 169 0 1
75 169 0 1
76 169 0 1
96 169 0 1
97 169 0 1
98 169 0 1
99 169 0 1
100 169 0 1
101 169 0 1
102 169 0 1
103 169 0 1
104 169 0 2
105 169 0 2
106 169 0 2
166 169 0 1
167 169 0 1
168 169 0 1
169 169 0 1
170 169 0 1
171 169 0 1
172 169 0 1
173 169 0 1
174 169 0 1
175 169 0 1
176 169 0 1
177 169 0 1
178 169 0 1
179 169 0 1
203 169 0 1
204 169 0 1
205 169 0 1
206 169 0 2
207 169 0 2
208 169 0 2
209 169 0 2
210 169 0 2
211 169 0 2
212 169 0 2
213 169 0 2
214 169 0 1
215 169 0 1
216 169 0 1
217 169 0 1
64 170 0 1
65 170 0 1
66 170 0 1
67 170 0 1
68 170 0 1
69 170 0 1
70 170 0 1
71 170 0 1
72 170 0 1
73 170 0 1
74 170 0 1
75 170 0 1
76 170 0 1
97 170 0 1
98 170 0 1
99 170 0 1
100 170 0 1
101 170 0 1
102 170 0 1
103 170 0 1
104 170 0 1
166 170 0 1
167 170 0 1
168 170 0 1
169 170 0 1
170 170 0 1
171 170 0 1
172 170 0 1
173 170 0 1
174 170 0 1
175 170 0 1
176 170 0 1
177 170 0 1
178 170 0 1
179 170 0 1
203 170 0 1
204 170 0 1
205 170 0 1
206 170 0 2
207 170 0 2
208 170 0 2
209 170 0 2
210 170 0 2
211 170 0 2
212 170 0 2
213 170 0 2
214 170 0 2
215 170 0 2
216 170 0 1
217 170 0 1
65 171 0 1
66 171 0 1
67 171 0 1
68 171 0 1
69 171 0 1
70 171 0 1
71 171 0 1
72 171 0 1
73 171 0 1
74 171 0 1
75 171 0 1
166 171 0 1
167 171 0 1
168 171 0 1
169 171 0 1
170 171 0 1
171 171 0 1
172 171 0 1
173 171 0 1
174 171 0 1
175 171 0 1
176 171 0 1
177 171 0 1
178 171 0 1
179 171 0 1
203 171 0 1
204 171 0 1
205 171 0 1
206 171 0 1
207 171 0 2
208 171 0 2
209 171 0 2
210 171 0 2
211 171 0 2
212 171 0 2
213 171 0 2
214 171 0 2
215 171 0 2
216 171 0 2
217 171 0 2
66 172 0 1
67 172 0 1
68 172 0 1
69 172 0 1
70 172 0 1
71 172 0 1
72 172 0 1
73 172 0 1
74 172 0 1
166 172 0 1
167 172 0 1
168 172 0 1
169 172 0 1
170 172 0 1
171 172 0 1
172 172 0 1
173 172 0 1
174 172 0 1
175 172 0 1
176 172 0 1
177 172 0 1
178 172 0 1
179 172 0 1
204 172 0 1
205 172 0 1
206 172 0 1
207 172 0 1
208 172 0 1
209 172 0 1
210 172 0 2
211 172 0 2
212 172 0 2
213 172 0 2
214 172 0 2
215 172 0 2
216 172 0 2
67 173 0 1
68 173 0 1
69 173 0 1
70 173 0 1
71 173 0 1
72 173 0 1
73 173 0 1
167 173 0 1
168 173 0 1
169 173 0 1
170 173 0 1
171 173 0 1
172 173 0 1
173 173 0 1
174 173 0 1
175 173 0 1
176 173 0 1
177 173 0 1
178 173 0 1
205 173 0 1
206 173 0 1
207 173 0 1
208 173 0 1
209 173 0 1
210 173 0 1
211 173 0 1
212 173 0 1
213 173 0 2
214 173 0 2
215 173 0 2
168 174 0 1
169 174 0 1
170 174 0 1
171 174 0 1
172 174 0 1
173 174 0 1
174 174 0 1
175 174 0 1
176 174 0 1
177 174 0 1
208 174 0 1
209 174 0 1
210 174 0 1
211 174 0 1
212 174 0 1
213 174 0 2
214 174 0 2
169 175 0 1
170 175 0 1
171 175 0 1
172 175 0 1
173 175 0 1
174 175 0 1
175 175 0 1
176 175 0 1
9 182 0 1
10 182 0 1
11 182 0 1
12 182 0 1
8 183 0 2
9 183 0 2
10 183 0 1
11 183 0 1
12 183 0 1
13 183 0 1
7 184 0 2
8 184 0 2
9 184 0 2
10 184 0 1
11 184 0 1
12 184 0 1
13 184 0 1
14 184 0 1
15 184 0 1
16 184 0 1
46 184 0 1
47 184 0 1
48 184 0 1
49 184 0 1
50 184 0 1
51 184 0 1
52 184 0 1
53 184 0 1
54 184 0 1
55 184 0 1
7 185 0 2
8 185 0 2
9 185 0 2
10 185 0 2
11 185 0 1
12 185 0 1
13 185 0 1
14 185 0 1
15 185 0 1
16 185 0 1
17 185 0 1
18 185 0 1
44 185 0 1
45 185 0 1
46 185 0 1
47 185 0 1
48 185 0 1
49 185 0 1
50 185 0 1
51 185 0 1
52 185 0 1
53 185 0 1
54 185 0 1
55 185 0 1
56 185 0 1
7 186 0 2
8 186 0 2
9 186 0 2
10 186 0 2
11 186 0 1
12 186 0 1
13 186 0 1
14 186 0 1
15 186 0 1
16 186 0 1
17 186 0 1
18 186 0 1
19 186 0 1
43 186 0 1
44 186 0 1
45 186 0 1
46 186 0 1
47 186 0 1
48 186 0 1
49 186 0 1
50 186 0 1
51 186 0 1
52 186 0 1
53 186 0 1
54 186 0 1
55 186 0 1
56 186 0 1
57 186 0 1
7 187 0 2
8 187 0 2
9 187 0 2
10 187 0 2
11 187 0 2
12 187 0 2
13 187 0 1
14 187 0 1
15 187 0 1
16 187 0 1
17 187 0 1
18 187 0 1
19 187 0 1
43 187 0 1
44 187 0 1
45 187 0 1
46 187 0 1
47 187 0 1
48 187 0 2
49 187 0 2
50 187 0 2
51 187 0 2
52 187 0 2
53 187 0 2
54 187 0 2
55 187 0 2
56 187 0 1
57 187 0 1
58 187 0 1
7 188 0 2
8 188 0 2
9 188 0 2
10 188 0 2
11 188 0 2
12 188 0 2
13 188 0 2
14 188 0 2
15 188 0 2
16 188 0 1
17 188 0 1
18 188 0 1
19 188 0 1
43 188 0 1
44 188 0 1
45 188 0 1
46 188 0 2
47 188 0 2
48 188 0 2
49 188 0 2
50 188 0 2
51 188 0 2
52 188 0 2
53 188 0 2
54 188 0 2
55 188 0 2
56 188 0 2
57 188 0 2
58 188 0 2
135 188 0 1
136 188 0 1
137 188 0 1
138 188 0 1
139 188 0 1
140 188 0 1
141 188 0 2
142 188 0 2
143 188 0 2
144 188 0 2
7 189 0 2
8 189 0 2
9 189 0 2
10 189 0 2
11 189 0 2
12 189 0 2
13 189 0 2
14 189 0 2
15 189 0 2
16 189 0 2
17 189 0 2
18 189 0 2
19 189 0 1
43 189 0 2
44 189 0 2
45 189 0 2
46 189 0 2
47 189 0 2
48 189 0 2
49 189 0 2
50 189 0 2
51 189 0 2
52 189 0 2
53 189 0 2
54 189 0 2
55 189 0 2
56 189 0 2
57 189 0 2
58 189 0 2
133 189 0 2
134 189 0 1
135 189 0 1
136 189 0 1
137 189 0 1
138 189 0 2
139 189 0 2
140 189 0 2
141 189 0 2
142 189 0 2
143 189 0 2
144 189 0 2
145 189 0 2
7 190 0 2
8 190 0 2
9 190 0 2
10 190 0 2
11 190 0 2
12 190 0 2
13 190 0 2
14 190 0 2
15 190 0 2
16 190 0 2
17 190 0 2
18 190 0 2
19 190 0 1
43 190 0 2
44 190 0 2
45 190 0 2
46 190 0 2
47 190 0 2
48 190 0 2
49 190 0 2
50 190 0 2
51 190 0 2
52 190 0 2
53 190 0 2
54 190 0 2
55 190 0 2
56 190 0 2
57 190 0 2
58 190 0 2
98 190 0 1
99 190 0 1
100 190 0 1
101 190 0 1
102 190 0 1
103 190 0 1
104 190 0 1
105 190 0 1
132 190 0 2
133 190 0 2
134 190 0 1
135 190 0 1
136 190 0 1
137 190 0 1
138 190 0 2
139 190 0 2
140 190 0 2
141 190 0 2
142 190 0 2
143 190 0 2
144 190 0 2
145 190 0 2
7 191 0 1
8 191 0 2
9 191 0 2
10 191 0 2
11 191 0 2
12 191 0 2
13 191 0 2
14 191 0 2
15 191 0 2
16 191 0 2
17 191 0 2
18 191 0 2
19 191 0 2
43 191 0 2
44 191 0 2
45 191 0 2
46 191 0 2
47 191 0 2
48 191 0 2
49 191 0 2
50 191 0 2
51 191 0 2
52 191 0 2
53 191 0 2
54 191 0 2
55 191 0 2
56 191 0 2
57 191 0 2
58 191 0 2
97 191 0 1
98 191 0 1
99 191 0 1
100 191 0 1
101 191 0 1
102 191 0 1
103 191 0 1
104 191 0 1
105 191 0 1
106 191 0 1
132 191 0 2
133 191 0 2
134 191 0 2
135 191 0 2
136 191 0 2
137 191 0 2
138 191 0 2
139 191 0 2
140 191 0 2
141 191 0 2
142 191 0 2
143 191 0 2
144 191 0 2
145 191 0 2
166 191 0 1
167 191 0 1
168 191 0 1
169 191 0 1
170 191 0 1
171 191 0 1
172 191 0 1
173 191 0 1
7 192 0 1
8 192 0 1
9 192 0 2
10 192 0 2
11 192 0 2
12 192 0 2
13 192 0 2
14 192 0 2
15 192 0 2
16 192 0 2
17 192 0 2
18 192 0 2
19 192 0 2
43 192 0 2
44 192 0 2
45 192 0 2
46 192 0 2
47 192 0 2
48 192 0 2
49 192 0 2
50 192 0 2
51 192 0 2
52 192 0 2
53 192 0 2
54 192 0 2
55 192 0 2
56 192 0 2
57 192 0 2
58 192 0 2
96 192 0 1
97 192 0 1
98 192 0 1
99 192 0 1
100 192 0 1
101 192 0 1
102 192 0 1
103 192 0 1
104 192 0 1
105 192 0 1
106 192 0 1
107 192 0 1
132 192 0 2
133 192 0 2
134 192 0 2
135 192 0 2
136 192 0 2
137 192 0 2
138 192 0 2
139 192 0 2
140 192 0 2
141 192 0 2
142 192 0 2
143 192 0 2
144 192 0 2
145 192 0 2
165 192 0 1
166 192 0 1
167 192 0 1
168 192 0 1
169 192 0 1
170 192 0 1
171 192 0 1
172 192 0 1
173 192 0 1
174 192 0 1
7 193 0 1
8 193 0 1
9 193 0 1
10 193 0 1
11 193 0 1
12 193 0 1
13 193 0 2
14 193 0 2
15 193 0 2
16 193 0 2
17 193 0 2
18 193 0 2
19 193 0 2
43 193 0 2
44 193 0 2
45 193 0 2
46 193 0 2
47 193 0 2
48 193 0 2
49 193 0 2
50 193 0 2
51 193 0 2
52 193 0 2
53 193 0 2
54 193 0 2
55 193 0 2
56 193 0 2
57 193 0 2
58 193 0 2
95 193 0 1
96 193 0 1
97 193 0 1
98 193 0 1
99 193 0 1
100 193 0 1
101 193 0 1
102 193 0 1
103 193 0 1
104 193 0 1
105 193 0 1
106 193 0 1
107 193 0 1
108 193 0 1
132 193 0 2
133 193 0 2
134 193 0 2
135 193 0 2
136 193 0 2
137 193 0 2
138 193 0 2
139 193 0 2
140 193 0 2
141 193 0 2
142 193 0 2
143 193 0 1
144 193 0 1
145 193 0 1
164 193 0 1
165 193 0 1
166 193 0 1
167 193 0 1
168 193 0 1
169 193 0 1
170 193 0 1
171 193 0 1
172 193 0 1
173 193 0 1
174 193 0 1
175 193 0 1
8 194 0 1
9 194 0 1
10 194 0 1
11 194 0 1
12 194 0 1
13 194 0 1
14 194 0 1
15 194 0 2
16 194 0 2
17 194 0 2
18 194 0 2
19 194 0 2
43 194 0 2
44 194 0 2
45 194 0 2
46 194 0 2
47 194 0 2
48 194 0 2
49 194 0 2
50 194 0 2
51 194 0 2
52 194 0 2
53 194 0 2
54 194 0 2
55 194 0 2
56 194 0 2
57 194 0 2
58 194 0 1
95 194 0 1
96 194 0 1
97 194 0 1
98 194 0 1
99 194 0 1
100 194 0 1
101 194 0 1
102 194 0 1
103 194 0 1
104 194 0 1
105 194 0 1
106 194 0 1
107 194 0 1
108 194 0 1
132 194 0 2
133 194 0 2
134 194 0 2
135 194 0 2
136 194 0 2
137 194 0 2
138 194 0 2
139 194 0 2
140 194 0 2
141 194 0 2
142 194 0 2
143 194 0 1
144 194 0 1
145 194 0 1
163 194 0 1
164 194 0 1
165 194 0 1
166 194 0 1
167 194 0 1
168 194 0 1
169 194 0 1
170 194 0 1
171 194 0 1
172 194 0 1
173 194 0 1
174 194 0 1
175 194 0 1
176 194 0 1
11 195 0 1
12 195 0 1
13 195 0 1
14 195 0 1
15 195 0 1
16 195 0 1
17 195 0 2
18 195 0 2
43 195 0 2
44 195 0 1
45 195 0 1
46 195 0 1
47 195 0 1
48 195 0 2
49 195 0 2
50 195 0 2
51 195 0 2
52 195 0 2
53 195 0 2
54 195 0 2
55 195 0 2
56 195 0 2
57 195 0 1
58 195 0 1
95 195 0 1
96 195 0 1
97 195 0 1
98 195 0 1
99 195 0 1
100 195 0 1
101 195 0 1
102 195 0 1
103 195 0 1
104 195 0 1
105 195 0 1
106 195 0 1
107 195 0 1
108 195 0 1
132 195 0 2
133 195 0 2
134 195 0 2
135 195 0 2
136 195 0 2
137 195 0 2
138 195 0 2
139 195 0 2
140 195 0 2
141 195 0 2
142 195 0 2
143 195 0 1
144 195 0 1
145 195 0 1
163 195 0 1
164 195 0 1
165 195 0 1
166 195 0 1
167 195 0 1
168 195 0 1
169 195 0 1
170 195 0 1
171 195 0 1
172 195 0 1
173 195 0 1
174 195 0 1
175 195 0 1
176 195 0 1
44 196 0 1
45 196 0 1
46 196 0 1
47 196 0 1
48 196 0 2
49 196 0 2
50 196 0 2
51 196 0 2
52 196 0 2
53 196 0 2
54 196 0 2
55 196 0 1
56 196 0 1
57 196 0 1
95 196 0 1
96 196 0 1
97 196 0 1
98 196 0 1
99 196 0 1
100 196 0 1
101 196 0 1
102 196 0 1
103 196 0 1
104 196 0 1
105 196 0 1
106 196 0 1
107 196 0 1
108 196 0 1
132 196 0 1
133 196 0 1
134 196 0 2
135 196 0 2
136 196 0 2
137 196 0 2
138 196 0 2
139 196 0 2
140 196 0 2
141 196 0 2
142 196 0 2
143 196 0 2
144 196 0 1
145 196 0 1
163 196 0 1
164 196 0 1
165 196 0 1
166 196 0 1
167 196 0 1
168 196 0 1
169 196 0 1
170 196 0 1
171 196 0 1
172 196 0 1
173 196 0 1
174 196 0 1
175 196 0 1
176 196 0 1
45 197 0 1
46 197 0 1
47 197 0 2
48 197 0 2
49 197 0 2
50 197 0 2
51 197 0 2
52 197 0 2
53 197 0 2
54 197 0 2
55 197 0 1
56 197 0 1
95 197 0 1
96 197 0 1
97 197 0 1
98 197 0 1
99 197 0 1
100 197 0 1
101 197 0 1
102 197 0 1
103 197 0 1
104 197 0 1
105 197 0 1
106 197 0 1
107 197 0 1
108 197 0 1
132 197 0 1
133 197 0 1
134 197 0 1
135 197 0 1
136 197 0 2
137 197 0 2
138 197 0 2
139 197 0 2
140 197 0 2
141 197 0 2
142 197 0 2
143 197 0 2
144 197 0 2
145 197 0 1
163 197 0 1
164 197 0 1
165 197 0 1
166 197 0 1
167 197 0 1
168 197 0 1
169 197 0 1
170 197 0 1
171 197 0 1
172 197 0 1
173 197 0 1
174 197 0 1
175 197 0 1
176 197 0 1
46 198 0 2
47 198 0 2
48 198 0 2
49 198 0 2
50 198 0 2
51 198 0 2
52 198 0 2
53 198 0 2
54 198 0 1
55 198 0 1
95 198 0 1
96 198 0 1
97 198 0 1
98 198 0 1
99 198 0 1
100 198 0 1
101 198 0 1
102 198 0 1
103 198 0 1
104 198 0 1
105 198 0 1
106 198 0 1
107 198 0 1
108 198 0 1
132 198 0 1
133 198 0 1
134 198 0 1
135 198 0 1
136 198 0 1
137 198 0 2
138 198 0 2
139 198 0 2
140 198 0 2
141 198 0 2
142 198 0 2
143 198 0 2
144 198 0 2
145 198 0 1
163 198 0 1
164 198 0 1
165 198 0 1
166 198 0 1
167 198 0 1
168 198 0 1
169 198 0 1
170 198 0 1
171 198 0 1
172 198 0 1
173 198 0 1
174 198 0 1
175 198 0 1
176 198 0 1
95 199 0 1
96 199 0 1
97 199 0 1
98 199 0 1
99 199 0 1
100 199 0 1
101 199 0 1
102 199 0 1
103 199 0 1
104 199 0 1
105 199 0 1
106 199 0 1
107 199 0 1
108 199 0 1
133 199 0 1
134 199 0 1
135 199 0 1
136 199 0 1
137 199 0 2
138 199 0 2
139 199 0 2
140 199 0 2
141 199 0 2
142 199 0 2
143 199 0 2
144 199 0 2
145 199 0 2
163 199 0 1
164 199 0 1
165 199 0 1
166 199 0 1
167 199 0 1
168 199 0 1
169 199 0 1
170 199 0 1
171 199 0 1
172 199 0 1
173 199 0 1
174 199 0 1
175 199 0 1
176 199 0 1
96 200 0 1
97 200 0 1
98 200 0 1
99 200 0 1
100 200 0 1
101 200 0 1
102 200 0 1
103 200 0 1
104 200 0 1
105 200 0 1
106 200 0 1
107 200 0 1
134 200 0 1
135 200 0 1
136 200 0 1
137 200 0 2
138 200 0 2
139 200 0 2
140 200 0 2
141 200 0 2
142 200 0 2
143 200 0 2
144 200 0 2
163 200 0 1
164 200 0 1
165 200 0 1
166 200 0 1
167 200 0 1
168 200 0 1
169 200 0 1
170 200 0 1
171 200 0 1
172 200 0 1
173 200 0 1
174 200 0 1
175 200 0 1
176 200 0 1
97 201 0 1
98 201 0 1
99 201 0 1
100 201 0 1
101 201 0 1
102 201 0 1
103 201 0 1
104 201 0 1
105 201 0 1
106 201 0 1
135 201 0 1
136 201 0 1
137 201 0 1
138 201 0 1
139 201 0 2
140 201 0 2
141 201 0 2
142 201 0 2
143 201 0 2
164 201 0 1
165 201 0 1
166 201 0 1
167 201 0 1
168 201 0 1
169 201 0 1
170 201 0 1
171 201 0 1
172 201 0 1
173 201 0 1
174 201 0 1
175 201 0 1
98 202 0 1
99 202 0 1
100 202 0 1
101 202 0 1
102 202 0 1
103 202 0 1
104 202 0 1
105 202 0 1
165 202 0 1
166 202 0 1
167 202 0 1
168 202 0 1
169 202 0 1
170 202 0 1
171 202 0 1
172 202 0 1
173 202 0 1
174 202 0 1
166 203 0 1
167 203 0 1
168 203 0 1
169 203 0 1
170 203 0 1
171 203 0 1
172 203 0 1
173 203 0 1
9 204 0 1
10 204 0 1
11 204 0 1
12 204 0 1
13 204 0 1
14 204 0 1
15 204 0 1
216 204 0 1
217 204 0 1
218 204 0 1
7 205 0 1
8 205 0 1
9 205 0 1
10 205 0 1
11 205 0 1
12 205 0 1
13 205 0 1
14 205 0 1
15 205 0 1
16 205 0 1
17 205 0 1
215 205 0 2
216 205 0 2
217 205 0 1
218 205 0 1
219 205 0 1
6 206 0 1
7 206 0 1
8 206 0 1
9 206 0 1
10 206 0 1
11 206 0 1
12 206 0 1
13 206 0 1
14 206 0 1
15 206 0 1
16 206 0 1
17 206 0 1
18 206 0 1
214 206 0 2
215 206 0 2
216 206 0 2
217 206 0 2
218 206 0 1
219 206 0 1
220 206 0 1
221 206 0 1
222 206 0 1
6 207 0 1
7 207 0 1
8 207 0 1
9 207 0 1
10 207 0 1
11 207 0 1
12 207 0 1
13 207 0 1
14 207 0 1
15 207 0 1
16 207 0 1
17 207 0 1
18 207 0 1
214 207 0 2
215 207 0 2
216 207 0 2
217 207 0 2
218 207 0 1
219 207 0 1
220 207 0 1
221 207 0 1
222 207 0 1
223 207 0 1
224 207 0 1
5 208 0 1
6 208 0 1
7 208 0 1
8 208 0 1
9 208 0 1
10 208 0 1
11 208 0 1
12 208 0 1
13 208 0 1
14 208 0 1
15 208 0 1
16 208 0 1
17 208 0 1
18 208 0 1
19 208 0 1
214 208 0 2
215 208 0 2
216 208 0 2
217 208 0 2
218 208 0 2
219 208 0 2
220 208 0 2
221 208 0 1
222 208 0 1
223 208 0 1
224 208 0 1
225 208 0 1
5 209 0 1
6 209 0 1
7 209 0 1
8 209 0 1
9 209 0 1
10 209 0 1
11 209 0 1
12 209 0 1
13 209 0 1
14 209 0 1
15 209 0 1
16 209 0 1
17 209 0 1
18 209 0 1
19 209 0 1
214 209 0 2
215 209 0 2
216 209 0 2
217 209 0 2
218 209 0 2
219 209 0 2
220 209 0 2
221 209 0 2
222 209 0 2
223 209 0 1
224 209 0 1
225 209 0 1
226 209 0 1
5 210 0 1
6 210 0 1
7 210 0 1
8 210 0 1
9 210 0 1
10 210 0 1
11 210 0 1
12 210 0 1
13 210 0 1
14 210 0 1
15 210 0 1
16 210 0 1
17 210 0 1
18 210 0 1
19 210 0 1
214 210 0 2
215 210 0 2
216 210 0 2
217 210 0 2
218 210 0 2
219 210 0 2
220 210 0 2
221 210 0 2
222 210 0 2
223 210 0 2
224 210 0 1
225 210 0 1
226 210 0 1
227 210 0 1
5 211 0 1
6 211 0 1
7 211 0 1
8 211 0 1
9 211 0 1
10 211 0 1
11 211 0 1
12 211 0 1
13 211 0 1
14 211 0 1
15 211 0 1
16 211 0 1
17 211 0 1
18 211 0 1
19 211 0 1
214 211 0 2
215 211 0 2
216 211 0 2
217 211 0 2
218 211 0 2
219 211 0 2
220 211 0 2
221 211 0 2
222 211 0 2
223 211 0 2
224 211 0 2
225 211 0 2
226 211 0 1
227 211 0 1
5 212 0 1
6 212 0 1
7 212 0 1
8 212 0 1
9 212 0 1
10 212 0 1
11 212 0 1
12 212 0 1
13 212 0 1
14 212 0 1
15 212 0 1
16 212 0 1
17 212 0 1
18 212 0 1
19 212 0 1
147 212 0 1
148 212 0 2
149 212 0 2
150 212 0 2
151 212 0 2
152 212 0 2
153 212 0 2
154 212 0 2
155 212 0 2
156 212 0 1
157 212 0 1
158 212 0 1
159 212 0 1
214 212 0 1
215 212 0 2
216 212 0 2
217 212 0 2
218 212 0 2
219 212 0 2
220 212 0 2
221 212 0 2
222 212 0 2
223 212 0 2
224 212 0 2
225 212 0 2
226 212 0 2
227 212 0 1
6 213 0 1
7 213 0 1
8 213 0 1
9 213 0 1
10 213 0 1
11 213 0 1
12 213 0 1
13 213 0 1
14 213 0 1
15 213 0 1
16 213 0 1
17 213 0 1
18 213 0 1
147 213 0 1
148 213 0 1
149 213 0 2
150 213 0 2
151 213 0 2
152 213 0 2
153 213 0 2
154 213 0 2
155 213 0 2
156 213 0 1
157 213 0 1
158 213 0 1
159 213 0 2
160 213 0 2
214 213 0 1
215 213 0 2
216 213 0 2
217 213 0 2
218 213 0 2
219 213 0 2
220 213 0 2
221 213 0 2
222 213 0 2
223 213 0 2
224 213 0 2
225 213 0 2
226 213 0 2
227 213 0 2
6 214 0 1
7 214 0 1
8 214 0 1
9 214 0 1
10 214 0 1
11 214 0 1
12 214 0 1
13 214 0 1
14 214 0 1
15 214 0 1
16 214 0 1
17 214 0 1
18 214 0 1
147 214 0 1
148 214 0 1
149 214 0 1
150 214 0 2
151 214 0 2
152 214 0 2
153 214 0 2
154 214 0 2
155 214 0 2
156 214 0 1
157 214 0 1
158 214 0 2
159 214 0 2
160 214 0 2
161 214 0 2
214 214 0 1
215 214 0 1
216 214 0 2
217 214 0 2
218 214 0 2
219 214 0 2
220 214 0 2
221 214 0 2
222 214 0 2
223 214 0 2
224 214 0 2
225 214 0 2
226 214 0 2
227 214 0 2
7 215 0 1
8 215 0 1
9 215 0 1
10 215 0 1
11 215 0 1
12 215 0 1
13 215 0 1
14 215 0 1
15 215 0 1
16 215 0 1
17 215 0 1
35 215 0 1
36 215 0 1
37 215 0 1
38 215 0 2
39 215 0 2
40 215 0 2
41 215 0 2
42 215 0 2
43 215 0 1
44 215 0 1
45 215 0 1
148 215 0 1
149 215 0 1
150 215 0 2
151 215 0 2
152 215 0 2
153 215 0 2
154 215 0 2
155 215 0 2
156 215 0 2
157 215 0 2
158 215 0 2
159 215 0 2
160 215 0 2
161 215 0 2
214 215 0 1
215 215 0 1
216 215 0 1
217 215 0 1
218 215 0 2
219 215 0 2
220 215 0 2
221 215 0 2
222 215 0 2
223 215 0 2
224 215 0 2
225 215 0 2
226 215 0 2
227 215 0 2
9 216 0 1
10 216 0 1
11 216 0 1
12 216 0 1
13 216 0 1
14 216 0 1
15 216 0 1
34 216 0 1
35 216 0 1
36 216 0 2
37 216 0 2
38 216 0 2
39 216 0 2
40 216 0 2
41 216 0 2
42 216 0 2
43 216 0 2
44 216 0 1
45 216 0 1
148 216 0 1
149 216 0 1
150 216 0 2
151 216 0 2
152 216 0 2
153 216 0 2
154 216 0 2
155 216 0 2
156 216 0 2
157 216 0 2
158 216 0 2
159 216 0 2
160 216 0 2
161 216 0 2
215 216 0 1
216 216 0 1
217 216 0 1
218 216 0 1
219 216 0 2
220 216 0 2
221 216 0 2
222 216 0 2
223 216 0 2
224 216 0 2
225 216 0 2
226 216 0 2
227 216 0 2
33 217 0 1
34 217 0 1
35 217 0 1
36 217 0 2
37 217 0 2
38 217 0 2
39 217 0 2
40 217 0 2
41 217 0 2
42 217 0 2
43 217 0 2
44 217 0 2
45 217 0 2
148 217 0 1
149 217 0 1
150 217 0 2
151 217 0 2
152 217 0 2
153 217 0 2
154 217 0 2
155 217 0 2
156 217 0 2
157 217 0 2
158 217 0 2
159 217 0 2
160 217 0 2
161 217 0 2
216 217 0 1
217 217 0 1
218 217 0 1
219 217 0 2
220 217 0 2
221 217 0 2
222 217 0 2
223 217 0 2
224 217 0 2
225 217 0 2
226 217 0 2
227 217 0 2
32 218 0 1
33 218 0 1
34 218 0 2
35 218 0 2
36 218 0 2
37 218 0 2
38 218 0 2
39 218 0 2
40 218 0 2
41 218 0 2
42 218 0 2
43 218 0 2
44 218 0 2
45 218 0 2
147 218 0 1
148 218 0 1
149 218 0 1
150 218 0 2
151 218 0 2
152 218 0 2
153 218 0 2
154 218 0 2
155 218 0 2
156 218 0 2
157 218 0 2
158 218 0 2
159 218 0 2
160 218 0 2
161 218 0 2
217 218 0 1
218 218 0 1
219 218 0 1
220 218 0 1
221 218 0 1
222 218 0 2
223 218 0 2
224 218 0 2
225 218 0 2
226 218 0 2
31 219 0 1
32 219 0 1
33 219 0 1
34 219 0 2
35 219 0 2
36 219 0 2
37 219 0 2
38 219 0 2
39 219 0 2
40 219 0 2
41 219 0 2
42 219 0 2
43 219 0 2
44 219 0 2
45 219 0 2
147 219 0 1
148 219 0 1
149 219 0 2
150 219 0 2
151 219 0 2
152 219 0 2
153 219 0 2
154 219 0 2
155 219 0 2
156 219 0 2
157 219 0 2
158 219 0 2
159 219 0 2
160 219 0 2
161 219 0 2
31 220 0 1
32 220 0 2
33 220 0 2
34 220 0 2
35 220 0 2
36 220 0 2
37 220 0 2
38 220 0 2
39 220 0 2
40 220 0 2
41 220 0 2
42 220 0 2
43 220 0 2
44 220 0 2
45 220 0 2
147 220 0 2
148 220 0 2
149 220 0 2
150 220 0 2
151 220 0 2
152 220 0 2
153 220 0 2
154 220 0 2
155 220 0 2
156 220 0 2
157 220 0 2
158 220 0 2
159 220 0 2
160 220 0 2
161 220 0 2
31 221 0 1
32 221 0 2
33 221 0 2
34 221 0 2
35 221 0 2
36 221 0 2
37 221 0 2
38 221 0 2
39 221 0 2
40 221 0 2
41 221 0 2
42 221 0 2
43 221 0 2
44 221 0 2
45 221 0 2
85 221 0 1
86 221 0 1
87 221 0 1
88 221 0 1
89 221 0 1
90 221 0 1
91 221 0 1
147 221 0 2
148 221 0 2
149 221 0 2
150 221 0 2
151 221 0 2
152 221 0 2
153 221 0 2
154 221 0 2
155 221 0 2
156 221 0 2
157 221 0 2
158 221 0 2
159 221 0 2
160 221 0 1
161 221 0 1
31 222 0 2
32 222 0 2
33 222 0 2
34 222 0 2
35 222 0 2
36 222 0 2
37 222 0 2
38 222 0 2
39 222 0 2
40 222 0 2
41 222 0 2
42 222 0 2
43 222 0 2
44 222 0 2
45 222 0 2
83 222 0 1
84 222 0 1
85 222 0 1
86 222 0 1
87 222 0 1
88 222 0 1
89 222 0 1
90 222 0 1
91 222 0 1
92 222 0 1
93 222 0 1
147 222 0 2
148 222 0 2
149 222 0 2
150 222 0 2
151 222 0 2
152 222 0 2
153 222 0 2
154 222 0 2
155 222 0 2
156 222 0 2
157 222 0 2
158 222 0 2
159 222 0 1
160 222 0 1
161 222 0 1
31 223 0 2
32 223 0 2
33 223 0 2
34 223 0 2
35 223 0 2
36 223 0 2
37 223 0 2
38 223 0 2
39 223 0 2
40 223 0 2
41 223 0 2
42 223 0 2
43 223 0 2
44 223 0 2
45 223 0 2
82 223 0 1
83 223 0 1
84 223 0 1
85 223 0 1
86 223 0 1
87 223 0 1
88 223 0 1
89 223 0 1
90 223 0 1
91 223 0 1
92 223 0 1
93 223 0 1
94 223 0 1
147 223 0 2
148 223 0 2
149 223 0 2
150 223 0 2
151 223 0 2
152 223 0 2
153 223 0 2
154 223 0 2
155 223 0 2
156 223 0 2
157 223 0 2
158 223 0 1
159 223 0 1
160 223 0 1
161 223 0 1
31 224 0 2
32 224 0 2
33 224 0 2
34 224 0 2
35 224 0 2
36 224 0 2
37 224 0 2
38 224 0 2
39 224 0 1
40 224 0 2
41 224 0 2
42 224 0 1
43 224 0 1
44 224 0 1
45 224 0 1
82 224 0 1
83 224 0 1
84 224 0 1
85 224 0 1
86 224 0 1
87 224 0 1
88 224 0 1
89 224 0 1
90 224 0 1
91 224 0 1
92 224 0 1
93 224 0 1
94 224 0 1
148 224 0 2
149 224 0 2
150 224 0 2
151 224 0 2
152 224 0 2
153 224 0 2
154 224 0 1
155 224 0 1
156 224 0 1
157 224 0 1
158 224 0 1
159 224 0 1
160 224 0 1
31 225 0 2
32 225 0 2
33 225 0 2
34 225 0 2
35 225 0 2
36 225 0 2
37 225 0 2
38 225 0 1
39 225 0 1
40 225 0 1
41 225 0 1
42 225 0 1
43 225 0 1
44 225 0 1
45 225 0 1
81 225 0 1
82 225 0 1
83 225 0 1
84 225 0 1
85 225 0 1
86 225 0 1
87 225 0 1
88 225 0 1
89 225 0 1
90 225 0 1
91 225 0 1
92 225 0 1
93 225 0 1
94 225 0 1
95 225 0 1
149 225 0 2
150 225 0 2
151 225 0 2
152 225 0 2
153 225 0 2
154 225 0 1
155 225 0 1
156 225 0 1
157 225 0 1
158 225 0 1
159 225 0 1
32 226 0 2
33 226 0 2
34 226 0 1
35 226 0 1
36 226 0 1
37 226 0 1
38 226 0 1
39 226 0 1
40 226 0 1
41 226 0 1
42 226 0 1
43 226 0 1
81 226 0 1
82 226 0 1
83 226 0 1
84 226 0 1
85 226 0 1
86 226 0 1
87 226 0 1
88 226 0 1
89 226 0 1
90 226 0 1
91 226 0 1
92 226 0 1
93 226 0 1
94 226 0 1
95 226 0 1
150 226 0 2
151 226 0 2
152 226 0 2
153 226 0 1
154 226 0 1
155 226 0 1
156 226 0 1
157 226 0 1
158 226 0 1
33 227 0 1
34 227 0 1
35 227 0 1
36 227 0 1
37 227 0 1
38 227 0 1
40 227 0 1
41 227 0 1
42 227 0 1
81 227 0 1
82 227 0 1
83 227 0 1
84 227 0 1
85 227 0 1
86 227 0 1
87 227 0 1
88 227 0 1
89 227 0 1
90 227 0 1
91 227 0 1
92 227 0 1
93 227 0 1
94 227 0 1
95 227 0 1
34 228 0 1
35 228 0 1
36 228 0 1
37 228 0 1
81 228 0 1
82 228 0 1
83 228 0 1
84 228 0 1
85 228 0 1
86 228 0 1
87 228 0 1
88 228 0 1
89 228 0 1
90 228 0 1
91 228 0 1
92 228 0 1
93 228 0 1
94 228 0 1
95 228 0 1
81 229 0 1
82 229 0 1
83 229 0 1
84 229 0 1
85 229 0 1
86 229 0 1
87 229 0 1
88 229 0 1
89 229 0 1
90 229 0 1
91 229 0 1
92 229 0 1
93 229 0 1
94 229 0 1
95 229 0 1
82 230 0 1
83 230 0 1
84 230 0 1
85 230 0 1
86 230 0 1
87 230 0 1
88 230 0 1
89 230 0 1
90 230 0 1
91 230 0 1
92 230 0 1
93 230 0 1
94 230 0 1
82 231 0 1
83 231 0 1
84 231 0 1
85 231 0 1
86 231 0 1
87 231 0 1
88 231 0 1
89 231 0 1
90 231 0 1
91 231 0 1
92 231 0 1
93 231 0 1
94 231 0 1
83 232 0 1
84 232 0 1
85 232 0 1
86 232 0 1
87 232 0 1
88 232 0 1
89 232 0 1
90 232 0 1
91 232 0 1
92 232 0 1
93 232 0 1
85 233 0 1
86 233 0 1
87 233 0 1
88 233 0 1
89 233 0 1
90 233 0 1
91 233 0 1
190 233 0 1
191 233 0 1
192 233 0 1
193 233 0 1
194 233 0 1
195 233 0 1
196 233 0 1
197 233 0 1
189 234 0 1
190 234 0 1
191 234 0 1
192 234 0 1
193 234 0 1
194 234 0 1
195 234 0 1
196 234 0 1
197 234 0 1
198 234 0 1
55 235 0 1
56 235 0 1
57 235 0 1
58 235 0 1
59 235 0 1
60 235 0 1
61 235 0 1
188 235 0 1
189 235 0 1
190 235 0 1
191 235 0 1
192 235 0 1
193 235 0 1
194 235 0 1
195 235 0 1
196 235 0 1
197 235 0 1
198 235 0 1
199 235 0 1
53 236 0 1
54 236 0 1
55 236 0 1
56 236 0 1
57 236 0 1
58 236 0 1
59 236 0 1
60 236 0 1
61 236 0 1
62 236 0 1
63 236 0 1
187 236 0 1
188 236 0 1
189 236 0 1
190 236 0 1
191 236 0 1
192 236 0 1
193 236 0 1
194 236 0 1
195 236 0 1
196 236 0 2
197 236 0 2
198 236 0 2
199 236 0 2
200 236 0 2
52 237 0 1
53 237 0 1
54 237 0 1
55 237 0 1
56 237 0 1
57 237 0 1
58 237 0 1
59 237 0 1
60 237 0 1
61 237 0 1
62 237 0 1
63 237 0 1
64 237 0 1
124 237 0 1
125 237 0 1
126 237 0 1
127 237 0 1
128 237 0 1
129 237 0 1
130 237 0 1
131 237 0 1
187 237 0 1
188 237 0 2
189 237 0 2
190 237 0 2
191 237 0 2
192 237 0 2
193 237 0 2
194 237 0 2
195 237 0 2
196 237 0 2
197 237 0 2
198 237 0 2
199 237 0 2
200 237 0 2
52 238 0 1
53 238 0 1
54 238 0 1
55 238 0 1
56 238 0 1
57 238 0 1
58 238 0 1
59 238 0 1
60 238 0 1
61 238 0 1
62 238 0 1
63 238 0 1
64 238 0 1
123 238 0 1
124 238 0 1
125 238 0 1
126 238 0 1
127 238 0 1
128 238 0 1
129 238 0 1
130 238 0 1
131 238 0 1
132 238 0 1
187 238 0 2
188 238 0 2
189 238 0 2
190 238 0 2
191 238 0 2
192 238 0 2
193 238 0 2
194 238 0 2
195 238 0 2
196 238 0 2
197 238 0 2
198 238 0 2
199 238 0 2
200 238 0 2
51 239 0 1
52 239 0 1
53 239 0 1
54 239 0 1
55 239 0 1
56 239 0 1
57 239 0 1
58 239 0 1
59 239 0 1
60 239 0 1
61 239 0 1
62 239 0 1
63 239 0 1
64 239 0 1
65 239 0 1
122 239 0 1
123 239 0 1
124 239 0 1
125 239 0 1
126 239 0 2
127 239 0 2
128 239 0 1
129 239 0 1
130 239 0 1
131 239 0 1
132 239 0 1
133 239 0 1
134 239 0 1
135 239 0 1
136 239 0 1
187 239 0 2
188 239 0 2
189 239 0 2
190 239 0 2
191 239 0 2
192 239 0 2
193 239 0 2
194 239 0 2
195 239 0 2
196 239 0 2
197 239 0 2
198 239 0 2
199 239 0 2
200 239 0 2
51 240 0 1
52 240 0 1
53 240 0 1
54 240 0 1
55 240 0 1
56 240 0 1
57 240 0 1
58 240 0 1
59 240 0 1
60 240 0 1
61 240 0 1
62 240 0 1
63 240 0 1
64 240 0 1
65 240 0 1
122 240 0 2
123 240 0 2
124 240 0 2
125 240 0 2
126 240 0 2
127 240 0 2
128 240 0 1
129 240 0 1
130 240 0 1
131 240 0 1
132 240 0 1
133 240 0 1
134 240 0 1
135 240 0 1
136 240 0 1
187 240 0 2
188 240 0 2
189 240 0 2
190 240 0 2
191 240 0 2
192 240 0 2
193 240 0 2
194 240 0 2
195 240 0 2
196 240 0 2
197 240 0 2
198 240 0 2
199 240 0 2
200 240 0 2
51 241 0 1
52 241 0 1
53 241 0 1
54 241 0 1
55 241 0 1
56 241 0 1
57 241 0 1
58 241 0 1
59 241 0 1
60 241 0 1
61 241 0 1
62 241 0 1
63 241 0 1
64 241 0 1
65 241 0 1
122 241 0 2
123 241 0 2
124 241 0 2
125 241 0 2
126 241 0 2
127 241 0 2
128 241 0 2
129 241 0 2
130 241 0 2
131 241 0 2
132 241 0 2
133 241 0 2
134 241 0 1
135 241 0 1
136 241 0 1
187 241 0 2
188 241 0 2
189 241 0 2
190 241 0 2
191 241 0 2
192 241 0 2
193 241 0 2
194 241 0 2
195 241 0 2
196 241 0 2
197 241 0 2
198 241 0 2
199 241 0 2
200 241 0 2
51 242 0 1
52 242 0 1
53 242 0 1
54 242 0 1
55 242 0 1
56 242 0 1
57 242 0 1
58 242 0 1
59 242 0 1
60 242 0 1
61 242 0 1
62 242 0 1
63 242 0 1
64 242 0 1
65 242 0 1
122 242 0 2
123 242 0 2
124 242 0 2
125 242 0 2
126 242 0 2
127 242 0 2
128 242 0 2
129 242 0 2
130 242 0 2
131 242 0 2
132 242 0 2
133 242 0 2
134 242 0 2
135 242 0 2
136 242 0 2
187 242 0 2
188 242 0 2
189 242 0 2
190 242 0 2
191 242 0 2
192 242 0 2
193 242 0 2
194 242 0 2
195 242 0 2
196 242 0 2
197 242 0 2
198 242 0 2
199 242 0 2
200 242 0 2
51 243 0 1
52 243 0 1
53 243 0 1
54 243 0 1
55 243 0 1
56 243 0 1
57 243 0 1
58 243 0 1
59 243 0 1
60 243 0 1
61 243 0 1
62 243 0 1
63 243 0 1
64 243 0 1
65 243 0 1
122 243 0 2
123 243 0 2
124 243 0 2
125 243 0 2
126 243 0 2
127 243 0 2
128 243 0 2
129 243 0 2
130 243 0 2
131 243 0 2
132 243 0 2
133 243 0 2
134 243 0 2
135 243 0 2
136 243 0 2
188 243 0 2
189 243 0 2
190 243 0 2
191 243 0 2
192 243 0 2
193 243 0 2
194 243 0 2
195 243 0 2
196 243 0 2
197 243 0 2
198 243 0 2
199 243 0 2
51 244 0 1
52 244 0 1
53 244 0 1
54 244 0 1
55 244 0 1
56 244 0 1
57 244 0 1
58 244 0 1
59 244 0 1
60 244 0 1
61 244 0 1
62 244 0 1
63 244 0 1
64 244 0 1
65 244 0 1
122 244 0 2
123 244 0 2
124 244 0 2
125 244 0 2
126 244 0 2
127 244 0 2
128 244 0 2
129 244 0 2
130 244 0 2
131 244 0 2
132 244 0 2
133 244 0 2
134 244 0 2
135 244 0 2
136 244 0 2
189 244 0 2
190 244 0 2
191 244 0 2
192 244 0 2
193 244 0 1
194 244 0 1
195 244 0 1
196 244 0 1
197 244 0 1
198 244 0 1
52 245 0 1
53 245 0 1
54 245 0 1
55 245 0 1
56 245 0 1
57 245 0 1
58 245 0 1
59 245 0 1
60 245 0 1
61 245 0 1
62 245 0 1
63 245 0 1
64 245 0 1
122 245 0 2
123 245 0 2
124 245 0 2
125 245 0 2
126 245 0 2
127 245 0 2
128 245 0 2
129 245 0 2
130 245 0 2
131 245 0 2
132 245 0 2
133 245 0 2
134 245 0 2
135 245 0 2
136 245 0 2
190 245 0 1
191 245 0 1
192 245 0 1
193 245 0 1
194 245 0 1
195 245 0 1
196 245 0 1
197 245 0 1
52 246 0 1
53 246 0 1
54 246 0 1
55 246 0 1
56 246 0 1
57 246 0 1
58 246 0 1
59 246 0 1
60 246 0 1
61 246 0 1
62 246 0 1
63 246 0 1
64 246 0 1
122 246 0 1
123 246 0 1
124 246 0 1
125 246 0 1
126 246 0 1
127 246 0 2
128 246 0 2
129 246 0 2
130 246 0 2
131 246 0 2
132 246 0 2
133 246 0 2
134 246 0 2
135 246 0 2
136 246 0 2
53 247 0 1
54 247 0 1
55 247 0 1
56 247 0 1
57 247 0 1
58 247 0 1
59 247 0 1
60 247 0 1
61 247 0 1
62 247 0 1
63 247 0 1
123 247 0 1
124 247 0 1
125 247 0 1
126 247 0 1
127 247 0 1
128 247 0 1
129 247 0 1
130 247 0 1
131 247 0 1
132 247 0 1
133 247 0 1
134 247 0 2
135 247 0 2
55 248 0 1
56 248 0 1
57 248 0 1
58 248 0 1
59 248 0 1
60 248 0 1
61 248 0 1
124 248 0 1
125 248 0 1
126 248 0 1
127 248 0 1
128 248 0 1
129 248 0 1
130 248 0 1
131 248 0 1
132 248 0 1
133 248 0 1
134 248 0 1
127 249 0 1
128 249 0 1
129 249 0 1
130 249 0 1
131 249 0 1
132 249 0 1
