109 247 0 1
110 247 0 1
111 247 0 1
112 247 0 1
107 246 0 1
108 246 0 1
109 246 0 1
110 246 0 1
111 246 0 1
112 246 0 1
113 246 0 1
114 246 0 1
106 245 0 1
107 245 0 1
108 245 0 1
109 245 0 1
110 245 0 1
111 245 0 1
112 245 0 1
113 245 0 1
114 245 0 1
115 245 0 1
105 244 0 1
106 244 0 1
107 244 0 1
108 244 0 1
109 244 0 1
110 244 0 1
111 244 0 1
112 244 0 1
113 244 0 1
114 244 0 2
115 244 0 2
116 244 0 2
105 243 0 1
106 243 0 2
107 243 0 2
108 243 0 2
109 243 0 2
110 243 0 2
111 243 0 2
112 243 0 2
113 243 0 2
114 243 0 2
115 243 0 2
116 243 0 2
104 242 0 2
105 242 0 2
106 242 0 2
107 242 0 2
108 242 0 2
109 242 0 2
110 242 0 2
111 242 0 2
112 242 0 2
113 242 0 2
114 242 0 2
115 242 0 2
116 242 0 2
117 242 0 2
104 241 0 2
105 241 0 2
106 241 0 2
107 241 0 2
108 241 0 2
109 241 0 2
110 241 0 2
111 241 0 2
112 241 0 2
113 241 0 2
114 241 0 2
115 241 0 2
116 241 0 2
117 241 0 2
186 241 0 1
187 241 0 1
188 241 0 1
189 241 0 1
190 241 0 1
191 241 0 1
192 241 0 1
193 241 0 2
194 241 0 2
104 240 0 2
105 240 0 2
106 240 0 2
107 240 0 2
108 240 0 2
109 240 0 2
110 240 0 2
111 240 0 2
112 240 0 2
113 240 0 2
114 240 0 2
115 240 0 2
116 240 0 2
117 240 0 2
185 240 0 1
186 240 0 1
187 240 0 1
188 240 0 1
189 240 0 1
190 240 0 1
191 240 0 1
192 240 0 2
193 240 0 2
194 240 0 2
195 240 0 2
104 239 0 2
105 239 0 2
106 239 0 2
107 239 0 2
108 239 0 2
109 239 0 2
110 239 0 2
111 239 0 2
112 239 0 2
113 239 0 2
114 239 0 2
115 239 0 2
116 239 0 2
117 239 0 2
141 239 0 2
142 239 0 1
143 239 0 1
144 239 0 1
145 239 0 1
146 239 0 1
147 239 0 1
148 239 0 1
149 239 0 1
150 239 0 1
184 239 0 1
185 239 0 1
186 239 0 1
187 239 0 1
188 239 0 2
189 239 0 2
190 239 0 2
191 239 0 2
192 239 0 2
193 239 0 2
194 239 0 2
195 239 0 2
196 239 0 2
105 238 0 2
106 238 0 2
107 238 0 2
108 238 0 2
109 238 0 2
110 238 0 2
111 238 0 2
112 238 0 2
113 238 0 2
114 238 0 2
115 238 0 2
116 238 0 2
140 238 0 2
141 238 0 2
142 238 0 2
143 238 0 1
144 238 0 1
145 238 0 1
146 238 0 1
147 238 0 1
148 238 0 1
149 238 0 1
150 238 0 1
151 238 0 1
184 238 0 1
185 238 0 1
186 238 0 1
187 238 0 1
188 238 0 2
189 238 0 2
190 238 0 2
191 238 0 2
192 238 0 2
193 238 0 2
194 238 0 2
195 238 0 2
196 238 0 2
231 238 0 1
232 238 0 1
233 238 0 1
234 238 0 1
235 238 0 1
236 238 0 1
237 238 0 1
105 237 0 2
106 237 0 2
107 237 0 2
108 237 0 2
109 237 0 2
110 237 0 2
111 237 0 2
112 237 0 2
113 237 0 2
114 237 0 2
115 237 0 2
116 237 0 2
139 237 0 2
140 237 0 2
141 237 0 2
142 237 0 2
143 237 0 2
144 237 0 2
145 237 0 1
146 237 0 1
147 237 0 1
148 237 0 1
149 237 0 1
150 237 0 1
151 237 0 1
152 237 0 1
184 237 0 1
185 237 0 1
186 237 0 2
187 237 0 2
188 237 0 2
189 237 0 2
190 237 0 2
191 237 0 2
192 237 0 2
193 237 0 2
194 237 0 2
195 237 0 2
196 237 0 2
231 237 0 2
232 237 0 2
233 237 0 1
234 237 0 1
235 237 0 1
236 237 0 1
237 237 0 1
238 237 0 1
239 237 0 1
240 237 0 1
241 237 0 1
242 237 0 1
106 236 0 2
107 236 0 1
108 236 0 1
109 236 0 1
110 236 0 1
111 236 0 1
112 236 0 1
113 236 0 1
114 236 0 1
115 236 0 1
139 236 0 2
140 236 0 2
141 236 0 2
142 236 0 2
143 236 0 2
144 236 0 2
145 236 0 2
146 236 0 2
147 236 0 2
148 236 0 1
149 236 0 1
150 236 0 1
151 236 0 1
152 236 0 1
153 236 0 1
184 236 0 2
185 236 0 2
186 236 0 2
187 236 0 2
188 236 0 2
189 236 0 2
190 236 0 2
191 236 0 2
192 236 0 2
193 236 0 2
194 236 0 2
195 236 0 2
196 236 0 1
231 236 0 2
232 236 0 2
233 236 0 2
234 236 0 2
235 236 0 1
236 236 0 1
237 236 0 1
238 236 0 1
239 236 0 1
240 236 0 1
241 236 0 1
242 236 0 1
243 236 0 1
107 235 0 1
108 235 0 1
109 235 0 1
110 235 0 1
111 235 0 1
112 235 0 1
113 235 0 1
114 235 0 1
139 235 0 2
140 235 0 2
141 235 0 2
142 235 0 2
143 235 0 2
144 235 0 2
145 235 0 2
146 235 0 2
147 235 0 2
148 235 0 2
149 235 0 1
150 235 0 1
151 235 0 1
152 235 0 1
153 235 0 1
184 235 0 2
185 235 0 2
186 235 0 2
187 235 0 2
188 235 0 2
189 235 0 2
190 235 0 2
191 235 0 2
192 235 0 2
193 235 0 2
194 235 0 2
195 235 0 1
196 235 0 1
231 235 0 2
232 235 0 2
233 235 0 2
234 235 0 2
235 235 0 2
236 235 0 2
237 235 0 2
238 235 0 2
239 235 0 2
240 235 0 2
241 235 0 2
242 235 0 2
243 235 0 2
109 234 0 1
110 234 0 1
111 234 0 1
112 234 0 1
139 234 0 2
140 234 0 2
141 234 0 2
142 234 0 2
143 234 0 2
144 234 0 2
145 234 0 2
146 234 0 2
147 234 0 2
148 234 0 2
149 234 0 2
150 234 0 1
151 234 0 1
152 234 0 1
153 234 0 1
184 234 0 2
185 234 0 2
186 234 0 2
187 234 0 2
188 234 0 2
189 234 0 2
190 234 0 2
191 234 0 2
192 234 0 2
193 234 0 1
194 234 0 1
195 234 0 1
196 234 0 1
231 234 0 2
232 234 0 2
233 234 0 2
234 234 0 2
235 234 0 2
236 234 0 2
237 234 0 2
238 234 0 2
239 234 0 2
240 234 0 2
241 234 0 2
242 234 0 2
243 234 0 2
244 234 0 2
68 233 0 1
69 233 0 1
70 233 0 1
71 233 0 1
72 233 0 2
73 233 0 2
139 233 0 2
140 233 0 2
141 233 0 2
142 233 0 2
143 233 0 2
144 233 0 2
145 233 0 2
146 233 0 2
147 233 0 2
148 233 0 2
149 233 0 2
150 233 0 2
151 233 0 2
152 233 0 2
153 233 0 1
184 233 0 2
185 233 0 2
186 233 0 2
187 233 0 2
188 233 0 2
189 233 0 2
190 233 0 2
191 233 0 2
192 233 0 1
193 233 0 1
194 233 0 1
195 233 0 1
196 233 0 1
231 233 0 2
232 233 0 2
233 233 0 2
234 233 0 2
235 233 0 2
236 233 0 2
237 233 0 2
238 233 0 2
239 233 0 2
240 233 0 2
241 233 0 2
242 233 0 2
243 233 0 2
244 233 0 2
67 232 0 1
68 232 0 1
69 232 0 1
70 232 0 1
71 232 0 1
72 232 0 2
73 232 0 2
74 232 0 2
139 232 0 2
140 232 0 2
141 232 0 2
142 232 0 2
143 232 0 2
144 232 0 2
145 232 0 2
146 232 0 2
147 232 0 2
148 232 0 2
149 232 0 2
150 232 0 2
151 232 0 2
152 232 0 2
153 232 0 2
184 232 0 2
185 232 0 2
186 232 0 2
187 232 0 2
188 232 0 2
189 232 0 2
190 232 0 1
191 232 0 1
192 232 0 1
193 232 0 1
194 232 0 1
195 232 0 1
196 232 0 1
231 232 0 2
232 232 0 2
233 232 0 2
234 232 0 2
235 232 0 2
236 232 0 2
237 232 0 2
238 232 0 2
239 232 0 2
240 232 0 2
241 232 0 2
242 232 0 2
243 232 0 2
244 232 0 2
66 231 0 1
67 231 0 1
68 231 0 1
69 231 0 2
70 231 0 2
71 231 0 2
72 231 0 2
73 231 0 2
74 231 0 2
75 231 0 2
139 231 0 1
140 231 0 2
141 231 0 2
142 231 0 2
143 231 0 2
144 231 0 2
145 231 0 2
146 231 0 2
147 231 0 2
148 231 0 2
149 231 0 2
150 231 0 2
151 231 0 2
152 231 0 2
153 231 0 2
185 231 0 2
186 231 0 2
187 231 0 2
188 231 0 1
189 231 0 1
190 231 0 1
191 231 0 1
192 231 0 1
193 231 0 1
194 231 0 1
195 231 0 1
231 231 0 2
232 231 0 2
233 231 0 2
234 231 0 2
235 231 0 2
236 231 0 2
237 231 0 2
238 231 0 2
239 231 0 2
240 231 0 2
241 231 0 2
242 231 0 2
243 231 0 2
244 231 0 2
66 230 0 1
67 230 0 2
68 230 0 2
69 230 0 2
70 230 0 2
71 230 0 2
72 230 0 2
73 230 0 2
74 230 0 2
75 230 0 2
139 230 0 1
140 230 0 1
141 230 0 2
142 230 0 2
143 230 0 2
144 230 0 2
145 230 0 2
146 230 0 2
147 230 0 2
148 230 0 2
149 230 0 2
150 230 0 2
151 230 0 2
152 230 0 2
153 230 0 2
186 230 0 2
187 230 0 1
188 230 0 1
189 230 0 1
190 230 0 1
191 230 0 1
192 230 0 1
193 230 0 1
194 230 0 1
231 230 0 2
232 230 0 2
233 230 0 2
234 230 0 2
235 230 0 2
236 230 0 2
237 230 0 2
238 230 0 2
239 230 0 2
240 230 0 2
241 230 0 2
242 230 0 2
243 230 0 2
244 230 0 2
66 229 0 2
67 229 0 2
68 229 0 2
69 229 0 2
70 229 0 2
71 229 0 2
72 229 0 2
73 229 0 2
74 229 0 2
75 229 0 2
76 229 0 2
139 229 0 1
140 229 0 1
141 229 0 1
142 229 0 1
143 229 0 1
144 229 0 2
145 229 0 2
146 229 0 2
147 229 0 2
148 229 0 2
149 229 0 2
150 229 0 2
151 229 0 2
152 229 0 2
153 229 0 2
231 229 0 2
232 229 0 2
233 229 0 2
234 229 0 2
235 229 0 2
236 229 0 2
237 229 0 2
238 229 0 2
239 229 0 2
240 229 0 2
241 229 0 2
242 229 0 2
243 229 0 2
244 229 0 2
66 228 0 2
67 228 0 2
68 228 0 2
69 228 0 2
70 228 0 2
71 228 0 2
72 228 0 2
73 228 0 2
74 228 0 2
75 228 0 2
76 228 0 2
140 228 0 1
141 228 0 1
142 228 0 1
143 228 0 1
144 228 0 1
145 228 0 1
146 228 0 1
147 228 0 1
148 228 0 2
149 228 0 2
150 228 0 2
151 228 0 2
152 228 0 2
153 228 0 2
231 228 0 1
232 228 0 2
233 228 0 2
234 228 0 2
235 228 0 2
236 228 0 2
237 228 0 2
238 228 0 2
239 228 0 2
240 228 0 2
241 228 0 2
242 228 0 2
243 228 0 2
244 228 0 2
66 227 0 2
67 227 0 2
68 227 0 2
69 227 0 2
70 227 0 2
71 227 0 2
72 227 0 2
73 227 0 2
74 227 0 2
75 227 0 2
76 227 0 2
141 227 0 1
142 227 0 1
143 227 0 1
144 227 0 1
145 227 0 1
146 227 0 1
147 227 0 1
148 227 0 1
149 227 0 1
150 227 0 2
151 227 0 2
152 227 0 2
231 227 0 1
232 227 0 1
233 227 0 1
234 227 0 2
235 227 0 1
236 227 0 2
237 227 0 2
238 227 0 2
239 227 0 2
240 227 0 2
241 227 0 2
242 227 0 1
243 227 0 1
244 227 0 1
66 226 0 2
67 226 0 2
68 226 0 2
69 226 0 2
70 226 0 2
71 226 0 2
72 226 0 2
73 226 0 2
74 226 0 2
75 226 0 2
76 226 0 2
142 226 0 1
143 226 0 1
144 226 0 1
145 226 0 1
146 226 0 1
147 226 0 1
148 226 0 1
149 226 0 1
150 226 0 1
151 226 0 2
231 226 0 1
232 226 0 1
233 226 0 1
234 226 0 1
235 226 0 1
236 226 0 1
237 226 0 1
238 226 0 1
239 226 0 1
240 226 0 1
241 226 0 1
242 226 0 1
243 226 0 1
66 225 0 2
67 225 0 2
68 225 0 2
69 225 0 2
70 225 0 2
71 225 0 2
72 225 0 2
73 225 0 2
74 225 0 2
75 225 0 2
76 225 0 2
234 225 0 1
235 225 0 1
236 225 0 1
237 225 0 1
238 225 0 1
239 225 0 1
240 225 0 1
241 225 0 1
66 224 0 2
67 224 0 2
68 224 0 2
69 224 0 2
70 224 0 2
71 224 0 2
72 224 0 2
73 224 0 2
74 224 0 2
75 224 0 2
76 224 0 2
66 223 0 2
67 223 0 2
68 223 0 2
69 223 0 2
70 223 0 2
71 223 0 2
72 223 0 2
73 223 0 2
74 223 0 2
75 223 0 2
66 222 0 1
67 222 0 1
68 222 0 1
69 222 0 1
70 222 0 1
71 222 0 2
72 222 0 2
73 222 0 2
74 222 0 2
75 222 0 2
109 222 0 1
110 222 0 1
66 221 0 1
67 221 0 1
68 221 0 1
69 221 0 1
70 221 0 1
71 221 0 1
72 221 0 1
73 221 0 2
74 221 0 2
108 221 0 1
109 221 0 1
110 221 0 1
111 221 0 1
112 221 0 1
107 220 0 2
108 220 0 2
109 220 0 1
110 220 0 1
111 220 0 1
112 220 0 1
113 220 0 1
106 219 0 2
107 219 0 2
108 219 0 2
109 219 0 2
110 219 0 1
111 219 0 1
112 219 0 1
113 219 0 1
114 219 0 1
106 218 0 2
107 218 0 2
108 218 0 2
109 218 0 2
110 218 0 2
111 218 0 2
112 218 0 2
113 218 0 2
114 218 0 2
115 218 0 2
39 217 0 1
40 217 0 1
41 217 0 1
42 217 0 1
43 217 0 2
44 217 0 2
45 217 0 2
106 217 0 2
107 217 0 2
108 217 0 2
109 217 0 2
110 217 0 2
111 217 0 2
112 217 0 2
113 217 0 2
114 217 0 2
115 217 0 2
39 216 0 1
40 216 0 1
41 216 0 1
42 216 0 2
43 216 0 2
44 216 0 2
45 216 0 2
46 216 0 2
106 216 0 2
107 216 0 2
108 216 0 2
109 216 0 2
110 216 0 2
111 216 0 2
112 216 0 2
113 216 0 2
114 216 0 2
115 216 0 2
139 216 0 1
140 216 0 1
141 216 0 1
142 216 0 1
143 216 0 1
144 216 0 1
145 216 0 1
146 216 0 1
147 216 0 1
167 216 0 1
168 216 0 1
169 216 0 1
170 216 0 1
171 216 0 1
39 215 0 2
40 215 0 2
41 215 0 2
42 215 0 2
43 215 0 2
44 215 0 2
45 215 0 2
46 215 0 2
47 215 0 2
106 215 0 2
107 215 0 2
108 215 0 2
109 215 0 2
110 215 0 2
111 215 0 2
112 215 0 2
113 215 0 2
114 215 0 2
115 215 0 2
138 215 0 1
139 215 0 1
140 215 0 1
141 215 0 1
142 215 0 1
143 215 0 1
144 215 0 1
145 215 0 1
146 215 0 1
147 215 0 1
148 215 0 1
149 215 0 1
165 215 0 1
166 215 0 1
167 215 0 1
168 215 0 1
169 215 0 1
170 215 0 1
171 215 0 1
172 215 0 1
173 215 0 1
39 214 0 2
40 214 0 2
41 214 0 2
42 214 0 2
43 214 0 2
44 214 0 2
45 214 0 2
46 214 0 2
47 214 0 2
106 214 0 2
107 214 0 2
108 214 0 2
109 214 0 2
110 214 0 2
111 214 0 2
112 214 0 2
113 214 0 2
114 214 0 2
115 214 0 2
138 214 0 1
139 214 0 1
140 214 0 1
141 214 0 1
142 214 0 1
143 214 0 1
144 214 0 1
145 214 0 1
146 214 0 1
147 214 0 1
148 214 0 1
149 214 0 1
150 214 0 1
164 214 0 1
165 214 0 1
166 214 0 1
167 214 0 1
168 214 0 1
169 214 0 1
170 214 0 1
171 214 0 1
172 214 0 1
173 214 0 1
174 214 0 1
194 214 0 1
195 214 0 1
196 214 0 1
197 214 0 1
198 214 0 1
199 214 0 1
200 214 0 1
201 214 0 1
39 213 0 2
40 213 0 2
41 213 0 2
42 213 0 2
43 213 0 2
44 213 0 2
45 213 0 2
46 213 0 2
47 213 0 2
48 213 0 2
106 213 0 2
107 213 0 2
108 213 0 2
109 213 0 2
110 213 0 2
111 213 0 2
112 213 0 2
113 213 0 2
114 213 0 2
115 213 0 2
138 213 0 2
139 213 0 2
140 213 0 2
141 213 0 2
142 213 0 2
143 213 0 2
144 213 0 2
145 213 0 2
146 213 0 1
147 213 0 1
148 213 0 1
149 213 0 1
150 213 0 1
151 213 0 1
164 213 0 1
165 213 0 1
166 213 0 1
167 213 0 1
168 213 0 1
169 213 0 1
170 213 0 1
171 213 0 1
172 213 0 1
173 213 0 1
174 213 0 1
193 213 0 1
194 213 0 1
195 213 0 1
196 213 0 1
197 213 0 1
198 213 0 1
199 213 0 1
200 213 0 1
201 213 0 1
202 213 0 1
203 213 0 1
39 212 0 2
40 212 0 2
41 212 0 2
42 212 0 2
43 212 0 2
44 212 0 2
45 212 0 2
46 212 0 2
47 212 0 2
48 212 0 1
106 212 0 1
107 212 0 2
108 212 0 2
109 212 0 2
110 212 0 2
111 212 0 2
112 212 0 2
113 212 0 2
114 212 0 2
115 212 0 2
138 212 0 2
139 212 0 2
140 212 0 2
141 212 0 2
142 212 0 2
143 212 0 2
144 212 0 2
145 212 0 2
146 212 0 2
147 212 0 2
148 212 0 1
149 212 0 1
150 212 0 1
151 212 0 1
163 212 0 1
164 212 0 1
165 212 0 1
166 212 0 1
167 212 0 1
168 212 0 1
169 212 0 1
170 212 0 1
171 212 0 1
172 212 0 1
173 212 0 1
174 212 0 1
175 212 0 1
192 212 0 1
193 212 0 1
194 212 0 2
195 212 0 2
196 212 0 2
197 212 0 2
198 212 0 2
199 212 0 2
200 212 0 2
201 212 0 2
202 212 0 1
203 212 0 1
204 212 0 1
39 211 0 2
40 211 0 2
41 211 0 2
42 211 0 2
43 211 0 2
44 211 0 2
45 211 0 2
46 211 0 1
47 211 0 1
48 211 0 1
106 211 0 1
107 211 0 1
108 211 0 1
109 211 0 1
110 211 0 1
111 211 0 1
112 211 0 2
113 211 0 2
114 211 0 2
115 211 0 2
138 211 0 2
139 211 0 2
140 211 0 2
141 211 0 2
142 211 0 2
143 211 0 2
144 211 0 2
145 211 0 2
146 211 0 2
147 211 0 2
148 211 0 2
149 211 0 2
150 211 0 1
151 211 0 1
152 211 0 1
163 211 0 1
164 211 0 1
165 211 0 1
166 211 0 1
167 211 0 1
168 211 0 1
169 211 0 1
170 211 0 1
171 211 0 1
172 211 0 1
173 211 0 1
174 211 0 1
175 211 0 1
192 211 0 2
193 211 0 2
194 211 0 2
195 211 0 2
196 211 0 2
197 211 0 2
198 211 0 2
199 211 0 2
200 211 0 2
201 211 0 2
202 211 0 2
203 211 0 2
204 211 0 2
205 211 0 2
39 210 0 2
40 210 0 2
41 210 0 2
42 210 0 2
43 210 0 2
44 210 0 1
45 210 0 1
46 210 0 1
47 210 0 1
48 210 0 1
107 210 0 1
108 210 0 1
109 210 0 1
110 210 0 1
111 210 0 1
112 210 0 1
113 210 0 1
114 210 0 1
115 210 0 1
138 210 0 2
139 210 0 2
140 210 0 2
141 210 0 2
142 210 0 2
143 210 0 2
144 210 0 2
145 210 0 2
146 210 0 2
147 210 0 2
148 210 0 2
149 210 0 2
150 210 0 2
151 210 0 1
152 210 0 1
163 210 0 1
164 210 0 1
165 210 0 1
166 210 0 1
167 210 0 1
168 210 0 1
169 210 0 1
170 210 0 1
171 210 0 1
172 210 0 1
173 210 0 1
174 210 0 1
175 210 0 1
192 210 0 2
193 210 0 2
194 210 0 2
195 210 0 2
196 210 0 2
197 210 0 2
198 210 0 2
199 210 0 2
200 210 0 2
201 210 0 2
202 210 0 2
203 210 0 2
204 210 0 2
205 210 0 2
40 209 0 2
41 209 0 2
42 209 0 2
43 209 0 1
44 209 0 1
45 209 0 1
46 209 0 1
47 209 0 1
111 209 0 1
112 209 0 1
113 209 0 1
114 209 0 1
138 209 0 2
139 209 0 2
140 209 0 2
141 209 0 2
142 209 0 2
143 209 0 2
144 209 0 2
145 209 0 2
146 209 0 2
147 209 0 2
148 209 0 2
149 209 0 2
150 209 0 2
151 209 0 2
152 209 0 1
163 209 0 1
164 209 0 1
165 209 0 1
166 209 0 1
167 209 0 1
168 209 0 1
169 209 0 1
170 209 0 1
171 209 0 1
172 209 0 1
173 209 0 1
174 209 0 1
175 209 0 1
192 209 0 2
193 209 0 2
194 209 0 2
195 209 0 2
196 209 0 2
197 209 0 2
198 209 0 2
199 209 0 2
200 209 0 2
201 209 0 2
202 209 0 2
203 209 0 2
204 209 0 2
205 209 0 2
41 208 0 2
42 208 0 1
43 208 0 1
44 208 0 1
45 208 0 1
138 208 0 2
139 208 0 2
140 208 0 2
141 208 0 2
142 208 0 2
143 208 0 2
144 208 0 2
145 208 0 2
146 208 0 2
147 208 0 2
148 208 0 2
149 208 0 2
150 208 0 2
151 208 0 2
152 208 0 2
164 208 0 1
165 208 0 1
166 208 0 1
167 208 0 1
168 208 0 1
169 208 0 1
170 208 0 1
171 208 0 1
172 208 0 1
173 208 0 1
174 208 0 1
192 208 0 2
193 208 0 2
194 208 0 2
195 208 0 2
196 208 0 2
197 208 0 2
198 208 0 2
199 208 0 2
200 208 0 2
201 208 0 2
202 208 0 2
203 208 0 2
204 208 0 2
205 208 0 2
229 208 0 1
230 208 0 1
231 208 0 1
232 208 0 1
233 208 0 1
234 208 0 1
235 208 0 1
236 208 0 1
237 208 0 1
138 207 0 2
139 207 0 2
140 207 0 2
141 207 0 2
142 207 0 2
143 207 0 2
144 207 0 2
145 207 0 2
146 207 0 2
147 207 0 2
148 207 0 2
149 207 0 2
150 207 0 2
151 207 0 2
152 207 0 2
164 207 0 1
165 207 0 1
166 207 0 1
167 207 0 1
168 207 0 1
169 207 0 1
170 207 0 1
171 207 0 1
172 207 0 1
173 207 0 1
174 207 0 1
192 207 0 2
193 207 0 2
194 207 0 2
195 207 0 2
196 207 0 2
197 207 0 2
198 207 0 2
199 207 0 2
200 207 0 2
201 207 0 2
202 207 0 2
203 207 0 2
204 207 0 2
205 207 0 2
228 207 0 1
229 207 0 1
230 207 0 1
231 207 0 1
232 207 0 1
233 207 0 1
234 207 0 1
235 207 0 1
236 207 0 1
237 207 0 1
238 207 0 1
239 207 0 1
240 207 0 1
241 207 0 1
138 206 0 1
139 206 0 1
140 206 0 1
141 206 0 2
142 206 0 2
143 206 0 2
144 206 0 2
145 206 0 2
146 206 0 2
147 206 0 2
148 206 0 2
149 206 0 2
150 206 0 2
151 206 0 2
152 206 0 2
165 206 0 1
166 206 0 1
167 206 0 1
168 206 0 1
169 206 0 1
170 206 0 1
171 206 0 1
172 206 0 1
173 206 0 1
192 206 0 2
193 206 0 2
194 206 0 2
195 206 0 2
196 206 0 2
197 206 0 2
198 206 0 2
199 206 0 2
200 206 0 2
201 206 0 2
202 206 0 2
203 206 0 2
204 206 0 2
205 206 0 2
227 206 0 2
228 206 0 2
229 206 0 2
230 206 0 2
231 206 0 2
232 206 0 2
233 206 0 1
234 206 0 1
235 206 0 1
236 206 0 1
237 206 0 1
238 206 0 1
239 206 0 1
240 206 0 1
241 206 0 1
138 205 0 1
139 205 0 1
140 205 0 1
141 205 0 1
142 205 0 1
143 205 0 1
144 205 0 2
145 205 0 2
146 205 0 2
147 205 0 2
148 205 0 2
149 205 0 2
150 205 0 2
151 205 0 2
152 205 0 2
167 205 0 1
168 205 0 1
169 205 0 1
170 205 0 1
171 205 0 1
192 205 0 2
193 205 0 2
194 205 0 2
195 205 0 2
196 205 0 2
197 205 0 2
198 205 0 2
199 205 0 2
200 205 0 2
201 205 0 2
202 205 0 2
203 205 0 2
204 205 0 2
205 205 0 2
227 205 0 2
228 205 0 2
229 205 0 2
230 205 0 2
231 205 0 2
232 205 0 2
233 205 0 2
234 205 0 2
235 205 0 2
236 205 0 1
237 205 0 1
238 205 0 1
239 205 0 1
240 205 0 1
241 205 0 1
12 204 0 1
13 204 0 1
14 204 0 1
15 204 0 1
16 204 0 1
17 204 0 1
138 204 0 1
139 204 0 1
140 204 0 1
141 204 0 1
142 204 0 1
143 204 0 1
144 204 0 1
145 204 0 1
146 204 0 1
147 204 0 1
148 204 0 1
149 204 0 1
150 204 0 2
151 204 0 2
152 204 0 2
192 204 0 2
193 204 0 2
194 204 0 2
195 204 0 2
196 204 0 2
197 204 0 2
198 204 0 2
199 204 0 2
200 204 0 2
201 204 0 2
202 204 0 2
203 204 0 2
204 204 0 2
205 204 0 2
227 204 0 2
228 204 0 2
229 204 0 2
230 204 0 2
231 204 0 2
232 204 0 2
233 204 0 2
234 204 0 2
235 204 0 2
236 204 0 2
237 204 0 2
238 204 0 1
239 204 0 1
240 204 0 1
241 204 0 1
11 203 0 1
12 203 0 1
13 203 0 1
14 203 0 1
15 203 0 1
16 203 0 1
17 203 0 1
18 203 0 1
142 203 0 1
143 203 0 1
144 203 0 1
145 203 0 1
146 203 0 1
147 203 0 1
148 203 0 1
149 203 0 1
150 203 0 1
151 203 0 2
193 203 0 2
194 203 0 2
195 203 0 2
196 203 0 1
197 203 0 1
198 203 0 1
199 203 0 1
200 203 0 1
201 203 0 1
202 203 0 1
203 203 0 1
204 203 0 1
227 203 0 2
228 203 0 2
229 203 0 2
230 203 0 2
231 203 0 2
232 203 0 2
233 203 0 2
234 203 0 2
235 203 0 2
236 203 0 2
237 203 0 2
238 203 0 2
239 203 0 2
240 203 0 2
241 203 0 2
10 202 0 1
11 202 0 1
12 202 0 1
13 202 0 1
14 202 0 1
15 202 0 1
16 202 0 1
17 202 0 1
18 202 0 1
19 202 0 1
144 202 0 1
145 202 0 1
146 202 0 1
147 202 0 1
148 202 0 1
149 202 0 1
150 202 0 1
194 202 0 1
195 202 0 1
196 202 0 1
197 202 0 1
198 202 0 1
199 202 0 1
200 202 0 1
201 202 0 1
202 202 0 1
203 202 0 1
227 202 0 2
228 202 0 2
229 202 0 2
230 202 0 2
231 202 0 2
232 202 0 2
233 202 0 2
234 202 0 2
235 202 0 2
236 202 0 2
237 202 0 2
238 202 0 2
239 202 0 2
240 202 0 2
241 202 0 2
9 201 0 1
10 201 0 1
11 201 0 1
12 201 0 1
13 201 0 1
14 201 0 1
15 201 0 1
16 201 0 1
17 201 0 1
18 201 0 1
19 201 0 1
20 201 0 1
62 201 0 1
63 201 0 1
64 201 0 1
65 201 0 1
66 201 0 1
67 201 0 1
227 201 0 2
228 201 0 2
229 201 0 2
230 201 0 2
231 201 0 2
232 201 0 2
233 201 0 2
234 201 0 2
235 201 0 2
236 201 0 2
237 201 0 2
238 201 0 2
239 201 0 2
240 201 0 2
241 201 0 2
9 200 0 1
10 200 0 1
11 200 0 1
12 200 0 1
13 200 0 1
14 200 0 1
15 200 0 1
16 200 0 1
17 200 0 1
18 200 0 1
19 200 0 1
20 200 0 1
61 200 0 1
62 200 0 1
63 200 0 1
64 200 0 1
65 200 0 1
66 200 0 1
67 200 0 1
68 200 0 1
227 200 0 2
228 200 0 2
229 200 0 2
230 200 0 2
231 200 0 2
232 200 0 2
233 200 0 2
234 200 0 2
235 200 0 2
236 200 0 2
237 200 0 2
238 200 0 2
239 200 0 2
240 200 0 2
241 200 0 2
9 199 0 1
10 199 0 1
11 199 0 1
12 199 0 1
13 199 0 1
14 199 0 1
15 199 0 1
16 199 0 1
17 199 0 1
18 199 0 1
19 199 0 1
20 199 0 1
60 199 0 2
61 199 0 2
62 199 0 2
63 199 0 1
64 199 0 1
65 199 0 1
66 199 0 2
67 199 0 1
68 199 0 1
69 199 0 1
227 199 0 1
228 199 0 1
229 199 0 1
230 199 0 2
231 199 0 2
232 199 0 2
233 199 0 2
234 199 0 2
235 199 0 2
236 199 0 2
237 199 0 2
238 199 0 2
239 199 0 2
240 199 0 2
241 199 0 2
9 198 0 1
10 198 0 1
11 198 0 1
12 198 0 1
13 198 0 1
14 198 0 1
15 198 0 1
16 198 0 1
17 198 0 1
18 198 0 1
19 198 0 1
20 198 0 1
59 198 0 2
60 198 0 2
61 198 0 2
62 198 0 2
63 198 0 2
64 198 0 2
65 198 0 2
66 198 0 2
67 198 0 2
68 198 0 2
69 198 0 2
70 198 0 2
227 198 0 1
228 198 0 1
229 198 0 1
230 198 0 1
231 198 0 2
232 198 0 2
233 198 0 2
234 198 0 2
235 198 0 2
236 198 0 2
237 198 0 2
238 198 0 2
239 198 0 2
240 198 0 2
241 198 0 2
9 197 0 1
10 197 0 1
11 197 0 1
12 197 0 1
13 197 0 1
14 197 0 1
15 197 0 1
16 197 0 1
17 197 0 1
18 197 0 1
19 197 0 1
20 197 0 1
59 197 0 2
60 197 0 2
61 197 0 2
62 197 0 2
63 197 0 2
64 197 0 2
65 197 0 2
66 197 0 2
67 197 0 2
68 197 0 2
69 197 0 2
70 197 0 2
71 197 0 2
228 197 0 1
229 197 0 1
230 197 0 1
231 197 0 1
232 197 0 1
233 197 0 1
234 197 0 1
235 197 0 2
236 197 0 2
237 197 0 1
238 197 0 2
239 197 0 2
240 197 0 2
9 196 0 1
10 196 0 1
11 196 0 1
12 196 0 1
13 196 0 1
14 196 0 1
15 196 0 1
16 196 0 1
17 196 0 1
18 196 0 1
19 196 0 1
20 196 0 1
59 196 0 2
60 196 0 2
61 196 0 2
62 196 0 2
63 196 0 2
64 196 0 2
65 196 0 2
66 196 0 2
67 196 0 2
68 196 0 2
69 196 0 2
70 196 0 2
71 196 0 2
229 196 0 1
230 196 0 1
231 196 0 1
232 196 0 1
233 196 0 1
234 196 0 1
235 196 0 1
236 196 0 1
237 196 0 1
238 196 0 1
239 196 0 1
10 195 0 1
11 195 0 1
12 195 0 1
13 195 0 1
14 195 0 1
15 195 0 1
16 195 0 1
17 195 0 1
18 195 0 1
19 195 0 1
59 195 0 2
60 195 0 2
61 195 0 2
62 195 0 2
63 195 0 2
64 195 0 2
65 195 0 2
66 195 0 2
67 195 0 2
68 195 0 2
69 195 0 2
70 195 0 2
71 195 0 2
11 194 0 1
12 194 0 1
13 194 0 1
14 194 0 1
15 194 0 1
16 194 0 1
17 194 0 1
18 194 0 1
59 194 0 2
60 194 0 2
61 194 0 2
62 194 0 2
63 194 0 2
64 194 0 2
65 194 0 2
66 194 0 2
67 194 0 2
68 194 0 2
69 194 0 2
70 194 0 2
71 194 0 2
138 194 0 1
139 194 0 1
140 194 0 1
141 194 0 1
142 194 0 1
143 194 0 1
144 194 0 1
145 194 0 1
12 193 0 1
13 193 0 1
14 193 0 1
15 193 0 1
16 193 0 1
17 193 0 1
60 193 0 2
61 193 0 2
62 193 0 2
63 193 0 2
64 193 0 2
65 193 0 2
66 193 0 2
67 193 0 2
68 193 0 2
69 193 0 2
70 193 0 2
71 193 0 2
135 193 0 1
136 193 0 1
137 193 0 1
138 193 0 1
139 193 0 1
140 193 0 1
141 193 0 1
142 193 0 1
143 193 0 2
144 193 0 2
145 193 0 2
146 193 0 2
61 192 0 1
62 192 0 1
63 192 0 1
64 192 0 2
65 192 0 2
66 192 0 2
67 192 0 2
68 192 0 2
69 192 0 2
70 192 0 2
134 192 0 1
135 192 0 1
136 192 0 1
137 192 0 1
138 192 0 1
139 192 0 2
140 192 0 2
141 192 0 2
142 192 0 2
143 192 0 2
144 192 0 2
145 192 0 2
146 192 0 2
147 192 0 2
62 191 0 1
63 191 0 1
64 191 0 1
65 191 0 1
66 191 0 1
67 191 0 1
68 191 0 1
69 191 0 1
134 191 0 1
135 191 0 1
136 191 0 2
137 191 0 2
138 191 0 2
139 191 0 2
140 191 0 2
141 191 0 2
142 191 0 2
143 191 0 2
144 191 0 2
145 191 0 2
146 191 0 2
147 191 0 2
63 190 0 1
64 190 0 1
65 190 0 1
66 190 0 1
67 190 0 1
68 190 0 1
134 190 0 2
135 190 0 2
136 190 0 2
137 190 0 2
138 190 0 2
139 190 0 2
140 190 0 2
141 190 0 2
142 190 0 2
143 190 0 2
144 190 0 2
145 190 0 2
146 190 0 2
147 190 0 2
134 189 0 2
135 189 0 2
136 189 0 2
137 189 0 2
138 189 0 2
139 189 0 2
140 189 0 2
141 189 0 2
142 189 0 2
143 189 0 2
144 189 0 2
145 189 0 2
146 189 0 2
147 189 0 2
134 188 0 2
135 188 0 2
136 188 0 2
137 188 0 2
138 188 0 2
139 188 0 2
140 188 0 2
141 188 0 2
142 188 0 2
143 188 0 2
144 188 0 2
145 188 0 2
146 188 0 2
147 188 0 2
35 187 0 1
36 187 0 1
37 187 0 1
38 187 0 1
39 187 0 2
40 187 0 2
134 187 0 2
135 187 0 2
136 187 0 2
137 187 0 2
138 187 0 2
139 187 0 2
140 187 0 2
141 187 0 2
142 187 0 2
143 187 0 2
144 187 0 2
145 187 0 2
146 187 0 2
147 187 0 1
34 186 0 1
35 186 0 1
36 186 0 1
37 186 0 2
38 186 0 2
39 186 0 2
40 186 0 2
41 186 0 2
42 186 0 2
134 186 0 2
135 186 0 2
136 186 0 2
137 186 0 2
138 186 0 2
139 186 0 2
140 186 0 2
141 186 0 2
142 186 0 2
143 186 0 2
144 186 0 2
145 186 0 1
146 186 0 1
147 186 0 1
34 185 0 2
35 185 0 2
36 185 0 2
37 185 0 2
38 185 0 2
39 185 0 2
40 185 0 2
41 185 0 2
42 185 0 2
43 185 0 2
134 185 0 2
135 185 0 2
136 185 0 2
137 185 0 2
138 185 0 2
139 185 0 2
140 185 0 2
141 185 0 2
142 185 0 2
143 185 0 1
144 185 0 1
145 185 0 1
146 185 0 1
147 185 0 1
33 184 0 2
34 184 0 2
35 184 0 2
36 184 0 2
37 184 0 2
38 184 0 2
39 184 0 2
40 184 0 2
41 184 0 2
42 184 0 2
43 184 0 2
135 184 0 2
136 184 0 2
137 184 0 2
138 184 0 1
139 184 0 1
140 184 0 1
141 184 0 1
142 184 0 1
143 184 0 1
144 184 0 1
145 184 0 1
146 184 0 1
235 184 0 2
236 184 0 2
237 184 0 1
238 184 0 1
239 184 0 1
240 184 0 1
241 184 0 1
242 184 0 1
243 184 0 1
244 184 0 1
33 183 0 2
34 183 0 2
35 183 0 2
36 183 0 2
37 183 0 2
38 183 0 2
39 183 0 2
40 183 0 2
41 183 0 2
42 183 0 2
43 183 0 2
136 183 0 2
137 183 0 1
138 183 0 1
139 183 0 1
140 183 0 1
141 183 0 1
142 183 0 1
143 183 0 1
144 183 0 1
145 183 0 1
234 183 0 2
235 183 0 2
236 183 0 2
237 183 0 1
238 183 0 1
239 183 0 1
240 183 0 1
241 183 0 1
242 183 0 1
243 183 0 1
244 183 0 1
245 183 0 1
33 182 0 2
34 182 0 2
35 182 0 2
36 182 0 2
37 182 0 2
38 182 0 2
39 182 0 2
40 182 0 2
41 182 0 2
42 182 0 2
43 182 0 1
233 182 0 2
234 182 0 2
235 182 0 2
236 182 0 2
237 182 0 2
238 182 0 1
239 182 0 1
240 182 0 1
241 182 0 1
242 182 0 1
243 182 0 1
244 182 0 1
245 182 0 1
246 182 0 1
33 181 0 2
34 181 0 2
35 181 0 2
36 181 0 2
37 181 0 2
38 181 0 2
39 181 0 2
40 181 0 2
41 181 0 1
42 181 0 1
43 181 0 1
107 181 0 2
108 181 0 2
109 181 0 2
110 181 0 2
111 181 0 2
112 181 0 2
113 181 0 2
233 181 0 2
234 181 0 2
235 181 0 2
236 181 0 2
237 181 0 2
238 181 0 2
239 181 0 2
240 181 0 2
241 181 0 2
242 181 0 1
243 181 0 1
244 181 0 1
245 181 0 1
246 181 0 1
247 181 0 1
34 180 0 2
35 180 0 2
36 180 0 2
37 180 0 2
38 180 0 2
39 180 0 1
40 180 0 1
41 180 0 1
42 180 0 1
106 180 0 2
107 180 0 2
108 180 0 2
109 180 0 2
110 180 0 2
111 180 0 2
112 180 0 2
113 180 0 2
114 180 0 2
233 180 0 2
234 180 0 2
235 180 0 2
236 180 0 2
237 180 0 2
238 180 0 2
239 180 0 2
240 180 0 2
241 180 0 2
242 180 0 2
243 180 0 1
244 180 0 1
245 180 0 1
246 180 0 1
247 180 0 1
35 179 0 1
36 179 0 1
37 179 0 1
38 179 0 1
39 179 0 1
40 179 0 1
105 179 0 2
106 179 0 2
107 179 0 2
108 179 0 2
109 179 0 2
110 179 0 2
111 179 0 2
112 179 0 2
113 179 0 2
114 179 0 2
115 179 0 2
233 179 0 2
234 179 0 2
235 179 0 2
236 179 0 2
237 179 0 2
238 179 0 2
239 179 0 2
240 179 0 2
241 179 0 2
242 179 0 2
243 179 0 2
244 179 0 2
245 179 0 1
246 179 0 1
247 179 0 1
36 178 0 1
37 178 0 1
38 178 0 1
105 178 0 2
106 178 0 2
107 178 0 2
108 178 0 2
109 178 0 2
110 178 0 2
111 178 0 2
112 178 0 2
113 178 0 2
114 178 0 2
115 178 0 2
233 178 0 2
234 178 0 2
235 178 0 2
236 178 0 2
237 178 0 2
238 178 0 2
239 178 0 2
240 178 0 2
241 178 0 2
242 178 0 2
243 178 0 2
244 178 0 2
245 178 0 2
246 178 0 2
247 178 0 1
105 177 0 2
106 177 0 2
107 177 0 2
108 177 0 2
109 177 0 2
110 177 0 2
111 177 0 2
112 177 0 2
113 177 0 2
114 177 0 2
115 177 0 2
233 177 0 2
234 177 0 2
235 177 0 2
236 177 0 2
237 177 0 2
238 177 0 2
239 177 0 2
240 177 0 2
241 177 0 2
242 177 0 2
243 177 0 2
244 177 0 2
245 177 0 2
246 177 0 2
247 177 0 1
105 176 0 2
106 176 0 2
107 176 0 2
108 176 0 2
109 176 0 2
110 176 0 2
111 176 0 2
112 176 0 2
113 176 0 2
114 176 0 2
115 176 0 2
233 176 0 1
234 176 0 1
235 176 0 2
236 176 0 2
237 176 0 2
238 176 0 2
239 176 0 2
240 176 0 2
241 176 0 2
242 176 0 2
243 176 0 2
244 176 0 2
245 176 0 2
246 176 0 2
247 176 0 2
105 175 0 2
106 175 0 2
107 175 0 2
108 175 0 2
109 175 0 2
110 175 0 2
111 175 0 2
112 175 0 2
113 175 0 2
114 175 0 2
115 175 0 2
233 175 0 1
234 175 0 1
235 175 0 2
236 175 0 2
237 175 0 2
238 175 0 2
239 175 0 2
240 175 0 2
241 175 0 2
242 175 0 2
243 175 0 2
244 175 0 2
245 175 0 2
246 175 0 2
247 175 0 2
105 174 0 2
106 174 0 2
107 174 0 2
108 174 0 2
109 174 0 2
110 174 0 2
111 174 0 2
112 174 0 2
113 174 0 2
114 174 0 2
115 174 0 2
233 174 0 1
234 174 0 1
235 174 0 1
236 174 0 2
237 174 0 2
238 174 0 2
239 174 0 2
240 174 0 2
241 174 0 2
242 174 0 2
243 174 0 2
244 174 0 2
245 174 0 2
246 174 0 2
247 174 0 2
105 173 0 2
106 173 0 2
107 173 0 2
108 173 0 2
109 173 0 2
110 173 0 2
111 173 0 2
112 173 0 2
113 173 0 2
114 173 0 2
115 173 0 2
233 173 0 1
234 173 0 1
235 173 0 1
236 173 0 1
237 173 0 1
238 173 0 1
239 173 0 2
240 173 0 1
241 173 0 2
242 173 0 2
243 173 0 2
244 173 0 2
245 173 0 2
246 173 0 2
247 173 0 2
105 172 0 2
106 172 0 2
107 172 0 2
108 172 0 1
109 172 0 1
110 172 0 1
111 172 0 1
112 172 0 1
113 172 0 1
114 172 0 1
115 172 0 1
234 172 0 1
235 172 0 1
236 172 0 1
237 172 0 1
238 172 0 1
239 172 0 1
240 172 0 1
241 172 0 1
242 172 0 1
243 172 0 2
244 172 0 2
245 172 0 2
246 172 0 2
247 172 0 2
106 171 0 2
107 171 0 1
108 171 0 1
109 171 0 1
110 171 0 1
111 171 0 1
112 171 0 1
113 171 0 1
114 171 0 1
235 171 0 1
236 171 0 1
237 171 0 1
238 171 0 1
239 171 0 1
240 171 0 1
241 171 0 1
242 171 0 1
243 171 0 1
244 171 0 2
245 171 0 2
246 171 0 2
107 170 0 1
108 170 0 1
109 170 0 1
110 170 0 1
111 170 0 1
112 170 0 1
113 170 0 1
236 170 0 1
237 170 0 1
238 170 0 1
239 170 0 1
240 170 0 1
241 170 0 1
242 170 0 1
243 170 0 1
244 170 0 1
245 170 0 2
81 166 0 1
82 166 0 1
83 166 0 1
84 166 0 1
85 166 0 1
86 166 0 1
87 166 0 1
80 165 0 1
81 165 0 1
82 165 0 1
83 165 0 1
84 165 0 1
85 165 0 1
86 165 0 2
87 165 0 2
88 165 0 2
152 165 0 1
153 165 0 1
80 164 0 1
81 164 0 1
82 164 0 2
83 164 0 2
84 164 0 2
85 164 0 2
86 164 0 2
87 164 0 2
88 164 0 2
89 164 0 2
151 164 0 1
152 164 0 1
153 164 0 1
154 164 0 1
155 164 0 1
160 164 0 1
161 164 0 1
162 164 0 1
163 164 0 1
80 163 0 2
81 163 0 2
82 163 0 2
83 163 0 2
84 163 0 2
85 163 0 2
86 163 0 2
87 163 0 2
88 163 0 2
89 163 0 2
90 163 0 2
150 163 0 2
151 163 0 2
152 163 0 1
153 163 0 1
154 163 0 1
155 163 0 1
156 163 0 1
157 163 0 1
158 163 0 1
159 163 0 1
160 163 0 1
161 163 0 1
162 163 0 1
163 163 0 1
164 163 0 1
80 162 0 2
81 162 0 2
82 162 0 2
83 162 0 2
84 162 0 2
85 162 0 2
86 162 0 2
87 162 0 2
88 162 0 2
89 162 0 2
90 162 0 2
150 162 0 2
151 162 0 2
152 162 0 2
153 162 0 1
154 162 0 1
155 162 0 1
156 162 0 1
157 162 0 1
158 162 0 1
159 162 0 1
160 162 0 1
161 162 0 1
162 162 0 1
163 162 0 1
164 162 0 2
80 161 0 2
81 161 0 2
82 161 0 2
83 161 0 2
84 161 0 2
85 161 0 2
86 161 0 2
87 161 0 2
88 161 0 2
89 161 0 2
90 161 0 2
150 161 0 2
151 161 0 2
152 161 0 2
153 161 0 2
154 161 0 2
155 161 0 1
156 161 0 1
157 161 0 1
158 161 0 1
159 161 0 1
160 161 0 1
161 161 0 2
162 161 0 2
163 161 0 2
164 161 0 2
46 160 0 1
47 160 0 1
48 160 0 1
49 160 0 1
50 160 0 1
51 160 0 1
80 160 0 2
81 160 0 2
82 160 0 2
83 160 0 2
84 160 0 2
85 160 0 2
86 160 0 2
87 160 0 2
88 160 0 2
89 160 0 2
90 160 0 2
150 160 0 2
151 160 0 2
152 160 0 2
153 160 0 2
154 160 0 2
155 160 0 2
156 160 0 2
157 160 0 2
158 160 0 2
159 160 0 2
160 160 0 2
161 160 0 2
162 160 0 2
163 160 0 2
164 160 0 2
45 159 0 1
46 159 0 1
47 159 0 1
48 159 0 1
49 159 0 1
50 159 0 1
51 159 0 1
52 159 0 1
80 159 0 2
81 159 0 2
82 159 0 2
83 159 0 2
84 159 0 2
85 159 0 2
86 159 0 2
87 159 0 2
88 159 0 2
89 159 0 2
90 159 0 2
150 159 0 2
151 159 0 2
152 159 0 2
153 159 0 2
154 159 0 2
155 159 0 2
156 159 0 2
157 159 0 2
158 159 0 2
159 159 0 2
160 159 0 2
161 159 0 2
162 159 0 2
163 159 0 2
164 159 0 2
44 158 0 1
45 158 0 1
46 158 0 2
47 158 0 2
48 158 0 2
49 158 0 2
50 158 0 2
51 158 0 2
52 158 0 2
53 158 0 2
80 158 0 2
81 158 0 2
82 158 0 2
83 158 0 2
84 158 0 2
85 158 0 2
86 158 0 2
87 158 0 2
88 158 0 1
89 158 0 1
90 158 0 1
150 158 0 2
151 158 0 2
152 158 0 2
153 158 0 2
154 158 0 2
155 158 0 2
156 158 0 2
157 158 0 2
158 158 0 2
159 158 0 2
160 158 0 2
161 158 0 2
162 158 0 2
163 158 0 2
164 158 0 2
43 157 0 2
44 157 0 2
45 157 0 2
46 157 0 2
47 157 0 2
48 157 0 2
49 157 0 2
50 157 0 2
51 157 0 2
52 157 0 2
53 157 0 2
54 157 0 2
81 157 0 2
82 157 0 2
83 157 0 2
84 157 0 2
85 157 0 1
86 157 0 1
87 157 0 1
88 157 0 1
89 157 0 1
90 157 0 1
150 157 0 2
151 157 0 2
152 157 0 2
153 157 0 2
154 157 0 2
155 157 0 2
156 157 0 2
157 157 0 2
158 157 0 2
159 157 0 2
160 157 0 2
161 157 0 2
162 157 0 2
163 157 0 2
164 157 0 2
43 156 0 2
44 156 0 2
45 156 0 2
46 156 0 2
47 156 0 2
48 156 0 2
49 156 0 2
50 156 0 2
51 156 0 2
52 156 0 2
53 156 0 2
54 156 0 2
83 156 0 1
84 156 0 1
85 156 0 1
86 156 0 1
87 156 0 1
150 156 0 2
151 156 0 2
152 156 0 2
153 156 0 2
154 156 0 2
155 156 0 2
156 156 0 2
157 156 0 2
158 156 0 2
159 156 0 2
160 156 0 2
161 156 0 2
162 156 0 2
163 156 0 2
164 156 0 2
43 155 0 2
44 155 0 2
45 155 0 2
46 155 0 2
47 155 0 2
48 155 0 2
49 155 0 2
50 155 0 2
51 155 0 2
52 155 0 2
53 155 0 2
54 155 0 2
83 155 0 1
84 155 0 1
85 155 0 1
150 155 0 1
151 155 0 2
152 155 0 2
153 155 0 2
154 155 0 2
155 155 0 2
156 155 0 2
157 155 0 2
158 155 0 2
159 155 0 2
160 155 0 2
161 155 0 2
162 155 0 2
163 155 0 2
43 154 0 2
44 154 0 2
45 154 0 2
46 154 0 2
47 154 0 2
48 154 0 2
49 154 0 2
50 154 0 2
51 154 0 2
52 154 0 2
53 154 0 2
54 154 0 2
151 154 0 1
152 154 0 1
153 154 0 1
154 154 0 1
155 154 0 1
156 154 0 1
157 154 0 1
158 154 0 1
159 154 0 1
160 154 0 1
161 154 0 1
162 154 0 1
163 154 0 1
43 153 0 2
44 153 0 2
45 153 0 2
46 153 0 2
47 153 0 2
48 153 0 2
49 153 0 2
50 153 0 2
51 153 0 2
52 153 0 2
53 153 0 2
54 153 0 2
153 153 0 1
154 153 0 1
155 153 0 1
156 153 0 1
157 153 0 1
158 153 0 1
159 153 0 1
160 153 0 1
161 153 0 1
162 153 0 1
43 152 0 2
44 152 0 2
45 152 0 2
46 152 0 2
47 152 0 2
48 152 0 2
49 152 0 2
50 152 0 2
51 152 0 2
52 152 0 2
53 152 0 2
54 152 0 2
44 151 0 2
45 151 0 2
46 151 0 2
47 151 0 2
48 151 0 2
49 151 0 2
50 151 0 2
51 151 0 2
52 151 0 2
53 151 0 2
45 150 0 1
46 150 0 1
47 150 0 1
48 150 0 1
49 150 0 1
50 150 0 1
51 150 0 1
52 150 0 1
46 149 0 1
47 149 0 1
48 149 0 1
49 149 0 1
50 149 0 1
51 149 0 1
69 144 0 1
70 144 0 1
71 144 0 1
72 144 0 1
73 144 0 1
74 144 0 1
75 144 0 1
76 144 0 1
189 144 0 1
190 144 0 1
191 144 0 1
192 144 0 1
193 144 0 1
194 144 0 1
195 144 0 1
4 143 0 2
5 143 0 2
6 143 0 1
7 143 0 1
8 143 0 1
9 143 0 1
10 143 0 1
66 143 0 1
67 143 0 1
68 143 0 1
69 143 0 1
70 143 0 1
71 143 0 1
72 143 0 1
73 143 0 1
74 143 0 1
75 143 0 1
76 143 0 1
77 143 0 1
186 143 0 1
187 143 0 1
188 143 0 1
189 143 0 1
190 143 0 1
191 143 0 1
192 143 0 1
193 143 0 1
194 143 0 1
195 143 0 1
196 143 0 1
2 142 0 2
3 142 0 2
4 142 0 2
5 142 0 2
6 142 0 2
7 142 0 1
8 142 0 1
9 142 0 1
10 142 0 1
11 142 0 1
12 142 0 1
66 142 0 1
67 142 0 1
68 142 0 1
69 142 0 1
70 142 0 1
71 142 0 2
72 142 0 2
73 142 0 2
74 142 0 2
75 142 0 2
76 142 0 2
77 142 0 2
78 142 0 2
185 142 0 1
186 142 0 1
187 142 0 1
188 142 0 1
189 142 0 1
190 142 0 1
191 142 0 1
192 142 0 1
193 142 0 1
194 142 0 1
195 142 0 1
196 142 0 1
197 142 0 1
219 142 0 1
220 142 0 1
221 142 0 1
222 142 0 1
223 142 0 1
224 142 0 1
225 142 0 1
226 142 0 1
227 142 0 1
1 141 0 2
2 141 0 2
3 141 0 2
4 141 0 2
5 141 0 2
6 141 0 2
7 141 0 1
8 141 0 1
9 141 0 1
10 141 0 1
11 141 0 1
12 141 0 1
13 141 0 1
66 141 0 2
67 141 0 2
68 141 0 2
69 141 0 2
70 141 0 2
71 141 0 2
72 141 0 2
73 141 0 2
74 141 0 2
75 141 0 2
76 141 0 2
77 141 0 2
78 141 0 2
79 141 0 2
185 141 0 1
186 141 0 1
187 141 0 1
188 141 0 1
189 141 0 2
190 141 0 2
191 141 0 2
192 141 0 2
193 141 0 2
194 141 0 2
195 141 0 2
196 141 0 2
197 141 0 2
198 141 0 2
218 141 0 1
219 141 0 1
220 141 0 1
221 141 0 1
222 141 0 1
223 141 0 1
224 141 0 1
225 141 0 1
226 141 0 1
227 141 0 1
228 141 0 1
229 141 0 1
230 141 0 1
231 141 0 1
1 140 0 2
2 140 0 2
3 140 0 2
4 140 0 2
5 140 0 2
6 140 0 2
7 140 0 1
8 140 0 1
9 140 0 1
10 140 0 1
11 140 0 1
12 140 0 1
13 140 0 1
66 140 0 2
67 140 0 2
68 140 0 2
69 140 0 2
70 140 0 2
71 140 0 2
72 140 0 2
73 140 0 2
74 140 0 2
75 140 0 2
76 140 0 2
77 140 0 2
78 140 0 2
79 140 0 2
185 140 0 1
186 140 0 1
187 140 0 2
188 140 0 2
189 140 0 2
190 140 0 2
191 140 0 2
192 140 0 2
193 140 0 2
194 140 0 2
195 140 0 2
196 140 0 2
197 140 0 2
198 140 0 2
199 140 0 2
218 140 0 1
219 140 0 1
220 140 0 1
221 140 0 1
222 140 0 1
223 140 0 1
224 140 0 1
225 140 0 1
226 140 0 1
227 140 0 1
228 140 0 1
229 140 0 1
230 140 0 1
231 140 0 1
0 139 0 2
1 139 0 2
2 139 0 2
3 139 0 2
4 139 0 2
5 139 0 2
6 139 0 2
7 139 0 2
8 139 0 2
9 139 0 2
10 139 0 2
11 139 0 1
12 139 0 1
13 139 0 1
14 139 0 1
66 139 0 2
67 139 0 2
68 139 0 2
69 139 0 2
70 139 0 2
71 139 0 2
72 139 0 2
73 139 0 2
74 139 0 2
75 139 0 2
76 139 0 2
77 139 0 2
78 139 0 2
79 139 0 2
185 139 0 2
186 139 0 2
187 139 0 2
188 139 0 2
189 139 0 2
190 139 0 2
191 139 0 2
192 139 0 2
193 139 0 2
194 139 0 2
195 139 0 2
196 139 0 2
197 139 0 2
198 139 0 2
199 139 0 2
218 139 0 2
219 139 0 2
220 139 0 2
221 139 0 2
222 139 0 2
223 139 0 2
224 139 0 2
225 139 0 2
226 139 0 1
227 139 0 1
228 139 0 1
229 139 0 1
230 139 0 1
231 139 0 1
0 138 0 2
1 138 0 2
2 138 0 2
3 138 0 2
4 138 0 2
5 138 0 2
6 138 0 2
7 138 0 2
8 138 0 2
9 138 0 2
10 138 0 2
11 138 0 1
12 138 0 1
13 138 0 1
14 138 0 1
66 138 0 2
67 138 0 2
68 138 0 2
69 138 0 2
70 138 0 2
71 138 0 2
72 138 0 2
73 138 0 2
74 138 0 2
75 138 0 2
76 138 0 2
77 138 0 2
78 138 0 2
79 138 0 2
185 138 0 2
186 138 0 2
187 138 0 2
188 138 0 2
189 138 0 2
190 138 0 2
191 138 0 2
192 138 0 2
193 138 0 2
194 138 0 2
195 138 0 2
196 138 0 2
197 138 0 2
198 138 0 2
199 138 0 2
218 138 0 2
219 138 0 2
220 138 0 2
221 138 0 2
222 138 0 2
223 138 0 2
224 138 0 2
225 138 0 2
226 138 0 2
227 138 0 2
228 138 0 2
229 138 0 2
230 138 0 2
231 138 0 2
0 137 0 1
1 137 0 2
2 137 0 2
3 137 0 2
4 137 0 2
5 137 0 2
6 137 0 2
7 137 0 2
8 137 0 2
9 137 0 2
10 137 0 2
11 137 0 2
12 137 0 2
13 137 0 2
14 137 0 1
66 137 0 2
67 137 0 2
68 137 0 2
69 137 0 2
70 137 0 2
71 137 0 2
72 137 0 2
73 137 0 2
74 137 0 2
75 137 0 2
76 137 0 2
77 137 0 2
78 137 0 2
79 137 0 2
185 137 0 2
186 137 0 2
187 137 0 2
188 137 0 2
189 137 0 2
190 137 0 2
191 137 0 2
192 137 0 2
193 137 0 2
194 137 0 2
195 137 0 2
196 137 0 2
197 137 0 2
198 137 0 2
199 137 0 2
218 137 0 2
219 137 0 2
220 137 0 2
221 137 0 2
222 137 0 2
223 137 0 2
224 137 0 2
225 137 0 2
226 137 0 2
227 137 0 2
228 137 0 2
229 137 0 2
230 137 0 2
231 137 0 2
0 136 0 1
1 136 0 1
2 136 0 2
3 136 0 2
4 136 0 2
5 136 0 2
6 136 0 2
7 136 0 2
8 136 0 2
9 136 0 2
10 136 0 2
11 136 0 2
12 136 0 2
13 136 0 2
14 136 0 2
66 136 0 2
67 136 0 2
68 136 0 2
69 136 0 2
70 136 0 2
71 136 0 2
72 136 0 2
73 136 0 2
74 136 0 2
75 136 0 2
76 136 0 2
77 136 0 2
78 136 0 2
79 136 0 2
185 136 0 2
186 136 0 2
187 136 0 2
188 136 0 2
189 136 0 2
190 136 0 2
191 136 0 2
192 136 0 2
193 136 0 2
194 136 0 2
195 136 0 2
196 136 0 2
197 136 0 2
198 136 0 2
199 136 0 2
218 136 0 2
219 136 0 2
220 136 0 2
221 136 0 2
222 136 0 2
223 136 0 2
224 136 0 2
225 136 0 2
226 136 0 2
227 136 0 2
228 136 0 2
229 136 0 2
230 136 0 2
231 136 0 2
0 135 0 1
1 135 0 1
2 135 0 1
3 135 0 2
4 135 0 2
5 135 0 2
6 135 0 2
7 135 0 2
8 135 0 2
9 135 0 2
10 135 0 2
11 135 0 2
12 135 0 2
13 135 0 2
14 135 0 2
67 135 0 2
68 135 0 2
69 135 0 2
70 135 0 2
71 135 0 2
72 135 0 2
73 135 0 2
74 135 0 2
75 135 0 2
76 135 0 2
77 135 0 2
78 135 0 2
79 135 0 2
186 135 0 2
187 135 0 2
188 135 0 2
189 135 0 2
190 135 0 2
191 135 0 2
192 135 0 2
193 135 0 2
194 135 0 2
195 135 0 2
196 135 0 2
197 135 0 1
198 135 0 1
199 135 0 1
218 135 0 2
219 135 0 2
220 135 0 2
221 135 0 2
222 135 0 2
223 135 0 2
224 135 0 2
225 135 0 2
226 135 0 2
227 135 0 2
228 135 0 2
229 135 0 2
230 135 0 2
231 135 0 2
0 134 0 1
1 134 0 1
2 134 0 1
3 134 0 1
4 134 0 1
5 134 0 2
6 134 0 2
7 134 0 2
8 134 0 2
9 134 0 2
10 134 0 2
11 134 0 2
12 134 0 2
13 134 0 2
14 134 0 2
68 134 0 2
69 134 0 2
70 134 0 2
71 134 0 2
72 134 0 2
73 134 0 1
74 134 0 1
75 134 0 1
76 134 0 1
77 134 0 1
78 134 0 1
79 134 0 1
187 134 0 1
188 134 0 1
189 134 0 1
190 134 0 1
191 134 0 1
192 134 0 1
193 134 0 1
194 134 0 1
195 134 0 1
196 134 0 1
197 134 0 1
198 134 0 1
199 134 0 1
218 134 0 2
219 134 0 2
220 134 0 2
221 134 0 2
222 134 0 2
223 134 0 2
224 134 0 2
225 134 0 2
226 134 0 2
227 134 0 2
228 134 0 2
229 134 0 2
230 134 0 2
231 134 0 2
0 133 0 1
1 133 0 1
2 133 0 1
3 133 0 1
4 133 0 1
5 133 0 1
6 133 0 1
7 133 0 1
8 133 0 2
9 133 0 2
10 133 0 2
11 133 0 2
12 133 0 2
13 133 0 2
68 133 0 1
69 133 0 1
70 133 0 1
71 133 0 1
72 133 0 1
73 133 0 1
74 133 0 1
75 133 0 1
76 133 0 1
77 133 0 1
78 133 0 1
188 133 0 1
189 133 0 1
190 133 0 1
191 133 0 1
192 133 0 1
193 133 0 1
194 133 0 1
195 133 0 1
196 133 0 1
197 133 0 1
198 133 0 1
199 133 0 1
218 133 0 2
219 133 0 1
220 133 0 1
221 133 0 2
222 133 0 2
223 133 0 2
224 133 0 2
225 133 0 2
226 133 0 2
227 133 0 2
228 133 0 2
229 133 0 2
230 133 0 2
231 133 0 2
1 132 0 1
2 132 0 1
3 132 0 1
4 132 0 1
5 132 0 1
6 132 0 1
7 132 0 1
8 132 0 1
9 132 0 2
10 132 0 2
11 132 0 2
12 132 0 2
13 132 0 2
69 132 0 1
70 132 0 1
71 132 0 1
72 132 0 1
73 132 0 1
74 132 0 1
189 132 0 1
190 132 0 1
191 132 0 1
192 132 0 1
193 132 0 1
194 132 0 1
195 132 0 1
196 132 0 1
218 132 0 2
219 132 0 1
220 132 0 1
221 132 0 2
222 132 0 2
223 132 0 2
224 132 0 2
225 132 0 2
226 132 0 2
227 132 0 2
228 132 0 2
229 132 0 2
230 132 0 2
231 132 0 2
2 131 0 1
3 131 0 1
4 131 0 1
5 131 0 1
6 131 0 1
7 131 0 1
8 131 0 1
9 131 0 2
10 131 0 2
11 131 0 2
12 131 0 2
218 131 0 1
219 131 0 1
220 131 0 1
221 131 0 1
222 131 0 1
223 131 0 2
224 131 0 2
225 131 0 2
226 131 0 2
227 131 0 2
228 131 0 2
229 131 0 2
230 131 0 2
4 130 0 1
5 130 0 1
6 130 0 1
7 130 0 1
8 130 0 1
9 130 0 1
10 130 0 1
218 130 0 1
219 130 0 1
220 130 0 1
221 130 0 1
222 130 0 1
223 130 0 1
224 130 0 1
225 130 0 1
226 130 0 2
227 130 0 2
228 130 0 2
105 129 0 2
106 129 0 2
107 129 0 2
108 129 0 2
109 129 0 2
110 129 0 2
111 129 0 2
112 129 0 1
113 129 0 1
114 129 0 1
115 129 0 1
116 129 0 1
104 128 0 2
105 128 0 2
106 128 0 2
107 128 0 2
108 128 0 2
109 128 0 2
110 128 0 2
111 128 0 2
112 128 0 1
113 128 0 1
114 128 0 1
115 128 0 1
116 128 0 1
103 127 0 2
104 127 0 2
105 127 0 2
106 127 0 2
107 127 0 2
108 127 0 2
109 127 0 2
110 127 0 2
111 127 0 2
112 127 0 2
113 127 0 2
114 127 0 2
115 127 0 2
116 127 0 2
103 126 0 2
104 126 0 2
105 126 0 2
106 126 0 2
107 126 0 2
108 126 0 2
109 126 0 2
110 126 0 2
111 126 0 2
112 126 0 2
113 126 0 2
114 126 0 2
115 126 0 2
116 126 0 2
103 125 0 2
104 125 0 2
105 125 0 2
106 125 0 2
107 125 0 2
108 125 0 2
109 125 0 2
110 125 0 2
111 125 0 2
112 125 0 2
113 125 0 2
114 125 0 2
115 125 0 2
116 125 0 2
51 124 0 1
52 124 0 1
53 124 0 1
54 124 0 1
103 124 0 2
104 124 0 2
105 124 0 2
106 124 0 2
107 124 0 2
108 124 0 2
109 124 0 2
110 124 0 2
111 124 0 2
112 124 0 2
113 124 0 2
114 124 0 2
115 124 0 2
116 124 0 2
50 123 0 2
51 123 0 2
52 123 0 2
53 123 0 1
54 123 0 1
55 123 0 1
56 123 0 1
103 123 0 2
104 123 0 2
105 123 0 2
106 123 0 2
107 123 0 2
108 123 0 2
109 123 0 2
110 123 0 2
111 123 0 2
112 123 0 2
113 123 0 2
114 123 0 2
115 123 0 2
116 123 0 2
49 122 0 2
50 122 0 2
51 122 0 2
52 122 0 2
53 122 0 2
54 122 0 2
55 122 0 1
56 122 0 1
57 122 0 1
103 122 0 1
104 122 0 1
105 122 0 2
106 122 0 2
107 122 0 2
108 122 0 2
109 122 0 2
110 122 0 2
111 122 0 2
112 122 0 2
113 122 0 2
114 122 0 2
115 122 0 2
116 122 0 2
49 121 0 2
50 121 0 2
51 121 0 2
52 121 0 2
53 121 0 2
54 121 0 2
55 121 0 2
56 121 0 1
57 121 0 1
58 121 0 1
103 121 0 1
104 121 0 1
105 121 0 2
106 121 0 2
107 121 0 2
108 121 0 2
109 121 0 1
110 121 0 2
111 121 0 1
112 121 0 2
113 121 0 2
114 121 0 1
115 121 0 1
116 121 0 1
49 120 0 2
50 120 0 2
51 120 0 2
52 120 0 2
53 120 0 2
54 120 0 2
55 120 0 2
56 120 0 2
57 120 0 1
58 120 0 1
59 120 0 1
103 120 0 1
104 120 0 1
105 120 0 1
106 120 0 1
107 120 0 1
108 120 0 1
109 120 0 1
110 120 0 1
111 120 0 1
112 120 0 1
113 120 0 1
114 120 0 1
115 120 0 1
116 120 0 1
49 119 0 2
50 119 0 2
51 119 0 2
52 119 0 2
53 119 0 2
54 119 0 2
55 119 0 2
56 119 0 2
57 119 0 2
58 119 0 1
59 119 0 1
104 119 0 1
105 119 0 1
106 119 0 1
107 119 0 1
108 119 0 1
109 119 0 1
110 119 0 1
111 119 0 1
112 119 0 1
113 119 0 1
114 119 0 1
49 118 0 2
50 118 0 2
51 118 0 2
52 118 0 2
53 118 0 2
54 118 0 2
55 118 0 2
56 118 0 2
57 118 0 2
58 118 0 2
59 118 0 2
49 117 0 2
50 117 0 2
51 117 0 2
52 117 0 2
53 117 0 2
54 117 0 2
55 117 0 2
56 117 0 2
57 117 0 2
58 117 0 2
59 117 0 2
49 116 0 1
50 116 0 1
51 116 0 1
52 116 0 2
53 116 0 2
54 116 0 2
55 116 0 2
56 116 0 2
57 116 0 2
58 116 0 2
59 116 0 2
49 115 0 1
50 115 0 1
51 115 0 1
52 115 0 1
53 115 0 1
54 115 0 1
55 115 0 1
56 115 0 2
57 115 0 2
58 115 0 2
59 115 0 2
50 114 0 1
51 114 0 1
52 114 0 1
53 114 0 1
54 114 0 1
55 114 0 1
56 114 0 2
57 114 0 2
58 114 0 2
59 114 0 2
125 114 0 1
126 114 0 1
127 114 0 1
128 114 0 1
129 114 0 1
130 114 0 1
131 114 0 1
132 114 0 1
133 114 0 1
134 114 0 1
135 114 0 1
53 113 0 1
54 113 0 1
55 113 0 1
56 113 0 1
57 113 0 1
58 113 0 2
59 113 0 2
124 113 0 2
125 113 0 2
126 113 0 1
127 113 0 1
128 113 0 1
129 113 0 1
130 113 0 1
131 113 0 1
132 113 0 1
133 113 0 1
134 113 0 1
135 113 0 1
136 113 0 1
54 112 0 1
55 112 0 1
56 112 0 1
57 112 0 1
58 112 0 1
124 112 0 2
125 112 0 2
126 112 0 2
127 112 0 2
128 112 0 2
129 112 0 1
130 112 0 1
131 112 0 1
132 112 0 1
133 112 0 1
134 112 0 1
135 112 0 1
136 112 0 1
137 112 0 1
124 111 0 2
125 111 0 2
126 111 0 2
127 111 0 2
128 111 0 2
129 111 0 2
130 111 0 2
131 111 0 1
132 111 0 1
133 111 0 1
134 111 0 1
135 111 0 1
136 111 0 1
137 111 0 1
124 110 0 2
125 110 0 2
126 110 0 2
127 110 0 2
128 110 0 2
129 110 0 2
130 110 0 2
131 110 0 2
132 110 0 1
133 110 0 1
134 110 0 1
135 110 0 1
136 110 0 1
137 110 0 1
164 110 0 1
165 110 0 1
166 110 0 1
167 110 0 1
168 110 0 1
169 110 0 1
170 110 0 1
171 110 0 1
172 110 0 1
173 110 0 1
124 109 0 2
125 109 0 2
126 109 0 2
127 109 0 2
128 109 0 2
129 109 0 2
130 109 0 2
131 109 0 2
132 109 0 2
133 109 0 2
134 109 0 2
135 109 0 1
136 109 0 1
137 109 0 2
163 109 0 1
164 109 0 1
165 109 0 1
166 109 0 1
167 109 0 1
168 109 0 1
169 109 0 1
170 109 0 1
171 109 0 1
172 109 0 1
173 109 0 1
174 109 0 1
124 108 0 2
125 108 0 2
126 108 0 2
127 108 0 2
128 108 0 2
129 108 0 2
130 108 0 2
131 108 0 2
132 108 0 2
133 108 0 2
134 108 0 2
135 108 0 2
136 108 0 2
137 108 0 2
162 108 0 1
163 108 0 1
164 108 0 1
165 108 0 1
166 108 0 1
167 108 0 1
168 108 0 1
169 108 0 1
170 108 0 1
171 108 0 1
172 108 0 1
173 108 0 1
174 108 0 1
124 107 0 2
125 107 0 2
126 107 0 2
127 107 0 2
128 107 0 2
129 107 0 2
130 107 0 2
131 107 0 2
132 107 0 2
133 107 0 2
134 107 0 2
135 107 0 2
136 107 0 2
137 107 0 2
161 107 0 1
162 107 0 1
163 107 0 1
164 107 0 2
165 107 0 2
166 107 0 2
167 107 0 2
168 107 0 2
169 107 0 2
170 107 0 2
171 107 0 2
172 107 0 2
173 107 0 2
174 107 0 1
233 107 0 1
234 107 0 1
235 107 0 1
236 107 0 1
237 107 0 1
238 107 0 1
239 107 0 1
240 107 0 1
241 107 0 1
242 107 0 1
243 107 0 1
244 107 0 1
245 107 0 1
124 106 0 2
125 106 0 2
126 106 0 2
127 106 0 2
128 106 0 2
129 106 0 2
130 106 0 2
131 106 0 2
132 106 0 2
133 106 0 2
134 106 0 2
135 106 0 2
136 106 0 2
137 106 0 2
161 106 0 2
162 106 0 2
163 106 0 2
164 106 0 2
165 106 0 2
166 106 0 2
167 106 0 2
168 106 0 2
169 106 0 2
170 106 0 2
171 106 0 2
172 106 0 2
173 106 0 2
174 106 0 2
175 106 0 2
233 106 0 1
234 106 0 1
235 106 0 1
236 106 0 1
237 106 0 1
238 106 0 1
239 106 0 1
240 106 0 1
241 106 0 1
242 106 0 1
243 106 0 1
244 106 0 1
245 106 0 1
246 106 0 1
124 105 0 2
125 105 0 2
126 105 0 2
127 105 0 2
128 105 0 2
129 105 0 2
130 105 0 2
131 105 0 2
132 105 0 2
133 105 0 2
134 105 0 2
135 105 0 2
136 105 0 2
137 105 0 2
161 105 0 2
162 105 0 2
163 105 0 2
164 105 0 2
165 105 0 2
166 105 0 2
167 105 0 2
168 105 0 2
169 105 0 2
170 105 0 2
171 105 0 2
172 105 0 2
173 105 0 2
174 105 0 2
175 105 0 2
176 105 0 2
232 105 0 1
233 105 0 1
234 105 0 1
235 105 0 1
236 105 0 1
237 105 0 1
238 105 0 1
239 105 0 1
240 105 0 1
241 105 0 2
242 105 0 2
243 105 0 1
244 105 0 1
245 105 0 1
246 105 0 1
247 105 0 1
124 104 0 1
125 104 0 1
126 104 0 1
127 104 0 1
128 104 0 2
129 104 0 2
130 104 0 2
131 104 0 2
132 104 0 2
133 104 0 2
134 104 0 2
135 104 0 2
136 104 0 2
137 104 0 2
161 104 0 2
162 104 0 2
163 104 0 2
164 104 0 2
165 104 0 2
166 104 0 2
167 104 0 2
168 104 0 2
169 104 0 2
170 104 0 2
171 104 0 2
172 104 0 2
173 104 0 2
174 104 0 2
175 104 0 2
176 104 0 2
232 104 0 1
233 104 0 1
234 104 0 1
235 104 0 1
236 104 0 2
237 104 0 2
238 104 0 2
239 104 0 2
240 104 0 2
241 104 0 2
242 104 0 2
243 104 0 2
244 104 0 2
245 104 0 2
246 104 0 2
247 104 0 2
124 103 0 1
125 103 0 1
126 103 0 1
127 103 0 1
128 103 0 1
129 103 0 1
130 103 0 1
131 103 0 2
132 103 0 2
133 103 0 2
134 103 0 2
135 103 0 2
136 103 0 2
137 103 0 2
161 103 0 2
162 103 0 2
163 103 0 2
164 103 0 2
165 103 0 2
166 103 0 2
167 103 0 2
168 103 0 2
169 103 0 2
170 103 0 2
171 103 0 2
172 103 0 2
173 103 0 2
174 103 0 2
175 103 0 2
176 103 0 2
232 103 0 1
233 103 0 2
234 103 0 2
235 103 0 2
236 103 0 2
237 103 0 2
238 103 0 2
239 103 0 2
240 103 0 2
241 103 0 2
242 103 0 2
243 103 0 2
244 103 0 2
245 103 0 2
246 103 0 2
247 103 0 2
125 102 0 1
126 102 0 1
127 102 0 1
128 102 0 1
129 102 0 1
130 102 0 1
131 102 0 1
132 102 0 1
133 102 0 1
134 102 0 1
135 102 0 1
136 102 0 1
161 102 0 2
162 102 0 2
163 102 0 2
164 102 0 2
165 102 0 2
166 102 0 2
167 102 0 2
168 102 0 2
169 102 0 2
170 102 0 2
171 102 0 2
172 102 0 2
173 102 0 2
174 102 0 2
175 102 0 2
176 102 0 2
232 102 0 2
233 102 0 2
234 102 0 2
235 102 0 2
236 102 0 2
237 102 0 2
238 102 0 2
239 102 0 2
240 102 0 2
241 102 0 2
242 102 0 2
243 102 0 2
244 102 0 2
245 102 0 2
246 102 0 2
247 102 0 2
129 101 0 1
130 101 0 1
131 101 0 1
132 101 0 1
133 101 0 1
134 101 0 1
135 101 0 1
161 101 0 2
162 101 0 2
163 101 0 2
164 101 0 2
165 101 0 2
166 101 0 2
167 101 0 2
168 101 0 2
169 101 0 2
170 101 0 2
171 101 0 2
172 101 0 2
173 101 0 2
174 101 0 2
175 101 0 2
176 101 0 2
232 101 0 2
233 101 0 2
234 101 0 2
235 101 0 2
236 101 0 2
237 101 0 2
238 101 0 2
239 101 0 2
240 101 0 2
241 101 0 2
242 101 0 2
243 101 0 2
244 101 0 2
245 101 0 2
246 101 0 2
247 101 0 2
21 100 0 1
22 100 0 1
23 100 0 1
24 100 0 1
25 100 0 1
26 100 0 1
27 100 0 1
28 100 0 1
29 100 0 1
30 100 0 1
161 100 0 2
162 100 0 2
163 100 0 2
164 100 0 2
165 100 0 2
166 100 0 2
167 100 0 2
168 100 0 2
169 100 0 2
170 100 0 2
171 100 0 2
172 100 0 2
173 100 0 2
174 100 0 2
175 100 0 2
176 100 0 2
232 100 0 2
233 100 0 2
234 100 0 2
235 100 0 2
236 100 0 2
237 100 0 2
238 100 0 2
239 100 0 2
240 100 0 2
241 100 0 2
242 100 0 2
243 100 0 2
244 100 0 2
245 100 0 2
246 100 0 2
247 100 0 2
20 99 0 1
21 99 0 1
22 99 0 1
23 99 0 1
24 99 0 1
25 99 0 1
26 99 0 1
27 99 0 2
28 99 0 2
29 99 0 2
30 99 0 2
31 99 0 2
161 99 0 1
162 99 0 1
163 99 0 1
164 99 0 1
165 99 0 1
166 99 0 1
167 99 0 1
168 99 0 1
169 99 0 1
170 99 0 1
171 99 0 1
172 99 0 1
173 99 0 1
174 99 0 1
175 99 0 1
176 99 0 1
232 99 0 2
233 99 0 2
234 99 0 2
235 99 0 2
236 99 0 2
237 99 0 2
238 99 0 2
239 99 0 2
240 99 0 2
241 99 0 2
242 99 0 2
243 99 0 2
244 99 0 2
245 99 0 2
246 99 0 2
247 99 0 2
19 98 0 1
20 98 0 1
21 98 0 1
22 98 0 1
23 98 0 1
24 98 0 2
25 98 0 2
26 98 0 2
27 98 0 2
28 98 0 2
29 98 0 2
30 98 0 2
31 98 0 2
32 98 0 2
162 98 0 1
163 98 0 1
164 98 0 1
165 98 0 1
166 98 0 1
167 98 0 1
168 98 0 1
169 98 0 1
170 98 0 1
171 98 0 1
172 98 0 1
173 98 0 1
174 98 0 1
175 98 0 1
232 98 0 2
233 98 0 2
234 98 0 2
235 98 0 1
236 98 0 1
237 98 0 1
238 98 0 1
239 98 0 1
240 98 0 1
241 98 0 1
242 98 0 1
243 98 0 1
244 98 0 1
245 98 0 1
246 98 0 1
18 97 0 1
19 97 0 1
20 97 0 1
21 97 0 2
22 97 0 2
23 97 0 2
24 97 0 2
25 97 0 2
26 97 0 2
27 97 0 2
28 97 0 2
29 97 0 2
30 97 0 2
31 97 0 2
32 97 0 2
163 97 0 1
164 97 0 1
165 97 0 1
166 97 0 1
167 97 0 1
168 97 0 1
169 97 0 1
170 97 0 1
171 97 0 1
172 97 0 1
173 97 0 1
174 97 0 1
232 97 0 2
233 97 0 2
234 97 0 2
235 97 0 1
236 97 0 1
237 97 0 1
238 97 0 1
239 97 0 1
240 97 0 1
241 97 0 1
242 97 0 1
243 97 0 1
244 97 0 1
245 97 0 1
18 96 0 1
19 96 0 2
20 96 0 2
21 96 0 2
22 96 0 2
23 96 0 2
24 96 0 2
25 96 0 2
26 96 0 2
27 96 0 2
28 96 0 2
29 96 0 2
30 96 0 2
31 96 0 2
32 96 0 2
97 96 0 1
98 96 0 1
99 96 0 1
100 96 0 1
101 96 0 1
102 96 0 1
103 96 0 1
233 96 0 1
234 96 0 1
235 96 0 1
236 96 0 1
18 95 0 2
19 95 0 2
20 95 0 2
21 95 0 2
22 95 0 2
23 95 0 2
24 95 0 2
25 95 0 2
26 95 0 2
27 95 0 2
28 95 0 2
29 95 0 2
30 95 0 2
31 95 0 2
32 95 0 2
96 95 0 2
97 95 0 2
98 95 0 1
99 95 0 1
100 95 0 1
101 95 0 1
102 95 0 1
103 95 0 1
104 95 0 1
105 95 0 1
106 95 0 1
234 95 0 1
235 95 0 1
18 94 0 2
19 94 0 2
20 94 0 2
21 94 0 2
22 94 0 2
23 94 0 2
24 94 0 2
25 94 0 2
26 94 0 2
27 94 0 2
28 94 0 2
29 94 0 2
30 94 0 2
31 94 0 2
32 94 0 2
96 94 0 2
97 94 0 2
98 94 0 2
99 94 0 2
100 94 0 2
101 94 0 2
102 94 0 1
103 94 0 1
104 94 0 1
105 94 0 1
106 94 0 1
107 94 0 1
204 94 0 2
205 94 0 2
206 94 0 2
207 94 0 2
208 94 0 2
209 94 0 2
210 94 0 1
211 94 0 2
212 94 0 2
213 94 0 2
214 94 0 2
215 94 0 2
18 93 0 2
19 93 0 2
20 93 0 2
21 93 0 2
22 93 0 2
23 93 0 2
24 93 0 2
25 93 0 2
26 93 0 2
27 93 0 2
28 93 0 2
29 93 0 2
30 93 0 2
31 93 0 2
32 93 0 2
68 93 0 1
69 93 0 1
70 93 0 1
71 93 0 1
72 93 0 1
96 93 0 2
97 93 0 2
98 93 0 2
99 93 0 2
100 93 0 2
101 93 0 2
102 93 0 2
103 93 0 2
104 93 0 2
105 93 0 1
106 93 0 1
107 93 0 1
108 93 0 1
109 93 0 1
110 93 0 1
203 93 0 2
204 93 0 2
205 93 0 2
206 93 0 2
207 93 0 2
208 93 0 2
209 93 0 2
210 93 0 2
211 93 0 2
212 93 0 2
213 93 0 2
214 93 0 2
215 93 0 2
216 93 0 2
18 92 0 2
19 92 0 2
20 92 0 2
21 92 0 2
22 92 0 2
23 92 0 2
24 92 0 2
25 92 0 2
26 92 0 2
27 92 0 2
28 92 0 2
29 92 0 2
30 92 0 2
31 92 0 2
32 92 0 2
66 92 0 1
67 92 0 1
68 92 0 1
69 92 0 1
70 92 0 1
71 92 0 1
72 92 0 1
73 92 0 1
74 92 0 1
96 92 0 2
97 92 0 2
98 92 0 2
99 92 0 2
100 92 0 2
101 92 0 2
102 92 0 2
103 92 0 2
104 92 0 2
105 92 0 2
106 92 0 2
107 92 0 1
108 92 0 1
109 92 0 1
110 92 0 1
121 92 0 1
122 92 0 1
123 92 0 1
124 92 0 1
125 92 0 1
203 92 0 2
204 92 0 2
205 92 0 2
206 92 0 2
207 92 0 2
208 92 0 2
209 92 0 2
210 92 0 2
211 92 0 2
212 92 0 2
213 92 0 2
214 92 0 2
215 92 0 2
216 92 0 2
217 92 0 2
18 91 0 2
19 91 0 2
20 91 0 2
21 91 0 2
22 91 0 2
23 91 0 2
24 91 0 2
25 91 0 2
26 91 0 2
27 91 0 2
28 91 0 2
29 91 0 2
30 91 0 2
31 91 0 2
32 91 0 2
65 91 0 1
66 91 0 1
67 91 0 1
68 91 0 1
69 91 0 1
70 91 0 1
71 91 0 1
72 91 0 1
73 91 0 1
74 91 0 1
75 91 0 1
96 91 0 2
97 91 0 2
98 91 0 2
99 91 0 2
100 91 0 2
101 91 0 2
102 91 0 2
103 91 0 2
104 91 0 2
105 91 0 2
106 91 0 2
107 91 0 2
108 91 0 2
109 91 0 2
110 91 0 2
120 91 0 1
121 91 0 1
122 91 0 1
123 91 0 1
124 91 0 1
125 91 0 1
126 91 0 1
127 91 0 2
128 91 0 2
203 91 0 2
204 91 0 2
205 91 0 2
206 91 0 2
207 91 0 2
208 91 0 2
209 91 0 2
210 91 0 2
211 91 0 2
212 91 0 2
213 91 0 2
214 91 0 2
215 91 0 2
216 91 0 2
217 91 0 2
18 90 0 2
19 90 0 2
20 90 0 2
21 90 0 1
22 90 0 1
23 90 0 1
24 90 0 1
25 90 0 1
26 90 0 1
27 90 0 1
28 90 0 1
29 90 0 1
30 90 0 1
31 90 0 1
65 90 0 1
66 90 0 1
67 90 0 1
68 90 0 1
69 90 0 1
70 90 0 1
71 90 0 1
72 90 0 1
73 90 0 1
74 90 0 1
75 90 0 1
96 90 0 2
97 90 0 2
98 90 0 2
99 90 0 2
100 90 0 2
101 90 0 2
102 90 0 2
103 90 0 2
104 90 0 2
105 90 0 2
106 90 0 2
107 90 0 2
108 90 0 2
109 90 0 2
110 90 0 2
120 90 0 2
121 90 0 2
122 90 0 2
123 90 0 2
124 90 0 2
125 90 0 2
126 90 0 2
127 90 0 2
128 90 0 2
129 90 0 2
130 90 0 2
203 90 0 2
204 90 0 2
205 90 0 2
206 90 0 2
207 90 0 2
208 90 0 2
209 90 0 2
210 90 0 2
211 90 0 2
212 90 0 2
213 90 0 2
214 90 0 2
215 90 0 2
216 90 0 2
217 90 0 2
18 89 0 2
19 89 0 2
20 89 0 1
21 89 0 1
22 89 0 1
23 89 0 1
24 89 0 1
25 89 0 1
26 89 0 1
27 89 0 1
28 89 0 1
29 89 0 1
30 89 0 1
64 89 0 1
65 89 0 1
66 89 0 1
67 89 0 1
68 89 0 1
69 89 0 1
70 89 0 1
71 89 0 1
72 89 0 1
73 89 0 1
74 89 0 1
75 89 0 1
76 89 0 1
96 89 0 2
97 89 0 2
98 89 0 2
99 89 0 2
100 89 0 2
101 89 0 2
102 89 0 2
103 89 0 2
104 89 0 2
105 89 0 2
106 89 0 2
107 89 0 2
108 89 0 2
109 89 0 2
110 89 0 2
120 89 0 2
121 89 0 2
122 89 0 2
123 89 0 2
124 89 0 2
125 89 0 2
126 89 0 2
127 89 0 2
128 89 0 2
129 89 0 2
130 89 0 2
131 89 0 2
132 89 0 2
203 89 0 2
204 89 0 2
205 89 0 2
206 89 0 2
207 89 0 2
208 89 0 2
209 89 0 2
210 89 0 2
211 89 0 2
212 89 0 2
213 89 0 2
214 89 0 2
215 89 0 2
216 89 0 2
217 89 0 2
19 88 0 1
20 88 0 1
21 88 0 1
22 88 0 1
23 88 0 1
24 88 0 1
25 88 0 1
26 88 0 1
27 88 0 1
28 88 0 1
29 88 0 1
64 88 0 1
65 88 0 1
66 88 0 1
67 88 0 1
68 88 0 1
69 88 0 1
70 88 0 1
71 88 0 1
72 88 0 1
73 88 0 1
74 88 0 1
75 88 0 1
76 88 0 1
96 88 0 1
97 88 0 2
98 88 0 2
99 88 0 2
100 88 0 2
101 88 0 2
102 88 0 2
103 88 0 2
104 88 0 2
105 88 0 2
106 88 0 2
107 88 0 2
108 88 0 2
109 88 0 2
110 88 0 2
120 88 0 2
121 88 0 2
122 88 0 2
123 88 0 2
124 88 0 2
125 88 0 2
126 88 0 2
127 88 0 2
128 88 0 2
129 88 0 2
130 88 0 2
131 88 0 2
132 88 0 2
133 88 0 2
203 88 0 2
204 88 0 2
205 88 0 2
206 88 0 2
207 88 0 2
208 88 0 2
209 88 0 2
210 88 0 2
211 88 0 2
212 88 0 2
213 88 0 2
214 88 0 2
215 88 0 2
216 88 0 1
217 88 0 1
64 87 0 1
65 87 0 1
66 87 0 1
67 87 0 1
68 87 0 1
69 87 0 1
70 87 0 1
71 87 0 1
72 87 0 1
73 87 0 1
74 87 0 1
75 87 0 1
76 87 0 1
96 87 0 1
97 87 0 1
98 87 0 1
99 87 0 2
100 87 0 2
101 87 0 2
102 87 0 2
103 87 0 2
104 87 0 2
105 87 0 2
106 87 0 2
107 87 0 2
108 87 0 2
109 87 0 2
110 87 0 2
120 87 0 2
121 87 0 2
122 87 0 2
123 87 0 2
124 87 0 2
125 87 0 2
126 87 0 2
127 87 0 2
128 87 0 2
129 87 0 2
130 87 0 2
131 87 0 2
132 87 0 2
133 87 0 2
203 87 0 1
204 87 0 2
205 87 0 2
206 87 0 2
207 87 0 2
208 87 0 2
209 87 0 2
210 87 0 2
211 87 0 2
212 87 0 2
213 87 0 2
214 87 0 1
215 87 0 1
216 87 0 1
217 87 0 1
64 86 0 1
65 86 0 1
66 86 0 1
67 86 0 1
68 86 0 1
69 86 0 1
70 86 0 1
71 86 0 1
72 86 0 1
73 86 0 1
74 86 0 1
75 86 0 1
76 86 0 1
96 86 0 1
97 86 0 1
98 86 0 1
99 86 0 1
100 86 0 1
101 86 0 1
102 86 0 1
103 86 0 1
104 86 0 2
105 86 0 2
106 86 0 2
107 86 0 2
108 86 0 2
109 86 0 2
120 86 0 2
121 86 0 2
122 86 0 2
123 86 0 2
124 86 0 2
125 86 0 2
126 86 0 2
127 86 0 2
128 86 0 2
129 86 0 2
130 86 0 2
131 86 0 1
132 86 0 1
133 86 0 1
203 86 0 1
204 86 0 1
205 86 0 1
206 86 0 2
207 86 0 2
208 86 0 2
209 86 0 2
210 86 0 2
211 86 0 2
212 86 0 2
213 86 0 2
214 86 0 1
215 86 0 1
216 86 0 1
217 86 0 1
65 85 0 1
66 85 0 1
67 85 0 1
68 85 0 1
69 85 0 1
70 85 0 1
71 85 0 1
72 85 0 1
73 85 0 1
74 85 0 1
75 85 0 1
98 85 0 1
99 85 0 1
100 85 0 1
101 85 0 1
102 85 0 1
103 85 0 1
104 85 0 1
105 85 0 2
106 85 0 2
107 85 0 2
108 85 0 2
120 85 0 2
121 85 0 2
122 85 0 2
123 85 0 2
124 85 0 2
125 85 0 2
126 85 0 2
127 85 0 2
128 85 0 1
129 85 0 1
130 85 0 1
131 85 0 1
132 85 0 1
133 85 0 1
203 85 0 1
204 85 0 1
205 85 0 1
206 85 0 2
207 85 0 2
208 85 0 2
209 85 0 2
210 85 0 2
211 85 0 2
212 85 0 2
213 85 0 2
214 85 0 2
215 85 0 2
216 85 0 1
217 85 0 1
65 84 0 1
66 84 0 1
67 84 0 1
68 84 0 1
69 84 0 1
70 84 0 1
71 84 0 1
72 84 0 1
73 84 0 1
74 84 0 1
75 84 0 1
103 84 0 1
104 84 0 1
105 84 0 1
106 84 0 1
107 84 0 1
120 84 0 2
121 84 0 2
122 84 0 2
123 84 0 2
124 84 0 2
125 84 0 1
126 84 0 1
127 84 0 1
128 84 0 1
129 84 0 1
130 84 0 1
131 84 0 1
132 84 0 1
133 84 0 1
203 84 0 1
204 84 0 1
205 84 0 1
206 84 0 1
207 84 0 2
208 84 0 2
209 84 0 2
210 84 0 2
211 84 0 2
212 84 0 2
213 84 0 2
214 84 0 2
215 84 0 2
216 84 0 2
217 84 0 2
66 83 0 1
67 83 0 1
68 83 0 1
69 83 0 1
70 83 0 1
71 83 0 1
72 83 0 1
73 83 0 1
74 83 0 1
120 83 0 2
121 83 0 2
122 83 0 1
123 83 0 1
124 83 0 1
125 83 0 1
126 83 0 1
127 83 0 1
128 83 0 1
129 83 0 1
130 83 0 1
131 83 0 1
132 83 0 1
133 83 0 1
204 83 0 1
205 83 0 1
206 83 0 1
207 83 0 1
208 83 0 1
209 83 0 1
210 83 0 2
211 83 0 2
212 83 0 2
213 83 0 2
214 83 0 2
215 83 0 2
216 83 0 2
217 83 0 2
68 82 0 1
69 82 0 1
70 82 0 1
71 82 0 1
72 82 0 1
120 82 0 1
121 82 0 1
122 82 0 1
123 82 0 1
124 82 0 1
125 82 0 1
126 82 0 1
127 82 0 1
128 82 0 1
129 82 0 1
130 82 0 1
205 82 0 1
206 82 0 1
207 82 0 1
208 82 0 1
209 82 0 1
210 82 0 1
211 82 0 1
212 82 0 1
213 82 0 2
214 82 0 2
215 82 0 2
216 82 0 2
217 82 0 2
120 81 0 1
121 81 0 1
122 81 0 1
123 81 0 1
124 81 0 1
125 81 0 1
126 81 0 1
127 81 0 1
128 81 0 1
129 81 0 1
207 81 0 1
208 81 0 1
209 81 0 1
210 81 0 1
211 81 0 1
212 81 0 1
213 81 0 2
214 81 0 2
215 81 0 2
216 81 0 2
217 81 0 2
105 76 0 2
106 76 0 2
107 76 0 2
108 76 0 2
109 76 0 1
110 76 0 1
111 76 0 1
112 76 0 1
113 76 0 1
114 76 0 1
115 76 0 1
116 76 0 1
117 76 0 1
104 75 0 2
105 75 0 2
106 75 0 2
107 75 0 2
108 75 0 2
109 75 0 2
110 75 0 2
111 75 0 1
112 75 0 1
113 75 0 1
114 75 0 1
115 75 0 1
116 75 0 1
117 75 0 1
118 75 0 1
229 75 0 2
230 75 0 2
231 75 0 1
232 75 0 1
233 75 0 1
234 75 0 1
235 75 0 1
236 75 0 1
103 74 0 2
104 74 0 2
105 74 0 2
106 74 0 2
107 74 0 2
108 74 0 2
109 74 0 2
110 74 0 2
111 74 0 2
112 74 0 2
113 74 0 2
114 74 0 2
115 74 0 2
116 74 0 2
117 74 0 2
118 74 0 1
227 74 0 2
228 74 0 2
229 74 0 2
230 74 0 2
231 74 0 2
232 74 0 1
233 74 0 1
234 74 0 1
235 74 0 1
236 74 0 1
237 74 0 1
9 73 0 1
10 73 0 1
11 73 0 1
12 73 0 1
103 73 0 2
104 73 0 2
105 73 0 2
106 73 0 2
107 73 0 2
108 73 0 2
109 73 0 2
110 73 0 2
111 73 0 2
112 73 0 2
113 73 0 2
114 73 0 2
115 73 0 2
116 73 0 2
117 73 0 2
118 73 0 2
226 73 0 2
227 73 0 2
228 73 0 2
229 73 0 2
230 73 0 2
231 73 0 2
232 73 0 2
233 73 0 2
234 73 0 2
235 73 0 1
236 73 0 1
237 73 0 1
238 73 0 1
8 72 0 2
9 72 0 2
10 72 0 1
11 72 0 1
12 72 0 1
13 72 0 1
14 72 0 1
103 72 0 2
104 72 0 2
105 72 0 2
106 72 0 2
107 72 0 2
108 72 0 2
109 72 0 2
110 72 0 2
111 72 0 2
112 72 0 2
113 72 0 2
114 72 0 2
115 72 0 2
116 72 0 2
117 72 0 2
118 72 0 2
226 72 0 2
227 72 0 2
228 72 0 2
229 72 0 2
230 72 0 2
231 72 0 2
232 72 0 2
233 72 0 2
234 72 0 2
235 72 0 2
236 72 0 1
237 72 0 1
238 72 0 1
239 72 0 1
7 71 0 2
8 71 0 2
9 71 0 2
10 71 0 1
11 71 0 1
12 71 0 1
13 71 0 1
14 71 0 1
15 71 0 1
103 71 0 2
104 71 0 2
105 71 0 2
106 71 0 2
107 71 0 2
108 71 0 2
109 71 0 2
110 71 0 2
111 71 0 2
112 71 0 2
113 71 0 2
114 71 0 2
115 71 0 2
116 71 0 2
117 71 0 2
118 71 0 2
226 71 0 2
227 71 0 2
228 71 0 2
229 71 0 2
230 71 0 2
231 71 0 2
232 71 0 2
233 71 0 2
234 71 0 2
235 71 0 2
236 71 0 1
237 71 0 1
238 71 0 1
239 71 0 1
7 70 0 2
8 70 0 2
9 70 0 2
10 70 0 2
11 70 0 1
12 70 0 1
13 70 0 1
14 70 0 1
15 70 0 1
47 70 0 1
48 70 0 1
49 70 0 1
50 70 0 1
51 70 0 1
52 70 0 1
53 70 0 1
54 70 0 1
55 70 0 1
56 70 0 1
103 70 0 1
104 70 0 2
105 70 0 2
106 70 0 2
107 70 0 2
108 70 0 2
109 70 0 2
110 70 0 2
111 70 0 2
112 70 0 2
113 70 0 2
114 70 0 2
115 70 0 2
116 70 0 2
117 70 0 2
118 70 0 2
226 70 0 1
227 70 0 2
228 70 0 2
229 70 0 2
230 70 0 2
231 70 0 2
232 70 0 2
233 70 0 2
234 70 0 2
235 70 0 2
236 70 0 2
237 70 0 2
238 70 0 1
239 70 0 1
7 69 0 2
8 69 0 2
9 69 0 2
10 69 0 2
11 69 0 1
12 69 0 1
13 69 0 1
14 69 0 1
15 69 0 1
16 69 0 1
17 69 0 1
18 69 0 1
19 69 0 1
46 69 0 1
47 69 0 1
48 69 0 1
49 69 0 1
50 69 0 1
51 69 0 1
52 69 0 1
53 69 0 1
54 69 0 1
55 69 0 1
56 69 0 1
57 69 0 1
103 69 0 1
104 69 0 1
105 69 0 1
106 69 0 1
107 69 0 1
108 69 0 2
109 69 0 2
110 69 0 2
111 69 0 2
112 69 0 2
113 69 0 2
114 69 0 2
115 69 0 2
116 69 0 2
117 69 0 2
118 69 0 2
226 69 0 1
227 69 0 1
228 69 0 1
229 69 0 2
230 69 0 2
231 69 0 2
232 69 0 2
233 69 0 2
234 69 0 2
235 69 0 2
236 69 0 2
237 69 0 2
238 69 0 1
239 69 0 1
7 68 0 2
8 68 0 2
9 68 0 2
10 68 0 2
11 68 0 2
12 68 0 2
13 68 0 1
14 68 0 1
15 68 0 1
16 68 0 1
17 68 0 1
18 68 0 1
19 68 0 1
44 68 0 1
45 68 0 1
46 68 0 1
47 68 0 1
48 68 0 2
49 68 0 2
50 68 0 2
51 68 0 2
52 68 0 2
53 68 0 2
54 68 0 2
55 68 0 2
56 68 0 1
57 68 0 1
58 68 0 1
104 68 0 1
105 68 0 1
106 68 0 1
107 68 0 1
108 68 0 1
109 68 0 1
110 68 0 1
111 68 0 2
112 68 0 2
113 68 0 2
114 68 0 2
115 68 0 2
116 68 0 2
117 68 0 2
118 68 0 2
226 68 0 1
227 68 0 1
228 68 0 1
229 68 0 1
230 68 0 2
231 68 0 2
232 68 0 2
233 68 0 2
234 68 0 2
235 68 0 2
236 68 0 2
237 68 0 2
238 68 0 2
239 68 0 2
7 67 0 2
8 67 0 2
9 67 0 2
10 67 0 2
11 67 0 2
12 67 0 2
13 67 0 2
14 67 0 2
15 67 0 2
16 67 0 1
17 67 0 1
18 67 0 1
19 67 0 1
43 67 0 1
44 67 0 1
45 67 0 1
46 67 0 2
47 67 0 2
48 67 0 2
49 67 0 2
50 67 0 2
51 67 0 2
52 67 0 2
53 67 0 2
54 67 0 2
55 67 0 2
56 67 0 2
57 67 0 2
58 67 0 2
108 67 0 1
109 67 0 1
110 67 0 1
111 67 0 2
112 67 0 2
113 67 0 2
114 67 0 2
115 67 0 2
116 67 0 2
117 67 0 2
118 67 0 2
134 67 0 1
135 67 0 1
137 67 0 1
138 67 0 1
139 67 0 1
140 67 0 1
141 67 0 2
142 67 0 2
143 67 0 2
226 67 0 1
227 67 0 1
228 67 0 1
229 67 0 1
230 67 0 1
231 67 0 2
232 67 0 2
233 67 0 2
234 67 0 2
235 67 0 2
236 67 0 2
237 67 0 2
238 67 0 2
239 67 0 2
7 66 0 2
8 66 0 2
9 66 0 2
10 66 0 2
11 66 0 2
12 66 0 2
13 66 0 2
14 66 0 2
15 66 0 2
16 66 0 2
17 66 0 2
18 66 0 2
19 66 0 1
43 66 0 2
44 66 0 2
45 66 0 2
46 66 0 2
47 66 0 2
48 66 0 2
49 66 0 2
50 66 0 2
51 66 0 2
52 66 0 2
53 66 0 2
54 66 0 2
55 66 0 2
56 66 0 2
57 66 0 2
58 66 0 2
108 66 0 1
109 66 0 1
110 66 0 1
111 66 0 1
112 66 0 1
113 66 0 1
114 66 0 1
115 66 0 2
116 66 0 2
117 66 0 2
118 66 0 2
133 66 0 2
134 66 0 1
135 66 0 1
136 66 0 1
137 66 0 1
138 66 0 2
139 66 0 2
140 66 0 2
141 66 0 2
142 66 0 2
143 66 0 2
144 66 0 2
145 66 0 2
226 66 0 1
227 66 0 1
228 66 0 1
229 66 0 1
230 66 0 1
231 66 0 1
232 66 0 2
233 66 0 2
234 66 0 2
235 66 0 2
236 66 0 2
237 66 0 2
238 66 0 2
7 65 0 2
8 65 0 2
9 65 0 2
10 65 0 2
11 65 0 2
12 65 0 2
13 65 0 2
14 65 0 2
15 65 0 2
16 65 0 2
17 65 0 2
18 65 0 2
19 65 0 1
43 65 0 2
44 65 0 2
45 65 0 2
46 65 0 2
47 65 0 2
48 65 0 2
49 65 0 2
50 65 0 2
51 65 0 2
52 65 0 2
53 65 0 2
54 65 0 2
55 65 0 2
56 65 0 2
57 65 0 2
58 65 0 2
111 65 0 1
112 65 0 1
113 65 0 1
114 65 0 1
115 65 0 1
116 65 0 1
117 65 0 1
118 65 0 2
132 65 0 2
133 65 0 2
134 65 0 1
135 65 0 1
136 65 0 1
137 65 0 1
138 65 0 2
139 65 0 2
140 65 0 2
141 65 0 2
142 65 0 2
143 65 0 2
144 65 0 2
145 65 0 2
146 65 0 2
227 65 0 1
228 65 0 1
229 65 0 1
230 65 0 1
231 65 0 1
232 65 0 1
233 65 0 1
234 65 0 2
235 65 0 2
236 65 0 2
237 65 0 2
238 65 0 2
7 64 0 1
8 64 0 2
9 64 0 2
10 64 0 2
11 64 0 2
12 64 0 2
13 64 0 2
14 64 0 2
15 64 0 2
16 64 0 2
17 64 0 2
18 64 0 2
19 64 0 2
43 64 0 2
44 64 0 2
45 64 0 2
46 64 0 2
47 64 0 2
48 64 0 2
49 64 0 2
50 64 0 2
51 64 0 2
52 64 0 2
53 64 0 2
54 64 0 2
55 64 0 2
56 64 0 2
57 64 0 2
58 64 0 2
115 64 0 1
116 64 0 1
117 64 0 1
118 64 0 1
132 64 0 2
133 64 0 2
134 64 0 2
135 64 0 2
136 64 0 2
137 64 0 2
138 64 0 2
139 64 0 2
140 64 0 2
141 64 0 2
142 64 0 2
143 64 0 2
144 64 0 2
145 64 0 2
146 64 0 1
166 64 0 1
167 64 0 1
168 64 0 1
169 64 0 1
170 64 0 1
171 64 0 1
172 64 0 1
173 64 0 1
228 64 0 1
229 64 0 1
230 64 0 1
231 64 0 1
232 64 0 1
233 64 0 1
234 64 0 1
235 64 0 2
236 64 0 2
237 64 0 2
7 63 0 1
8 63 0 1
9 63 0 2
10 63 0 2
11 63 0 2
12 63 0 2
13 63 0 2
14 63 0 2
15 63 0 2
16 63 0 2
17 63 0 2
18 63 0 2
19 63 0 2
43 63 0 2
44 63 0 2
45 63 0 2
46 63 0 2
47 63 0 2
48 63 0 2
49 63 0 2
50 63 0 2
51 63 0 2
52 63 0 2
53 63 0 2
54 63 0 2
55 63 0 2
56 63 0 2
57 63 0 2
58 63 0 2
118 63 0 1
132 63 0 2
133 63 0 2
134 63 0 2
135 63 0 2
136 63 0 2
137 63 0 2
138 63 0 2
139 63 0 2
140 63 0 2
141 63 0 2
142 63 0 2
143 63 0 2
144 63 0 2
145 63 0 2
146 63 0 1
165 63 0 1
166 63 0 1
167 63 0 1
168 63 0 1
169 63 0 1
170 63 0 1
171 63 0 1
172 63 0 1
173 63 0 1
174 63 0 1
229 63 0 1
230 63 0 1
231 63 0 1
232 63 0 1
233 63 0 1
234 63 0 1
235 63 0 1
236 63 0 1
7 62 0 1
8 62 0 1
9 62 0 1
10 62 0 1
11 62 0 1
12 62 0 1
13 62 0 2
14 62 0 2
15 62 0 2
16 62 0 2
17 62 0 2
18 62 0 2
19 62 0 2
43 62 0 2
44 62 0 2
45 62 0 2
46 62 0 2
47 62 0 2
48 62 0 2
49 62 0 2
50 62 0 2
51 62 0 2
52 62 0 2
53 62 0 2
54 62 0 2
55 62 0 2
56 62 0 2
57 62 0 2
58 62 0 2
132 62 0 2
133 62 0 2
134 62 0 2
135 62 0 2
136 62 0 2
137 62 0 2
138 62 0 2
139 62 0 2
140 62 0 2
141 62 0 2
142 62 0 2
143 62 0 1
144 62 0 1
145 62 0 1
146 62 0 1
164 62 0 1
165 62 0 1
166 62 0 1
167 62 0 1
168 62 0 1
169 62 0 1
170 62 0 1
171 62 0 1
172 62 0 1
173 62 0 1
174 62 0 1
175 62 0 1
201 62 0 2
202 62 0 2
203 62 0 2
204 62 0 2
205 62 0 2
206 62 0 1
207 62 0 1
208 62 0 1
8 61 0 1
9 61 0 1
10 61 0 1
11 61 0 1
12 61 0 1
13 61 0 1
14 61 0 1
15 61 0 2
16 61 0 2
17 61 0 2
18 61 0 2
43 61 0 2
44 61 0 2
45 61 0 2
46 61 0 2
47 61 0 2
48 61 0 2
49 61 0 2
50 61 0 2
51 61 0 2
52 61 0 2
53 61 0 2
54 61 0 2
55 61 0 2
56 61 0 2
57 61 0 2
58 61 0 2
132 61 0 2
133 61 0 2
134 61 0 2
135 61 0 2
136 61 0 2
137 61 0 2
138 61 0 2
139 61 0 2
140 61 0 2
141 61 0 2
142 61 0 2
143 61 0 1
144 61 0 1
145 61 0 1
163 61 0 1
164 61 0 1
165 61 0 1
166 61 0 1
167 61 0 1
168 61 0 1
169 61 0 1
170 61 0 1
171 61 0 1
172 61 0 1
173 61 0 1
174 61 0 1
175 61 0 1
176 61 0 1
199 61 0 2
200 61 0 2
201 61 0 2
202 61 0 2
203 61 0 2
204 61 0 2
205 61 0 2
206 61 0 1
207 61 0 1
208 61 0 1
209 61 0 1
10 60 0 1
11 60 0 1
12 60 0 1
13 60 0 1
14 60 0 1
15 60 0 1
16 60 0 1
17 60 0 2
43 60 0 2
44 60 0 1
45 60 0 1
46 60 0 1
47 60 0 1
48 60 0 2
49 60 0 2
50 60 0 2
51 60 0 2
52 60 0 2
53 60 0 2
54 60 0 2
55 60 0 2
56 60 0 2
57 60 0 1
58 60 0 1
132 60 0 2
133 60 0 2
134 60 0 2
135 60 0 2
136 60 0 2
137 60 0 2
138 60 0 2
139 60 0 2
140 60 0 2
141 60 0 2
142 60 0 2
143 60 0 1
144 60 0 1
145 60 0 1
163 60 0 1
164 60 0 1
165 60 0 1
166 60 0 1
167 60 0 1
168 60 0 1
169 60 0 1
170 60 0 1
171 60 0 1
172 60 0 1
173 60 0 1
174 60 0 1
175 60 0 1
176 60 0 1
198 60 0 2
199 60 0 2
200 60 0 2
201 60 0 2
202 60 0 2
203 60 0 2
204 60 0 2
205 60 0 2
206 60 0 2
207 60 0 1
208 60 0 1
209 60 0 1
210 60 0 1
43 59 0 1
44 59 0 1
45 59 0 1
46 59 0 1
47 59 0 1
48 59 0 2
49 59 0 2
50 59 0 2
51 59 0 2
52 59 0 2
53 59 0 2
54 59 0 2
55 59 0 1
56 59 0 1
57 59 0 1
132 59 0 1
133 59 0 1
134 59 0 2
135 59 0 2
136 59 0 2
137 59 0 2
138 59 0 2
139 59 0 2
140 59 0 2
141 59 0 2
142 59 0 2
143 59 0 2
144 59 0 1
145 59 0 1
146 59 0 1
163 59 0 1
164 59 0 1
165 59 0 1
166 59 0 1
167 59 0 1
168 59 0 1
169 59 0 1
170 59 0 1
171 59 0 1
172 59 0 1
173 59 0 1
174 59 0 1
175 59 0 1
176 59 0 1
198 59 0 1
199 59 0 2
200 59 0 2
201 59 0 2
202 59 0 2
203 59 0 2
204 59 0 2
205 59 0 2
206 59 0 2
207 59 0 2
208 59 0 1
209 59 0 1
210 59 0 1
211 59 0 1
44 58 0 1
45 58 0 1
46 58 0 1
47 58 0 2
48 58 0 2
49 58 0 2
50 58 0 2
51 58 0 2
52 58 0 2
53 58 0 2
54 58 0 2
55 58 0 1
56 58 0 1
132 58 0 1
133 58 0 1
134 58 0 1
135 58 0 1
136 58 0 2
137 58 0 2
138 58 0 2
139 58 0 2
140 58 0 2
141 58 0 2
142 58 0 2
143 58 0 2
144 58 0 2
145 58 0 1
146 58 0 1
163 58 0 1
164 58 0 1
165 58 0 1
166 58 0 1
167 58 0 1
168 58 0 1
169 58 0 1
170 58 0 1
171 58 0 1
172 58 0 1
173 58 0 1
174 58 0 1
175 58 0 1
176 58 0 1
198 58 0 1
199 58 0 1
200 58 0 1
201 58 0 2
202 58 0 2
203 58 0 2
204 58 0 2
205 58 0 2
206 58 0 2
207 58 0 2
208 58 0 2
209 58 0 1
210 58 0 1
211 58 0 1
212 58 0 1
45 57 0 1
46 57 0 2
47 57 0 2
48 57 0 2
49 57 0 2
50 57 0 2
51 57 0 2
52 57 0 2
53 57 0 2
54 57 0 1
55 57 0 1
132 57 0 1
133 57 0 1
134 57 0 1
135 57 0 1
136 57 0 1
137 57 0 2
138 57 0 2
139 57 0 2
140 57 0 2
141 57 0 2
142 57 0 2
143 57 0 2
144 57 0 2
145 57 0 1
146 57 0 1
163 57 0 1
164 57 0 1
165 57 0 1
166 57 0 1
167 57 0 1
168 57 0 1
169 57 0 1
170 57 0 1
171 57 0 1
172 57 0 1
173 57 0 1
174 57 0 1
175 57 0 1
176 57 0 1
198 57 0 1
199 57 0 1
200 57 0 1
201 57 0 1
202 57 0 2
203 57 0 2
204 57 0 2
205 57 0 2
206 57 0 2
207 57 0 2
208 57 0 2
209 57 0 2
210 57 0 1
211 57 0 1
212 57 0 1
132 56 0 1
133 56 0 1
134 56 0 1
135 56 0 1
136 56 0 1
137 56 0 2
138 56 0 2
139 56 0 2
140 56 0 2
141 56 0 2
142 56 0 2
143 56 0 2
144 56 0 2
145 56 0 2
146 56 0 2
163 56 0 1
164 56 0 1
165 56 0 1
166 56 0 1
167 56 0 1
168 56 0 1
169 56 0 1
170 56 0 1
171 56 0 1
172 56 0 1
173 56 0 1
174 56 0 1
175 56 0 1
176 56 0 1
198 56 0 2
199 56 0 2
200 56 0 2
201 56 0 2
202 56 0 2
203 56 0 2
204 56 0 2
205 56 0 2
206 56 0 2
207 56 0 2
208 56 0 2
209 56 0 2
210 56 0 1
211 56 0 1
212 56 0 1
133 55 0 1
134 55 0 1
135 55 0 1
136 55 0 1
137 55 0 2
138 55 0 2
139 55 0 2
140 55 0 2
141 55 0 2
142 55 0 2
143 55 0 2
144 55 0 2
145 55 0 2
163 55 0 1
164 55 0 1
165 55 0 1
166 55 0 1
167 55 0 1
168 55 0 1
169 55 0 1
170 55 0 1
171 55 0 1
172 55 0 1
173 55 0 1
174 55 0 1
175 55 0 1
176 55 0 1
198 55 0 2
199 55 0 2
200 55 0 2
201 55 0 2
202 55 0 2
203 55 0 2
204 55 0 2
205 55 0 2
206 55 0 2
207 55 0 2
208 55 0 2
209 55 0 2
210 55 0 2
211 55 0 1
212 55 0 1
76 54 0 1
77 54 0 1
78 54 0 1
79 54 0 1
80 54 0 1
81 54 0 1
82 54 0 1
83 54 0 1
84 54 0 1
135 54 0 1
136 54 0 1
137 54 0 1
138 54 0 1
139 54 0 2
140 54 0 2
141 54 0 2
142 54 0 2
143 54 0 2
144 54 0 2
164 54 0 1
165 54 0 1
166 54 0 1
167 54 0 1
168 54 0 1
169 54 0 1
170 54 0 1
171 54 0 1
172 54 0 1
173 54 0 1
174 54 0 1
175 54 0 1
198 54 0 2
199 54 0 2
200 54 0 2
201 54 0 2
202 54 0 2
203 54 0 2
204 54 0 2
205 54 0 2
206 54 0 2
207 54 0 2
208 54 0 2
209 54 0 2
210 54 0 2
211 54 0 2
212 54 0 2
74 53 0 1
75 53 0 1
76 53 0 1
77 53 0 1
78 53 0 2
79 53 0 2
80 53 0 2
81 53 0 2
82 53 0 1
83 53 0 1
84 53 0 1
85 53 0 1
86 53 0 1
87 53 0 1
165 53 0 1
166 53 0 1
167 53 0 1
168 53 0 1
169 53 0 1
170 53 0 1
171 53 0 1
172 53 0 1
173 53 0 1
174 53 0 1
198 53 0 2
199 53 0 2
200 53 0 2
201 53 0 2
202 53 0 2
203 53 0 2
204 53 0 2
205 53 0 2
206 53 0 2
207 53 0 2
208 53 0 2
209 53 0 2
210 53 0 2
211 53 0 2
212 53 0 2
73 52 0 1
74 52 0 1
75 52 0 1
76 52 0 1
77 52 0 2
78 52 0 2
79 52 0 2
80 52 0 2
81 52 0 2
82 52 0 1
83 52 0 1
84 52 0 1
85 52 0 1
86 52 0 1
87 52 0 1
166 52 0 1
167 52 0 1
168 52 0 1
169 52 0 1
170 52 0 1
171 52 0 1
172 52 0 1
173 52 0 1
198 52 0 2
199 52 0 2
200 52 0 2
201 52 0 2
202 52 0 2
203 52 0 2
204 52 0 2
205 52 0 2
206 52 0 2
207 52 0 2
208 52 0 2
209 52 0 2
210 52 0 2
211 52 0 2
212 52 0 2
73 51 0 1
74 51 0 2
75 51 0 2
76 51 0 2
77 51 0 2
78 51 0 2
79 51 0 2
80 51 0 2
81 51 0 2
82 51 0 2
83 51 0 2
84 51 0 2
85 51 0 1
86 51 0 1
87 51 0 2
198 51 0 2
199 51 0 2
200 51 0 2
201 51 0 2
202 51 0 2
203 51 0 2
204 51 0 2
205 51 0 2
206 51 0 2
207 51 0 2
208 51 0 2
209 51 0 2
210 51 0 2
211 51 0 2
212 51 0 2
73 50 0 1
74 50 0 2
75 50 0 2
76 50 0 2
77 50 0 2
78 50 0 2
79 50 0 2
80 50 0 2
81 50 0 2
82 50 0 2
83 50 0 2
84 50 0 2
85 50 0 2
86 50 0 2
87 50 0 2
198 50 0 2
199 50 0 2
200 50 0 2
201 50 0 2
202 50 0 2
203 50 0 2
204 50 0 2
205 50 0 2
206 50 0 2
207 50 0 2
208 50 0 2
209 50 0 2
210 50 0 2
211 50 0 2
73 49 0 2
74 49 0 2
75 49 0 2
76 49 0 2
77 49 0 2
78 49 0 2
79 49 0 2
80 49 0 2
81 49 0 2
82 49 0 2
83 49 0 2
84 49 0 2
85 49 0 2
86 49 0 2
87 49 0 2
199 49 0 2
200 49 0 2
201 49 0 2
202 49 0 2
203 49 0 2
204 49 0 2
205 49 0 2
206 49 0 2
207 49 0 2
208 49 0 2
209 49 0 2
210 49 0 2
211 49 0 2
73 48 0 2
74 48 0 2
75 48 0 2
76 48 0 2
77 48 0 2
78 48 0 2
79 48 0 2
80 48 0 2
81 48 0 2
82 48 0 2
83 48 0 2
84 48 0 2
85 48 0 2
86 48 0 2
87 48 0 2
104 48 0 1
105 48 0 1
106 48 0 1
107 48 0 1
108 48 0 1
109 48 0 1
110 48 0 1
111 48 0 1
112 48 0 1
113 48 0 1
114 48 0 1
200 48 0 1
201 48 0 1
202 48 0 1
203 48 0 1
204 48 0 1
205 48 0 1
206 48 0 2
207 48 0 2
208 48 0 2
209 48 0 2
210 48 0 2
73 47 0 2
74 47 0 2
75 47 0 2
76 47 0 2
77 47 0 2
78 47 0 2
79 47 0 2
80 47 0 2
81 47 0 2
82 47 0 2
83 47 0 2
84 47 0 2
85 47 0 2
86 47 0 2
87 47 0 2
103 47 0 1
104 47 0 1
105 47 0 1
106 47 0 1
107 47 0 1
108 47 0 1
109 47 0 1
110 47 0 1
111 47 0 1
112 47 0 1
113 47 0 1
114 47 0 1
115 47 0 1
201 47 0 1
202 47 0 1
203 47 0 1
204 47 0 1
73 46 0 2
74 46 0 2
75 46 0 2
76 46 0 2
77 46 0 2
78 46 0 2
79 46 0 2
80 46 0 2
81 46 0 2
82 46 0 2
83 46 0 2
84 46 0 2
85 46 0 2
86 46 0 2
87 46 0 2
103 46 0 2
104 46 0 2
105 46 0 1
106 46 0 1
107 46 0 1
108 46 0 1
109 46 0 1
110 46 0 1
111 46 0 1
112 46 0 1
113 46 0 1
114 46 0 1
115 46 0 1
116 46 0 1
117 46 0 1
118 46 0 1
237 46 0 1
238 46 0 1
239 46 0 1
240 46 0 1
73 45 0 2
74 45 0 2
75 45 0 2
76 45 0 2
77 45 0 2
78 45 0 2
79 45 0 1
80 45 0 1
81 45 0 1
82 45 0 2
83 45 0 2
84 45 0 2
85 45 0 2
86 45 0 2
87 45 0 2
102 45 0 2
103 45 0 2
104 45 0 2
105 45 0 2
106 45 0 2
107 45 0 2
108 45 0 2
109 45 0 2
110 45 0 2
111 45 0 2
112 45 0 2
113 45 0 1
114 45 0 1
115 45 0 1
116 45 0 1
117 45 0 1
118 45 0 1
228 45 0 1
236 45 0 1
237 45 0 1
238 45 0 1
239 45 0 1
240 45 0 2
241 45 0 2
73 44 0 2
74 44 0 2
75 44 0 2
76 44 0 1
77 44 0 1
78 44 0 1
79 44 0 1
80 44 0 1
81 44 0 1
82 44 0 1
83 44 0 1
84 44 0 1
85 44 0 1
86 44 0 1
87 44 0 1
102 44 0 2
103 44 0 2
104 44 0 2
105 44 0 2
106 44 0 2
107 44 0 2
108 44 0 2
109 44 0 2
110 44 0 2
111 44 0 2
112 44 0 2
113 44 0 2
114 44 0 2
115 44 0 1
116 44 0 1
117 44 0 1
118 44 0 1
228 44 0 1
229 44 0 1
235 44 0 1
236 44 0 1
237 44 0 1
238 44 0 1
239 44 0 2
240 44 0 2
241 44 0 2
242 44 0 2
73 43 0 1
74 43 0 1
75 43 0 1
76 43 0 1
77 43 0 1
78 43 0 1
79 43 0 1
81 43 0 1
82 43 0 1
83 43 0 1
84 43 0 1
85 43 0 1
86 43 0 1
87 43 0 1
102 43 0 2
103 43 0 2
104 43 0 2
105 43 0 2
106 43 0 2
107 43 0 2
108 43 0 2
109 43 0 2
110 43 0 2
111 43 0 2
112 43 0 2
113 43 0 2
114 43 0 2
115 43 0 2
116 43 0 1
117 43 0 1
118 43 0 1
148 43 0 1
149 43 0 2
150 43 0 2
151 43 0 2
152 43 0 2
153 43 0 2
154 43 0 2
155 43 0 2
156 43 0 1
157 43 0 1
158 43 0 1
228 43 0 1
229 43 0 1
230 43 0 1
234 43 0 1
235 43 0 1
236 43 0 1
237 43 0 2
238 43 0 2
239 43 0 2
240 43 0 2
241 43 0 2
242 43 0 2
73 42 0 1
74 42 0 1
75 42 0 1
102 42 0 2
103 42 0 2
104 42 0 2
105 42 0 2
106 42 0 2
107 42 0 2
108 42 0 2
109 42 0 2
110 42 0 2
111 42 0 2
112 42 0 2
113 42 0 2
114 42 0 2
115 42 0 2
116 42 0 2
117 42 0 2
118 42 0 2
148 42 0 1
149 42 0 2
150 42 0 2
151 42 0 2
152 42 0 2
153 42 0 2
154 42 0 2
155 42 0 2
156 42 0 1
157 42 0 1
158 42 0 1
159 42 0 2
228 42 0 2
229 42 0 1
230 42 0 1
231 42 0 1
232 42 0 1
233 42 0 1
234 42 0 1
235 42 0 1
236 42 0 2
237 42 0 2
238 42 0 2
239 42 0 2
240 42 0 2
241 42 0 2
242 42 0 2
243 42 0 2
102 41 0 2
103 41 0 2
104 41 0 2
105 41 0 2
106 41 0 2
107 41 0 2
108 41 0 2
109 41 0 2
110 41 0 2
111 41 0 2
112 41 0 2
113 41 0 2
114 41 0 2
115 41 0 2
116 41 0 2
117 41 0 2
118 41 0 2
148 41 0 1
149 41 0 1
150 41 0 2
151 41 0 2
152 41 0 2
153 41 0 2
154 41 0 2
155 41 0 2
156 41 0 1
157 41 0 1
158 41 0 2
159 41 0 2
160 41 0 2
228 41 0 2
229 41 0 2
230 41 0 1
231 41 0 1
232 41 0 1
233 41 0 1
234 41 0 1
235 41 0 1
236 41 0 2
237 41 0 2
238 41 0 2
239 41 0 2
240 41 0 2
241 41 0 2
242 41 0 2
243 41 0 2
35 40 0 1
36 40 0 1
37 40 0 1
38 40 0 2
39 40 0 2
40 40 0 2
41 40 0 2
42 40 0 2
43 40 0 1
44 40 0 1
45 40 0 1
46 40 0 1
102 40 0 2
103 40 0 2
104 40 0 2
105 40 0 2
106 40 0 2
107 40 0 2
108 40 0 2
109 40 0 2
110 40 0 2
111 40 0 2
112 40 0 2
113 40 0 2
114 40 0 2
115 40 0 2
116 40 0 2
117 40 0 2
118 40 0 2
148 40 0 1
149 40 0 1
150 40 0 2
151 40 0 2
152 40 0 2
153 40 0 2
154 40 0 2
155 40 0 2
156 40 0 2
157 40 0 2
158 40 0 2
159 40 0 2
160 40 0 2
161 40 0 2
228 40 0 2
229 40 0 2
230 40 0 2
231 40 0 2
232 40 0 2
233 40 0 2
234 40 0 2
235 40 0 2
236 40 0 2
237 40 0 2
238 40 0 2
239 40 0 2
240 40 0 2
241 40 0 2
242 40 0 2
243 40 0 2
34 39 0 1
35 39 0 1
36 39 0 2
37 39 0 2
38 39 0 2
39 39 0 2
40 39 0 2
41 39 0 2
42 39 0 2
43 39 0 2
44 39 0 1
45 39 0 1
46 39 0 2
102 39 0 2
103 39 0 2
104 39 0 2
105 39 0 2
106 39 0 2
107 39 0 2
108 39 0 2
109 39 0 2
110 39 0 2
111 39 0 2
112 39 0 2
113 39 0 2
114 39 0 2
115 39 0 2
116 39 0 2
117 39 0 2
118 39 0 2
148 39 0 1
149 39 0 1
150 39 0 2
151 39 0 2
152 39 0 2
153 39 0 2
154 39 0 2
155 39 0 2
156 39 0 2
157 39 0 2
158 39 0 2
159 39 0 2
160 39 0 2
161 39 0 2
228 39 0 2
229 39 0 2
230 39 0 2
231 39 0 2
232 39 0 2
233 39 0 2
234 39 0 2
235 39 0 2
236 39 0 2
237 39 0 2
238 39 0 2
239 39 0 2
240 39 0 2
241 39 0 2
242 39 0 2
243 39 0 1
33 38 0 1
34 38 0 1
35 38 0 1
36 38 0 2
37 38 0 2
38 38 0 2
39 38 0 2
40 38 0 2
41 38 0 2
42 38 0 2
43 38 0 2
44 38 0 2
45 38 0 2
46 38 0 2
102 38 0 2
103 38 0 2
104 38 0 2
105 38 0 2
106 38 0 2
107 38 0 2
108 38 0 2
109 38 0 2
110 38 0 2
111 38 0 2
112 38 0 2
113 38 0 2
114 38 0 2
115 38 0 2
116 38 0 2
117 38 0 2
118 38 0 2
148 38 0 1
149 38 0 1
150 38 0 2
151 38 0 2
152 38 0 2
153 38 0 2
154 38 0 2
155 38 0 2
156 38 0 2
157 38 0 2
158 38 0 2
159 38 0 2
160 38 0 2
161 38 0 2
228 38 0 2
229 38 0 2
230 38 0 2
231 38 0 2
232 38 0 2
233 38 0 2
234 38 0 2
235 38 0 2
236 38 0 2
237 38 0 2
238 38 0 2
239 38 0 2
240 38 0 2
241 38 0 2
242 38 0 2
243 38 0 1
32 37 0 1
33 37 0 1
34 37 0 2
35 37 0 2
36 37 0 2
37 37 0 2
38 37 0 2
39 37 0 2
40 37 0 2
41 37 0 2
42 37 0 2
43 37 0 2
44 37 0 2
45 37 0 2
46 37 0 2
102 37 0 1
103 37 0 1
104 37 0 1
105 37 0 1
106 37 0 1
107 37 0 1
108 37 0 2
109 37 0 2
110 37 0 2
111 37 0 2
112 37 0 2
113 37 0 2
114 37 0 2
115 37 0 2
116 37 0 2
117 37 0 2
118 37 0 2
147 37 0 1
148 37 0 1
149 37 0 1
150 37 0 2
151 37 0 2
152 37 0 2
153 37 0 2
154 37 0 2
155 37 0 2
156 37 0 2
157 37 0 2
158 37 0 2
159 37 0 2
160 37 0 2
161 37 0 2
228 37 0 2
229 37 0 2
230 37 0 2
231 37 0 2
232 37 0 2
233 37 0 2
234 37 0 2
235 37 0 2
236 37 0 2
237 37 0 2
238 37 0 2
239 37 0 2
240 37 0 2
241 37 0 2
242 37 0 1
243 37 0 1
32 36 0 1
33 36 0 1
34 36 0 2
35 36 0 2
36 36 0 2
37 36 0 2
38 36 0 2
39 36 0 2
40 36 0 2
41 36 0 2
42 36 0 2
43 36 0 2
44 36 0 2
45 36 0 2
46 36 0 2
102 36 0 1
103 36 0 1
104 36 0 1
105 36 0 1
106 36 0 1
107 36 0 1
108 36 0 1
109 36 0 2
110 36 0 2
111 36 0 2
112 36 0 2
113 36 0 2
114 36 0 2
115 36 0 2
116 36 0 2
117 36 0 2
147 36 0 1
148 36 0 1
149 36 0 2
150 36 0 2
151 36 0 2
152 36 0 2
153 36 0 2
154 36 0 2
155 36 0 2
156 36 0 2
157 36 0 2
158 36 0 2
159 36 0 2
160 36 0 2
161 36 0 2
228 36 0 2
229 36 0 2
230 36 0 2
231 36 0 2
232 36 0 2
233 36 0 2
234 36 0 2
235 36 0 2
236 36 0 2
237 36 0 2
238 36 0 2
239 36 0 2
240 36 0 2
241 36 0 1
242 36 0 1
243 36 0 1
31 35 0 1
32 35 0 2
33 35 0 2
34 35 0 2
35 35 0 2
36 35 0 2
37 35 0 2
38 35 0 2
39 35 0 2
40 35 0 2
41 35 0 2
42 35 0 2
43 35 0 2
44 35 0 2
45 35 0 2
46 35 0 2
103 35 0 1
104 35 0 1
105 35 0 1
106 35 0 1
107 35 0 1
108 35 0 1
109 35 0 1
110 35 0 1
111 35 0 1
112 35 0 1
113 35 0 2
114 35 0 2
115 35 0 2
116 35 0 2
117 35 0 2
147 35 0 2
148 35 0 2
149 35 0 2
150 35 0 2
151 35 0 2
152 35 0 2
153 35 0 2
154 35 0 2
155 35 0 2
156 35 0 2
157 35 0 2
158 35 0 2
159 35 0 2
160 35 0 2
161 35 0 2
228 35 0 2
229 35 0 2
230 35 0 2
231 35 0 2
232 35 0 2
233 35 0 2
234 35 0 2
235 35 0 2
236 35 0 2
237 35 0 2
238 35 0 2
239 35 0 2
240 35 0 1
241 35 0 1
242 35 0 1
31 34 0 1
32 34 0 2
33 34 0 2
34 34 0 2
35 34 0 2
36 34 0 2
37 34 0 2
38 34 0 2
39 34 0 2
40 34 0 2
41 34 0 2
42 34 0 2
43 34 0 2
44 34 0 2
45 34 0 2
46 34 0 2
104 34 0 1
105 34 0 1
106 34 0 1
107 34 0 1
108 34 0 1
109 34 0 1
110 34 0 1
111 34 0 1
112 34 0 1
113 34 0 1
114 34 0 1
115 34 0 1
116 34 0 1
147 34 0 2
148 34 0 2
149 34 0 2
150 34 0 2
151 34 0 2
152 34 0 2
153 34 0 2
154 34 0 2
155 34 0 2
156 34 0 2
157 34 0 2
158 34 0 2
159 34 0 2
160 34 0 1
161 34 0 1
228 34 0 1
229 34 0 2
230 34 0 2
231 34 0 2
232 34 0 2
233 34 0 2
234 34 0 2
235 34 0 1
236 34 0 1
237 34 0 1
238 34 0 1
239 34 0 1
240 34 0 1
241 34 0 1
31 33 0 2
32 33 0 2
33 33 0 2
34 33 0 2
35 33 0 2
36 33 0 2
37 33 0 2
38 33 0 2
39 33 0 2
40 33 0 2
41 33 0 2
42 33 0 2
43 33 0 2
44 33 0 2
45 33 0 2
46 33 0 2
106 33 0 1
107 33 0 1
108 33 0 1
109 33 0 1
110 33 0 1
111 33 0 1
112 33 0 1
113 33 0 1
114 33 0 1
115 33 0 1
116 33 0 1
147 33 0 2
148 33 0 2
149 33 0 2
150 33 0 2
151 33 0 2
152 33 0 2
153 33 0 2
154 33 0 2
155 33 0 2
156 33 0 2
157 33 0 2
158 33 0 2
159 33 0 1
160 33 0 1
161 33 0 1
228 33 0 1
229 33 0 1
230 33 0 1
231 33 0 1
232 33 0 1
233 33 0 1
234 33 0 1
235 33 0 1
236 33 0 1
237 33 0 1
238 33 0 1
239 33 0 1
240 33 0 1
241 33 0 1
31 32 0 2
32 32 0 2
33 32 0 2
34 32 0 2
35 32 0 2
36 32 0 2
37 32 0 2
38 32 0 2
39 32 0 2
40 32 0 2
41 32 0 2
42 32 0 2
43 32 0 2
44 32 0 2
45 32 0 2
46 32 0 2
107 32 0 1
108 32 0 1
109 32 0 1
110 32 0 1
111 32 0 1
112 32 0 1
113 32 0 1
114 32 0 1
147 32 0 2
148 32 0 2
149 32 0 2
150 32 0 2
151 32 0 2
152 32 0 2
153 32 0 2
154 32 0 2
155 32 0 2
156 32 0 2
157 32 0 2
158 32 0 1
159 32 0 1
160 32 0 1
229 32 0 1
230 32 0 1
231 32 0 1
232 32 0 1
233 32 0 1
234 32 0 1
31 31 0 2
32 31 0 2
33 31 0 2
34 31 0 2
35 31 0 2
36 31 0 2
37 31 0 2
38 31 0 2
39 31 0 1
40 31 0 2
41 31 0 2
42 31 0 1
43 31 0 1
44 31 0 1
45 31 0 1
46 31 0 1
148 31 0 2
149 31 0 2
150 31 0 2
151 31 0 2
152 31 0 2
153 31 0 2
154 31 0 1
155 31 0 1
156 31 0 1
157 31 0 1
158 31 0 1
159 31 0 1
160 31 0 1
31 30 0 2
32 30 0 2
33 30 0 2
34 30 0 2
35 30 0 2
36 30 0 2
37 30 0 2
38 30 0 1
39 30 0 1
40 30 0 1
41 30 0 1
42 30 0 1
43 30 0 1
44 30 0 1
45 30 0 1
46 30 0 1
149 30 0 2
150 30 0 2
151 30 0 2
152 30 0 2
153 30 0 2
154 30 0 1
155 30 0 1
156 30 0 1
157 30 0 1
158 30 0 1
159 30 0 1
160 30 0 1
31 29 0 2
32 29 0 2
33 29 0 2
34 29 0 1
35 29 0 1
36 29 0 1
37 29 0 1
38 29 0 1
39 29 0 1
150 29 0 2
151 29 0 2
152 29 0 2
153 29 0 1
154 29 0 1
155 29 0 1
156 29 0 1
157 29 0 1
158 29 0 1
31 28 0 2
32 28 0 1
33 28 0 1
34 28 0 1
35 28 0 1
36 28 0 1
37 28 0 1
38 28 0 1
31 27 0 2
32 27 0 1
33 27 0 1
190 21 0 1
191 21 0 1
192 21 0 1
193 21 0 1
194 21 0 1
195 21 0 1
196 21 0 1
197 21 0 1
198 21 0 1
199 21 0 1
200 21 0 1
190 20 0 1
191 20 0 1
192 20 0 1
193 20 0 1
194 20 0 1
195 20 0 1
196 20 0 1
197 20 0 1
198 20 0 1
199 20 0 1
200 20 0 1
201 20 0 1
99 19 0 1
100 19 0 1
101 19 0 1
102 19 0 1
103 19 0 1
189 19 0 1
190 19 0 1
191 19 0 1
192 19 0 1
193 19 0 1
194 19 0 1
195 19 0 1
196 19 0 2
197 19 0 2
198 19 0 2
199 19 0 2
200 19 0 2
201 19 0 2
97 18 0 1
98 18 0 1
99 18 0 1
100 18 0 1
101 18 0 1
102 18 0 1
103 18 0 1
104 18 0 1
126 18 0 1
127 18 0 1
189 18 0 2
190 18 0 2
191 18 0 2
192 18 0 2
193 18 0 2
194 18 0 2
195 18 0 2
196 18 0 2
197 18 0 2
198 18 0 2
199 18 0 2
200 18 0 2
201 18 0 2
202 18 0 2
229 18 0 1
230 18 0 1
231 18 0 1
232 18 0 1
233 18 0 1
95 17 0 1
96 17 0 1
97 17 0 1
98 17 0 1
99 17 0 1
100 17 0 1
101 17 0 1
102 17 0 1
103 17 0 1
104 17 0 1
123 17 0 1
124 17 0 1
125 17 0 1
126 17 0 1
127 17 0 1
128 17 0 1
188 17 0 2
189 17 0 2
190 17 0 2
191 17 0 2
192 17 0 2
193 17 0 2
194 17 0 2
195 17 0 2
196 17 0 2
197 17 0 2
198 17 0 2
199 17 0 2
200 17 0 2
201 17 0 2
202 17 0 2
228 17 0 1
229 17 0 1
230 17 0 1
231 17 0 1
232 17 0 1
233 17 0 1
234 17 0 1
235 17 0 1
93 16 0 1
94 16 0 1
95 16 0 1
96 16 0 1
97 16 0 1
98 16 0 1
99 16 0 1
100 16 0 1
101 16 0 1
102 16 0 2
103 16 0 2
104 16 0 2
122 16 0 1
123 16 0 1
124 16 0 1
125 16 0 1
126 16 0 2
127 16 0 2
128 16 0 1
129 16 0 1
130 16 0 1
131 16 0 1
132 16 0 1
133 16 0 1
187 16 0 2
188 16 0 2
189 16 0 2
190 16 0 2
191 16 0 2
192 16 0 2
193 16 0 2
194 16 0 2
195 16 0 2
196 16 0 2
197 16 0 2
198 16 0 2
199 16 0 2
200 16 0 2
201 16 0 2
202 16 0 2
228 16 0 2
229 16 0 2
230 16 0 1
231 16 0 1
232 16 0 1
233 16 0 1
234 16 0 1
235 16 0 1
236 16 0 1
91 15 0 1
92 15 0 1
93 15 0 1
94 15 0 1
95 15 0 1
96 15 0 1
97 15 0 1
98 15 0 1
99 15 0 2
100 15 0 2
101 15 0 2
102 15 0 2
103 15 0 2
104 15 0 2
122 15 0 2
123 15 0 2
124 15 0 2
125 15 0 2
126 15 0 2
127 15 0 2
128 15 0 1
129 15 0 1
130 15 0 1
131 15 0 1
132 15 0 1
133 15 0 1
134 15 0 1
135 15 0 1
187 15 0 2
188 15 0 2
189 15 0 2
190 15 0 2
191 15 0 2
192 15 0 2
193 15 0 2
194 15 0 2
195 15 0 2
196 15 0 2
197 15 0 2
198 15 0 2
199 15 0 2
200 15 0 2
201 15 0 2
202 15 0 2
227 15 0 2
228 15 0 2
229 15 0 2
230 15 0 2
231 15 0 1
232 15 0 1
233 15 0 1
234 15 0 1
235 15 0 1
236 15 0 1
237 15 0 1
90 14 0 1
91 14 0 1
92 14 0 1
93 14 0 1
94 14 0 1
95 14 0 1
96 14 0 1
97 14 0 2
98 14 0 2
99 14 0 2
100 14 0 2
101 14 0 2
102 14 0 2
103 14 0 2
104 14 0 2
122 14 0 2
123 14 0 2
124 14 0 2
125 14 0 2
126 14 0 2
127 14 0 2
128 14 0 2
129 14 0 2
130 14 0 2
131 14 0 2
132 14 0 2
133 14 0 2
134 14 0 1
135 14 0 1
136 14 0 1
187 14 0 2
188 14 0 2
189 14 0 2
190 14 0 2
191 14 0 2
192 14 0 2
193 14 0 2
194 14 0 2
195 14 0 2
196 14 0 2
197 14 0 2
198 14 0 2
199 14 0 2
200 14 0 2
201 14 0 2
202 14 0 2
227 14 0 2
228 14 0 2
229 14 0 2
230 14 0 2
231 14 0 2
232 14 0 2
233 14 0 2
234 14 0 1
235 14 0 1
236 14 0 1
237 14 0 1
238 14 0 1
89 13 0 1
90 13 0 1
91 13 0 1
92 13 0 1
93 13 0 1
94 13 0 1
95 13 0 2
96 13 0 2
97 13 0 2
98 13 0 2
99 13 0 2
100 13 0 2
101 13 0 2
102 13 0 2
103 13 0 2
104 13 0 2
122 13 0 2
123 13 0 2
124 13 0 2
125 13 0 2
126 13 0 2
127 13 0 2
128 13 0 2
129 13 0 2
130 13 0 2
131 13 0 2
132 13 0 2
133 13 0 2
134 13 0 2
135 13 0 2
136 13 0 2
187 13 0 2
188 13 0 2
189 13 0 2
190 13 0 2
191 13 0 2
192 13 0 2
193 13 0 2
194 13 0 2
195 13 0 2
196 13 0 2
197 13 0 2
198 13 0 2
199 13 0 2
200 13 0 2
201 13 0 2
202 13 0 2
227 13 0 2
228 13 0 2
229 13 0 2
230 13 0 2
231 13 0 2
232 13 0 2
233 13 0 2
234 13 0 2
235 13 0 2
236 13 0 1
237 13 0 1
238 13 0 1
89 12 0 1
90 12 0 1
91 12 0 1
92 12 0 1
93 12 0 2
94 12 0 2
95 12 0 2
96 12 0 2
97 12 0 2
98 12 0 2
99 12 0 2
100 12 0 2
101 12 0 2
102 12 0 2
103 12 0 2
104 12 0 2
122 12 0 2
123 12 0 2
124 12 0 2
125 12 0 2
126 12 0 2
127 12 0 2
128 12 0 2
129 12 0 2
130 12 0 2
131 12 0 2
132 12 0 2
133 12 0 2
134 12 0 2
135 12 0 2
136 12 0 2
187 12 0 2
188 12 0 2
189 12 0 2
190 12 0 2
191 12 0 2
192 12 0 2
193 12 0 2
194 12 0 2
195 12 0 2
196 12 0 2
197 12 0 2
198 12 0 2
199 12 0 2
200 12 0 2
201 12 0 2
227 12 0 2
228 12 0 2
229 12 0 2
230 12 0 2
231 12 0 2
232 12 0 2
233 12 0 2
234 12 0 2
235 12 0 2
236 12 0 1
237 12 0 1
238 12 0 1
239 12 0 1
89 11 0 1
90 11 0 1
91 11 0 2
92 11 0 2
93 11 0 2
94 11 0 2
95 11 0 2
96 11 0 2
97 11 0 2
98 11 0 2
99 11 0 2
100 11 0 2
101 11 0 2
102 11 0 2
103 11 0 2
104 11 0 2
122 11 0 2
123 11 0 2
124 11 0 2
125 11 0 2
126 11 0 2
127 11 0 2
128 11 0 2
129 11 0 2
130 11 0 2
131 11 0 2
132 11 0 2
133 11 0 2
134 11 0 2
135 11 0 2
136 11 0 2
188 11 0 2
189 11 0 2
190 11 0 2
191 11 0 2
192 11 0 2
193 11 0 1
194 11 0 1
195 11 0 1
196 11 0 1
197 11 0 1
198 11 0 1
199 11 0 1
200 11 0 1
201 11 0 1
227 11 0 2
228 11 0 2
229 11 0 2
230 11 0 2
231 11 0 2
232 11 0 2
233 11 0 2
234 11 0 2
235 11 0 2
236 11 0 2
237 11 0 1
238 11 0 1
239 11 0 1
89 10 0 2
90 10 0 2
91 10 0 2
92 10 0 2
93 10 0 2
94 10 0 2
95 10 0 2
96 10 0 2
97 10 0 2
98 10 0 2
99 10 0 2
100 10 0 2
101 10 0 2
102 10 0 2
103 10 0 2
104 10 0 2
122 10 0 2
123 10 0 2
124 10 0 2
125 10 0 2
126 10 0 2
127 10 0 2
128 10 0 2
129 10 0 2
130 10 0 2
131 10 0 2
132 10 0 2
133 10 0 2
134 10 0 2
135 10 0 2
136 10 0 2
189 10 0 1
190 10 0 1
191 10 0 1
192 10 0 1
193 10 0 1
194 10 0 1
195 10 0 1
196 10 0 1
197 10 0 1
198 10 0 1
199 10 0 1
200 10 0 1
227 10 0 1
228 10 0 2
229 10 0 2
230 10 0 2
231 10 0 2
232 10 0 2
233 10 0 2
234 10 0 2
235 10 0 2
236 10 0 2
237 10 0 2
238 10 0 2
239 10 0 2
89 9 0 2
90 9 0 2
91 9 0 2
92 9 0 2
93 9 0 2
94 9 0 2
95 9 0 2
96 9 0 2
97 9 0 2
98 9 0 2
99 9 0 2
100 9 0 1
101 9 0 2
102 9 0 2
103 9 0 1
104 9 0 1
122 9 0 1
123 9 0 1
124 9 0 1
125 9 0 1
126 9 0 1
127 9 0 2
128 9 0 2
129 9 0 2
130 9 0 2
131 9 0 2
132 9 0 2
133 9 0 2
134 9 0 2
135 9 0 2
136 9 0 2
227 9 0 1
228 9 0 1
229 9 0 1
230 9 0 2
231 9 0 2
232 9 0 2
233 9 0 2
234 9 0 2
235 9 0 2
236 9 0 2
237 9 0 2
238 9 0 2
239 9 0 2
89 8 0 2
90 8 0 2
91 8 0 2
92 8 0 2
93 8 0 2
94 8 0 2
95 8 0 2
96 8 0 2
97 8 0 1
98 8 0 1
99 8 0 1
100 8 0 1
101 8 0 1
102 8 0 1
103 8 0 1
104 8 0 1
123 8 0 1
124 8 0 1
125 8 0 1
126 8 0 1
127 8 0 1
128 8 0 1
129 8 0 1
130 8 0 1
131 8 0 1
132 8 0 1
133 8 0 1
134 8 0 2
135 8 0 2
227 8 0 1
228 8 0 1
229 8 0 1
230 8 0 1
231 8 0 1
232 8 0 1
233 8 0 2
234 8 0 2
235 8 0 2
236 8 0 2
237 8 0 2
238 8 0 2
239 8 0 2
90 7 0 2
91 7 0 2
92 7 0 2
93 7 0 2
94 7 0 2
95 7 0 2
96 7 0 2
97 7 0 1
98 7 0 1
99 7 0 1
100 7 0 1
101 7 0 1
102 7 0 1
103 7 0 1
127 7 0 1
128 7 0 1
129 7 0 1
130 7 0 1
131 7 0 1
132 7 0 1
133 7 0 1
134 7 0 1
228 7 0 1
229 7 0 1
230 7 0 1
231 7 0 1
232 7 0 1
233 7 0 1
234 7 0 2
235 7 0 2
236 7 0 2
237 7 0 2
238 7 0 2
91 6 0 2
92 6 0 2
93 6 0 2
94 6 0 1
95 6 0 1
96 6 0 1
97 6 0 1
98 6 0 1
99 6 0 1
100 6 0 1
230 6 0 1
231 6 0 1
232 6 0 1
233 6 0 1
234 6 0 1
235 6 0 1
236 6 0 2
237 6 0 2
