109 8 0 1
110 8 0 1
111 8 0 1
112 8 0 1
107 9 0 1
108 9 0 1
109 9 0 1
110 9 0 1
111 9 0 1
112 9 0 1
113 9 0 1
114 9 0 1
106 10 0 1
107 10 0 1
108 10 0 1
109 10 0 1
110 10 0 1
111 10 0 1
112 10 0 1
113 10 0 1
114 10 0 1
115 10 0 1
105 11 0 1
106 11 0 1
107 11 0 1
108 11 0 1
109 11 0 1
110 11 0 1
111 11 0 1
112 11 0 1
113 11 0 1
114 11 0 2
115 11 0 2
116 11 0 2
105 12 0 1
106 12 0 2
107 12 0 2
108 12 0 2
109 12 0 2
110 12 0 2
111 12 0 2
112 12 0 2
113 12 0 2
114 12 0 2
115 12 0 2
116 12 0 2
104 13 0 2
105 13 0 2
106 13 0 2
107 13 0 2
108 13 0 2
109 13 0 2
110 13 0 2
111 13 0 2
112 13 0 2
113 13 0 2
114 13 0 2
115 13 0 2
116 13 0 2
117 13 0 2
104 14 0 2
105 14 0 2
106 14 0 2
107 14 0 2
108 14 0 2
109 14 0 2
110 14 0 2
111 14 0 2
112 14 0 2
113 14 0 2
114 14 0 2
115 14 0 2
116 14 0 2
117 14 0 2
186 14 0 1
187 14 0 1
188 14 0 1
189 14 0 1
190 14 0 1
191 14 0 1
192 14 0 1
193 14 0 2
194 14 0 2
104 15 0 2
105 15 0 2
106 15 0 2
107 15 0 2
108 15 0 2
109 15 0 2
110 15 0 2
111 15 0 2
112 15 0 2
113 15 0 2
114 15 0 2
115 15 0 2
116 15 0 2
117 15 0 2
185 15 0 1
186 15 0 1
187 15 0 1
188 15 0 1
189 15 0 1
190 15 0 1
191 15 0 1
192 15 0 2
193 15 0 2
194 15 0 2
195 15 0 2
104 16 0 2
105 16 0 2
106 16 0 2
107 16 0 2
108 16 0 2
109 16 0 2
110 16 0 2
111 16 0 2
112 16 0 2
113 16 0 2
114 16 0 2
115 16 0 2
116 16 0 2
117 16 0 2
141 16 0 2
142 16 0 1
143 16 0 1
144 16 0 1
145 16 0 1
146 16 0 1
147 16 0 1
148 16 0 1
149 16 0 1
150 16 0 1
184 16 0 1
185 16 0 1
186 16 0 1
187 16 0 1
188 16 0 2
189 16 0 2
190 16 0 2
191 16 0 2
192 16 0 2
193 16 0 2
194 16 0 2
195 16 0 2
196 16 0 2
105 17 0 2
106 17 0 2
107 17 0 2
108 17 0 2
109 17 0 2
110 17 0 2
111 17 0 2
112 17 0 2
113 17 0 2
114 17 0 2
115 17 0 2
116 17 0 2
140 17 0 2
141 17 0 2
142 17 0 2
143 17 0 1
144 17 0 1
145 17 0 1
146 17 0 1
147 17 0 1
148 17 0 1
149 17 0 1
150 17 0 1
151 17 0 1
184 17 0 1
185 17 0 1
186 17 0 1
187 17 0 1
188 17 0 2
189 17 0 2
190 17 0 2
191 17 0 2
192 17 0 2
193 17 0 2
194 17 0 2
195 17 0 2
196 17 0 2
231 17 0 1
232 17 0 1
233 17 0 1
234 17 0 1
235 17 0 1
236 17 0 1
237 17 0 1
105 18 0 2
106 18 0 2
107 18 0 2
108 18 0 2
109 18 0 2
110 18 0 2
111 18 0 2
112 18 0 2
113 18 0 2
114 18 0 2
115 18 0 2
116 18 0 2
139 18 0 2
140 18 0 2
141 18 0 2
142 18 0 2
143 18 0 2
144 18 0 2
145 18 0 1
146 18 0 1
147 18 0 1
148 18 0 1
149 18 0 1
150 18 0 1
151 18 0 1
152 18 0 1
184 18 0 1
185 18 0 1
186 18 0 2
187 18 0 2
188 18 0 2
189 18 0 2
190 18 0 2
191 18 0 2
192 18 0 2
193 18 0 2
194 18 0 2
195 18 0 2
196 18 0 2
231 18 0 2
232 18 0 2
233 18 0 1
234 18 0 1
235 18 0 1
236 18 0 1
237 18 0 1
238 18 0 1
239 18 0 1
240 18 0 1
241 18 0 1
242 18 0 1
106 19 0 2
107 19 0 1
108 19 0 1
109 19 0 1
110 19 0 1
111 19 0 1
112 19 0 1
113 19 0 1
114 19 0 1
115 19 0 1
139 19 0 2
140 19 0 2
141 19 0 2
142 19 0 2
143 19 0 2
144 19 0 2
145 19 0 2
146 19 0 2
147 19 0 2
148 19 0 1
149 19 0 1
150 19 0 1
151 19 0 1
152 19 0 1
153 19 0 1
184 19 0 2
185 19 0 2
186 19 0 2
187 19 0 2
188 19 0 2
189 19 0 2
190 19 0 2
191 19 0 2
192 19 0 2
193 19 0 2
194 19 0 2
195 19 0 2
196 19 0 1
231 19 0 2
232 19 0 2
233 19 0 2
234 19 0 2
235 19 0 1
236 19 0 1
237 19 0 1
238 19 0 1
239 19 0 1
240 19 0 1
241 19 0 1
242 19 0 1
243 19 0 1
107 20 0 1
108 20 0 1
109 20 0 1
110 20 0 1
111 20 0 1
112 20 0 1
113 20 0 1
114 20 0 1
139 20 0 2
140 20 0 2
141 20 0 2
142 20 0 2
143 20 0 2
144 20 0 2
145 20 0 2
146 20 0 2
147 20 0 2
148 20 0 2
149 20 0 1
150 20 0 1
151 20 0 1
152 20 0 1
153 20 0 1
184 20 0 2
185 20 0 2
186 20 0 2
187 20 0 2
188 20 0 2
189 20 0 2
190 20 0 2
191 20 0 2
192 20 0 2
193 20 0 2
194 20 0 2
195 20 0 1
196 20 0 1
231 20 0 2
232 20 0 2
233 20 0 2
234 20 0 2
235 20 0 2
236 20 0 2
237 20 0 2
238 20 0 2
239 20 0 2
240 20 0 2
241 20 0 2
242 20 0 2
243 20 0 2
109 21 0 1
110 21 0 1
111 21 0 1
112 21 0 1
139 21 0 2
140 21 0 2
141 21 0 2
142 21 0 2
143 21 0 2
144 21 0 2
145 21 0 2
146 21 0 2
147 21 0 2
148 21 0 2
149 21 0 2
150 21 0 1
151 21 0 1
152 21 0 1
153 21 0 1
184 21 0 2
185 21 0 2
186 21 0 2
187 21 0 2
188 21 0 2
189 21 0 2
190 21 0 2
191 21 0 2
192 21 0 2
193 21 0 1
194 21 0 1
195 21 0 1
196 21 0 1
231 21 0 2
232 21 0 2
233 21 0 2
234 21 0 2
235 21 0 2
236 21 0 2
237 21 0 2
238 21 0 2
239 21 0 2
240 21 0 2
241 21 0 2
242 21 0 2
243 21 0 2
244 21 0 2
68 22 0 1
69 22 0 1
70 22 0 1
71 22 0 1
72 22 0 2
73 22 0 2
139 22 0 2
140 22 0 2
141 22 0 2
142 22 0 2
143 22 0 2
144 22 0 2
145 22 0 2
146 22 0 2
147 22 0 2
148 22 0 2
149 22 0 2
150 22 0 2
151 22 0 2
152 22 0 2
153 22 0 1
184 22 0 2
185 22 0 2
186 22 0 2
187 22 0 2
188 22 0 2
189 22 0 2
190 22 0 2
191 22 0 2
192 22 0 1
193 22 0 1
194 22 0 1
195 22 0 1
196 22 0 1
231 22 0 2
232 22 0 2
233 22 0 2
234 22 0 2
235 22 0 2
236 22 0 2
237 22 0 2
238 22 0 2
239 22 0 2
240 22 0 2
241 22 0 2
242 22 0 2
243 22 0 2
244 22 0 2
67 23 0 1
68 23 0 1
69 23 0 1
70 23 0 1
71 23 0 1
72 23 0 2
73 23 0 2
74 23 0 2
139 23 0 2
140 23 0 2
141 23 0 2
142 23 0 2
143 23 0 2
144 23 0 2
145 23 0 2
146 23 0 2
147 23 0 2
148 23 0 2
149 23 0 2
150 23 0 2
151 23 0 2
152 23 0 2
153 23 0 2
184 23 0 2
185 23 0 2
186 23 0 2
187 23 0 2
188 23 0 2
189 23 0 2
190 23 0 1
191 23 0 1
192 23 0 1
193 23 0 1
194 23 0 1
195 23 0 1
196 23 0 1
231 23 0 2
232 23 0 2
233 23 0 2
234 23 0 2
235 23 0 2
236 23 0 2
237 23 0 2
238 23 0 2
239 23 0 2
240 23 0 2
241 23 0 2
242 23 0 2
243 23 0 2
244 23 0 2
66 24 0 1
67 24 0 1
68 24 0 1
69 24 0 2
70 24 0 2
71 24 0 2
72 24 0 2
73 24 0 2
74 24 0 2
75 24 0 2
139 24 0 1
140 24 0 2
141 24 0 2
142 24 0 2
143 24 0 2
144 24 0 2
145 24 0 2
146 24 0 2
147 24 0 2
148 24 0 2
149 24 0 2
150 24 0 2
151 24 0 2
152 24 0 2
153 24 0 2
185 24 0 2
186 24 0 2
187 24 0 2
188 24 0 1
189 24 0 1
190 24 0 1
191 24 0 1
192 24 0 1
193 24 0 1
194 24 0 1
195 24 0 1
231 24 0 2
232 24 0 2
233 24 0 2
234 24 0 2
235 24 0 2
236 24 0 2
237 24 0 2
238 24 0 2
239 24 0 2
240 24 0 2
241 24 0 2
242 24 0 2
243 24 0 2
244 24 0 2
66 25 0 1
67 25 0 2
68 25 0 2
69 25 0 2
70 25 0 2
71 25 0 2
72 25 0 2
73 25 0 2
74 25 0 2
75 25 0 2
139 25 0 1
140 25 0 1
141 25 0 2
142 25 0 2
143 25 0 2
144 25 0 2
145 25 0 2
146 25 0 2
147 25 0 2
148 25 0 2
149 25 0 2
150 25 0 2
151 25 0 2
152 25 0 2
153 25 0 2
186 25 0 2
187 25 0 1
188 25 0 1
189 25 0 1
190 25 0 1
191 25 0 1
192 25 0 1
193 25 0 1
194 25 0 1
231 25 0 2
232 25 0 2
233 25 0 2
234 25 0 2
235 25 0 2
236 25 0 2
237 25 0 2
238 25 0 2
239 25 0 2
240 25 0 2
241 25 0 2
242 25 0 2
243 25 0 2
244 25 0 2
66 26 0 2
67 26 0 2
68 26 0 2
69 26 0 2
70 26 0 2
71 26 0 2
72 26 0 2
73 26 0 2
74 26 0 2
75 26 0 2
76 26 0 2
139 26 0 1
140 26 0 1
141 26 0 1
142 26 0 1
143 26 0 1
144 26 0 2
145 26 0 2
146 26 0 2
147 26 0 2
148 26 0 2
149 26 0 2
150 26 0 2
151 26 0 2
152 26 0 2
153 26 0 2
231 26 0 2
232 26 0 2
233 26 0 2
234 26 0 2
235 26 0 2
236 26 0 2
237 26 0 2
238 26 0 2
239 26 0 2
240 26 0 2
241 26 0 2
242 26 0 2
243 26 0 2
244 26 0 2
66 27 0 2
67 27 0 2
68 27 0 2
69 27 0 2
70 27 0 2
71 27 0 2
72 27 0 2
73 27 0 2
74 27 0 2
75 27 0 2
76 27 0 2
140 27 0 1
141 27 0 1
142 27 0 1
143 27 0 1
144 27 0 1
145 27 0 1
146 27 0 1
147 27 0 1
148 27 0 2
149 27 0 2
150 27 0 2
151 27 0 2
152 27 0 2
153 27 0 2
231 27 0 1
232 27 0 2
233 27 0 2
234 27 0 2
235 27 0 2
236 27 0 2
237 27 0 2
238 27 0 2
239 27 0 2
240 27 0 2
241 27 0 2
242 27 0 2
243 27 0 2
244 27 0 2
66 28 0 2
67 28 0 2
68 28 0 2
69 28 0 2
70 28 0 2
71 28 0 2
72 28 0 2
73 28 0 2
74 28 0 2
75 28 0 2
76 28 0 2
141 28 0 1
142 28 0 1
143 28 0 1
144 28 0 1
145 28 0 1
146 28 0 1
147 28 0 1
148 28 0 1
149 28 0 1
150 28 0 2
151 28 0 2
152 28 0 2
231 28 0 1
232 28 0 1
233 28 0 1
234 28 0 2
235 28 0 1
236 28 0 2
237 28 0 2
238 28 0 2
239 28 0 2
240 28 0 2
241 28 0 2
242 28 0 1
243 28 0 1
244 28 0 1
66 29 0 2
67 29 0 2
68 29 0 2
69 29 0 2
70 29 0 2
71 29 0 2
72 29 0 2
73 29 0 2
74 29 0 2
75 29 0 2
76 29 0 2
142 29 0 1
143 29 0 1
144 29 0 1
145 29 0 1
146 29 0 1
147 29 0 1
148 29 0 1
149 29 0 1
150 29 0 1
151 29 0 2
231 29 0 1
232 29 0 1
233 29 0 1
234 29 0 1
235 29 0 1
236 29 0 1
237 29 0 1
238 29 0 1
239 29 0 1
240 29 0 1
241 29 0 1
242 29 0 1
243 29 0 1
66 30 0 2
67 30 0 2
68 30 0 2
69 30 0 2
70 30 0 2
71 30 0 2
72 30 0 2
73 30 0 2
74 30 0 2
75 30 0 2
76 30 0 2
234 30 0 1
235 30 0 1
236 30 0 1
237 30 0 1
238 30 0 1
239 30 0 1
240 30 0 1
241 30 0 1
66 31 0 2
67 31 0 2
68 31 0 2
69 31 0 2
70 31 0 2
71 31 0 2
72 31 0 2
73 31 0 2
74 31 0 2
75 31 0 2
76 31 0 2
66 32 0 2
67 32 0 2
68 32 0 2
69 32 0 2
70 32 0 2
71 32 0 2
72 32 0 2
73 32 0 2
74 32 0 2
75 32 0 2
66 33 0 1
67 33 0 1
68 33 0 1
69 33 0 1
70 33 0 1
71 33 0 2
72 33 0 2
73 33 0 2
74 33 0 2
75 33 0 2
109 33 0 1
110 33 0 1
66 34 0 1
67 34 0 1
68 34 0 1
69 34 0 1
70 34 0 1
71 34 0 1
72 34 0 1
73 34 0 2
74 34 0 2
108 34 0 1
109 34 0 1
110 34 0 1
111 34 0 1
112 34 0 1
107 35 0 2
108 35 0 2
109 35 0 1
110 35 0 1
111 35 0 1
112 35 0 1
113 35 0 1
106 36 0 2
107 36 0 2
108 36 0 2
109 36 0 2
110 36 0 1
111 36 0 1
112 36 0 1
113 36 0 1
114 36 0 1
106 37 0 2
107 37 0 2
108 37 0 2
109 37 0 2
110 37 0 2
111 37 0 2
112 37 0 2
113 37 0 2
114 37 0 2
115 37 0 2
39 38 0 1
40 38 0 1
41 38 0 1
42 38 0 1
43 38 0 2
44 38 0 2
45 38 0 2
106 38 0 2
107 38 0 2
108 38 0 2
109 38 0 2
110 38 0 2
111 38 0 2
112 38 0 2
113 38 0 2
114 38 0 2
115 38 0 2
39 39 0 1
40 39 0 1
41 39 0 1
42 39 0 2
43 39 0 2
44 39 0 2
45 39 0 2
46 39 0 2
106 39 0 2
107 39 0 2
108 39 0 2
109 39 0 2
110 39 0 2
111 39 0 2
112 39 0 2
113 39 0 2
114 39 0 2
115 39 0 2
139 39 0 1
140 39 0 1
141 39 0 1
142 39 0 1
143 39 0 1
144 39 0 1
145 39 0 1
146 39 0 1
147 39 0 1
167 39 0 1
168 39 0 1
169 39 0 1
170 39 0 1
171 39 0 1
39 40 0 2
40 40 0 2
41 40 0 2
42 40 0 2
43 40 0 2
44 40 0 2
45 40 0 2
46 40 0 2
47 40 0 2
106 40 0 2
107 40 0 2
108 40 0 2
109 40 0 2
110 40 0 2
111 40 0 2
112 40 0 2
113 40 0 2
114 40 0 2
115 40 0 2
138 40 0 1
139 40 0 1
140 40 0 1
141 40 0 1
142 40 0 1
143 40 0 1
144 40 0 1
145 40 0 1
146 40 0 1
147 40 0 1
148 40 0 1
149 40 0 1
165 40 0 1
166 40 0 1
167 40 0 1
168 40 0 1
169 40 0 1
170 40 0 1
171 40 0 1
172 40 0 1
173 40 0 1
39 41 0 2
40 41 0 2
41 41 0 2
42 41 0 2
43 41 0 2
44 41 0 2
45 41 0 2
46 41 0 2
47 41 0 2
106 41 0 2
107 41 0 2
108 41 0 2
109 41 0 2
110 41 0 2
111 41 0 2
112 41 0 2
113 41 0 2
114 41 0 2
115 41 0 2
138 41 0 1
139 41 0 1
140 41 0 1
141 41 0 1
142 41 0 1
143 41 0 1
144 41 0 1
145 41 0 1
146 41 0 1
147 41 0 1
148 41 0 1
149 41 0 1
150 41 0 1
164 41 0 1
165 41 0 1
166 41 0 1
167 41 0 1
168 41 0 1
169 41 0 1
170 41 0 1
171 41 0 1
172 41 0 1
173 41 0 1
174 41 0 1
194 41 0 1
195 41 0 1
196 41 0 1
197 41 0 1
198 41 0 1
199 41 0 1
200 41 0 1
201 41 0 1
39 42 0 2
40 42 0 2
41 42 0 2
42 42 0 2
43 42 0 2
44 42 0 2
45 42 0 2
46 42 0 2
47 42 0 2
48 42 0 2
106 42 0 2
107 42 0 2
108 42 0 2
109 42 0 2
110 42 0 2
111 42 0 2
112 42 0 2
113 42 0 2
114 42 0 2
115 42 0 2
138 42 0 2
139 42 0 2
140 42 0 2
141 42 0 2
142 42 0 2
143 42 0 2
144 42 0 2
145 42 0 2
146 42 0 1
147 42 0 1
148 42 0 1
149 42 0 1
150 42 0 1
151 42 0 1
164 42 0 1
165 42 0 1
166 42 0 1
167 42 0 1
168 42 0 1
169 42 0 1
170 42 0 1
171 42 0 1
172 42 0 1
173 42 0 1
174 42 0 1
193 42 0 1
194 42 0 1
195 42 0 1
196 42 0 1
197 42 0 1
198 42 0 1
199 42 0 1
200 42 0 1
201 42 0 1
202 42 0 1
203 42 0 1
39 43 0 2
40 43 0 2
41 43 0 2
42 43 0 2
43 43 0 2
44 43 0 2
45 43 0 2
46 43 0 2
47 43 0 2
48 43 0 1
106 43 0 1
107 43 0 2
108 43 0 2
109 43 0 2
110 43 0 2
111 43 0 2
112 43 0 2
113 43 0 2
114 43 0 2
115 43 0 2
138 43 0 2
139 43 0 2
140 43 0 2
141 43 0 2
142 43 0 2
143 43 0 2
144 43 0 2
145 43 0 2
146 43 0 2
147 43 0 2
148 43 0 1
149 43 0 1
150 43 0 1
151 43 0 1
163 43 0 1
164 43 0 1
165 43 0 1
166 43 0 1
167 43 0 1
168 43 0 1
169 43 0 1
170 43 0 1
171 43 0 1
172 43 0 1
173 43 0 1
174 43 0 1
175 43 0 1
192 43 0 1
193 43 0 1
194 43 0 2
195 43 0 2
196 43 0 2
197 43 0 2
198 43 0 2
199 43 0 2
200 43 0 2
201 43 0 2
202 43 0 1
203 43 0 1
204 43 0 1
39 44 0 2
40 44 0 2
41 44 0 2
42 44 0 2
43 44 0 2
44 44 0 2
45 44 0 2
46 44 0 1
47 44 0 1
48 44 0 1
106 44 0 1
107 44 0 1
108 44 0 1
109 44 0 1
110 44 0 1
111 44 0 1
112 44 0 2
113 44 0 2
114 44 0 2
115 44 0 2
138 44 0 2
139 44 0 2
140 44 0 2
141 44 0 2
142 44 0 2
143 44 0 2
144 44 0 2
145 44 0 2
146 44 0 2
147 44 0 2
148 44 0 2
149 44 0 2
150 44 0 1
151 44 0 1
152 44 0 1
163 44 0 1
164 44 0 1
165 44 0 1
166 44 0 1
167 44 0 1
168 44 0 1
169 44 0 1
170 44 0 1
171 44 0 1
172 44 0 1
173 44 0 1
174 44 0 1
175 44 0 1
192 44 0 2
193 44 0 2
194 44 0 2
195 44 0 2
196 44 0 2
197 44 0 2
198 44 0 2
199 44 0 2
200 44 0 2
201 44 0 2
202 44 0 2
203 44 0 2
204 44 0 2
205 44 0 2
39 45 0 2
40 45 0 2
41 45 0 2
42 45 0 2
43 45 0 2
44 45 0 1
45 45 0 1
46 45 0 1
47 45 0 1
48 45 0 1
107 45 0 1
108 45 0 1
109 45 0 1
110 45 0 1
111 45 0 1
112 45 0 1
113 45 0 1
114 45 0 1
115 45 0 1
138 45 0 2
139 45 0 2
140 45 0 2
141 45 0 2
142 45 0 2
143 45 0 2
144 45 0 2
145 45 0 2
146 45 0 2
147 45 0 2
148 45 0 2
149 45 0 2
150 45 0 2
151 45 0 1
152 45 0 1
163 45 0 1
164 45 0 1
165 45 0 1
166 45 0 1
167 45 0 1
168 45 0 1
169 45 0 1
170 45 0 1
171 45 0 1
172 45 0 1
173 45 0 1
174 45 0 1
175 45 0 1
192 45 0 2
193 45 0 2
194 45 0 2
195 45 0 2
196 45 0 2
197 45 0 2
198 45 0 2
199 45 0 2
200 45 0 2
201 45 0 2
202 45 0 2
203 45 0 2
204 45 0 2
205 45 0 2
40 46 0 2
41 46 0 2
42 46 0 2
43 46 0 1
44 46 0 1
45 46 0 1
46 46 0 1
47 46 0 1
111 46 0 1
112 46 0 1
113 46 0 1
114 46 0 1
138 46 0 2
139 46 0 2
140 46 0 2
141 46 0 2
142 46 0 2
143 46 0 2
144 46 0 2
145 46 0 2
146 46 0 2
147 46 0 2
148 46 0 2
149 46 0 2
150 46 0 2
151 46 0 2
152 46 0 1
163 46 0 1
164 46 0 1
165 46 0 1
166 46 0 1
167 46 0 1
168 46 0 1
169 46 0 1
170 46 0 1
171 46 0 1
172 46 0 1
173 46 0 1
174 46 0 1
175 46 0 1
192 46 0 2
193 46 0 2
194 46 0 2
195 46 0 2
196 46 0 2
197 46 0 2
198 46 0 2
199 46 0 2
200 46 0 2
201 46 0 2
202 46 0 2
203 46 0 2
204 46 0 2
205 46 0 2
41 47 0 2
42 47 0 1
43 47 0 1
44 47 0 1
45 47 0 1
138 47 0 2
139 47 0 2
140 47 0 2
141 47 0 2
142 47 0 2
143 47 0 2
144 47 0 2
145 47 0 2
146 47 0 2
147 47 0 2
148 47 0 2
149 47 0 2
150 47 0 2
151 47 0 2
152 47 0 2
164 47 0 1
165 47 0 1
166 47 0 1
167 47 0 1
168 47 0 1
169 47 0 1
170 47 0 1
171 47 0 1
172 47 0 1
173 47 0 1
174 47 0 1
192 47 0 2
193 47 0 2
194 47 0 2
195 47 0 2
196 47 0 2
197 47 0 2
198 47 0 2
199 47 0 2
200 47 0 2
201 47 0 2
202 47 0 2
203 47 0 2
204 47 0 2
205 47 0 2
229 47 0 1
230 47 0 1
231 47 0 1
232 47 0 1
233 47 0 1
234 47 0 1
235 47 0 1
236 47 0 1
237 47 0 1
138 48 0 2
139 48 0 2
140 48 0 2
141 48 0 2
142 48 0 2
143 48 0 2
144 48 0 2
145 48 0 2
146 48 0 2
147 48 0 2
148 48 0 2
149 48 0 2
150 48 0 2
151 48 0 2
152 48 0 2
164 48 0 1
165 48 0 1
166 48 0 1
167 48 0 1
168 48 0 1
169 48 0 1
170 48 0 1
171 48 0 1
172 48 0 1
173 48 0 1
174 48 0 1
192 48 0 2
193 48 0 2
194 48 0 2
195 48 0 2
196 48 0 2
197 48 0 2
198 48 0 2
199 48 0 2
200 48 0 2
201 48 0 2
202 48 0 2
203 48 0 2
204 48 0 2
205 48 0 2
228 48 0 1
229 48 0 1
230 48 0 1
231 48 0 1
232 48 0 1
233 48 0 1
234 48 0 1
235 48 0 1
236 48 0 1
237 48 0 1
238 48 0 1
239 48 0 1
240 48 0 1
241 48 0 1
138 49 0 1
139 49 0 1
140 49 0 1
141 49 0 2
142 49 0 2
143 49 0 2
144 49 0 2
145 49 0 2
146 49 0 2
147 49 0 2
148 49 0 2
149 49 0 2
150 49 0 2
151 49 0 2
152 49 0 2
165 49 0 1
166 49 0 1
167 49 0 1
168 49 0 1
169 49 0 1
170 49 0 1
171 49 0 1
172 49 0 1
173 49 0 1
192 49 0 2
193 49 0 2
194 49 0 2
195 49 0 2
196 49 0 2
197 49 0 2
198 49 0 2
199 49 0 2
200 49 0 2
201 49 0 2
202 49 0 2
203 49 0 2
204 49 0 2
205 49 0 2
227 49 0 2
228 49 0 2
229 49 0 2
230 49 0 2
231 49 0 2
232 49 0 2
233 49 0 1
234 49 0 1
235 49 0 1
236 49 0 1
237 49 0 1
238 49 0 1
239 49 0 1
240 49 0 1
241 49 0 1
138 50 0 1
139 50 0 1
140 50 0 1
141 50 0 1
142 50 0 1
143 50 0 1
144 50 0 2
145 50 0 2
146 50 0 2
147 50 0 2
148 50 0 2
149 50 0 2
150 50 0 2
151 50 0 2
152 50 0 2
167 50 0 1
168 50 0 1
169 50 0 1
170 50 0 1
171 50 0 1
192 50 0 2
193 50 0 2
194 50 0 2
195 50 0 2
196 50 0 2
197 50 0 2
198 50 0 2
199 50 0 2
200 50 0 2
201 50 0 2
202 50 0 2
203 50 0 2
204 50 0 2
205 50 0 2
227 50 0 2
228 50 0 2
229 50 0 2
230 50 0 2
231 50 0 2
232 50 0 2
233 50 0 2
234 50 0 2
235 50 0 2
236 50 0 1
237 50 0 1
238 50 0 1
239 50 0 1
240 50 0 1
241 50 0 1
12 51 0 1
13 51 0 1
14 51 0 1
15 51 0 1
16 51 0 1
17 51 0 1
138 51 0 1
139 51 0 1
140 51 0 1
141 51 0 1
142 51 0 1
143 51 0 1
144 51 0 1
145 51 0 1
146 51 0 1
147 51 0 1
148 51 0 1
149 51 0 1
150 51 0 2
151 51 0 2
152 51 0 2
192 51 0 2
193 51 0 2
194 51 0 2
195 51 0 2
196 51 0 2
197 51 0 2
198 51 0 2
199 51 0 2
200 51 0 2
201 51 0 2
202 51 0 2
203 51 0 2
204 51 0 2
205 51 0 2
227 51 0 2
228 51 0 2
229 51 0 2
230 51 0 2
231 51 0 2
232 51 0 2
233 51 0 2
234 51 0 2
235 51 0 2
236 51 0 2
237 51 0 2
238 51 0 1
239 51 0 1
240 51 0 1
241 51 0 1
11 52 0 1
12 52 0 1
13 52 0 1
14 52 0 1
15 52 0 1
16 52 0 1
17 52 0 1
18 52 0 1
142 52 0 1
143 52 0 1
144 52 0 1
145 52 0 1
146 52 0 1
147 52 0 1
148 52 0 1
149 52 0 1
150 52 0 1
151 52 0 2
193 52 0 2
194 52 0 2
195 52 0 2
196 52 0 1
197 52 0 1
198 52 0 1
199 52 0 1
200 52 0 1
201 52 0 1
202 52 0 1
203 52 0 1
204 52 0 1
227 52 0 2
228 52 0 2
229 52 0 2
230 52 0 2
231 52 0 2
232 52 0 2
233 52 0 2
234 52 0 2
235 52 0 2
236 52 0 2
237 52 0 2
238 52 0 2
239 52 0 2
240 52 0 2
241 52 0 2
10 53 0 1
11 53 0 1
12 53 0 1
13 53 0 1
14 53 0 1
15 53 0 1
16 53 0 1
17 53 0 1
18 53 0 1
19 53 0 1
144 53 0 1
145 53 0 1
146 53 0 1
147 53 0 1
148 53 0 1
149 53 0 1
150 53 0 1
194 53 0 1
195 53 0 1
196 53 0 1
197 53 0 1
198 53 0 1
199 53 0 1
200 53 0 1
201 53 0 1
202 53 0 1
203 53 0 1
227 53 0 2
228 53 0 2
229 53 0 2
230 53 0 2
231 53 0 2
232 53 0 2
233 53 0 2
234 53 0 2
235 53 0 2
236 53 0 2
237 53 0 2
238 53 0 2
239 53 0 2
240 53 0 2
241 53 0 2
9 54 0 1
10 54 0 1
11 54 0 1
12 54 0 1
13 54 0 1
14 54 0 1
15 54 0 1
16 54 0 1
17 54 0 1
18 54 0 1
19 54 0 1
20 54 0 1
62 54 0 1
63 54 0 1
64 54 0 1
65 54 0 1
66 54 0 1
67 54 0 1
227 54 0 2
228 54 0 2
229 54 0 2
230 54 0 2
231 54 0 2
232 54 0 2
233 54 0 2
234 54 0 2
235 54 0 2
236 54 0 2
237 54 0 2
238 54 0 2
239 54 0 2
240 54 0 2
241 54 0 2
9 55 0 1
10 55 0 1
11 55 0 1
12 55 0 1
13 55 0 1
14 55 0 1
15 55 0 1
16 55 0 1
17 55 0 1
18 55 0 1
19 55 0 1
20 55 0 1
61 55 0 1
62 55 0 1
63 55 0 1
64 55 0 1
65 55 0 1
66 55 0 1
67 55 0 1
68 55 0 1
227 55 0 2
228 55 0 2
229 55 0 2
230 55 0 2
231 55 0 2
232 55 0 2
233 55 0 2
234 55 0 2
235 55 0 2
236 55 0 2
237 55 0 2
238 55 0 2
239 55 0 2
240 55 0 2
241 55 0 2
9 56 0 1
10 56 0 1
11 56 0 1
12 56 0 1
13 56 0 1
14 56 0 1
15 56 0 1
16 56 0 1
17 56 0 1
18 56 0 1
19 56 0 1
20 56 0 1
60 56 0 2
61 56 0 2
62 56 0 2
63 56 0 1
64 56 0 1
65 56 0 1
66 56 0 2
67 56 0 1
68 56 0 1
69 56 0 1
227 56 0 1
228 56 0 1
229 56 0 1
230 56 0 2
231 56 0 2
232 56 0 2
233 56 0 2
234 56 0 2
235 56 0 2
236 56 0 2
237 56 0 2
238 56 0 2
239 56 0 2
240 56 0 2
241 56 0 2
9 57 0 1
10 57 0 1
11 57 0 1
12 57 0 1
13 57 0 1
14 57 0 1
15 57 0 1
16 57 0 1
17 57 0 1
18 57 0 1
19 57 0 1
20 57 0 1
59 57 0 2
60 57 0 2
61 57 0 2
62 57 0 2
63 57 0 2
64 57 0 2
65 57 0 2
66 57 0 2
67 57 0 2
68 57 0 2
69 57 0 2
70 57 0 2
227 57 0 1
228 57 0 1
229 57 0 1
230 57 0 1
231 57 0 2
232 57 0 2
233 57 0 2
234 57 0 2
235 57 0 2
236 57 0 2
237 57 0 2
238 57 0 2
239 57 0 2
240 57 0 2
241 57 0 2
9 58 0 1
10 58 0 1
11 58 0 1
12 58 0 1
13 58 0 1
14 58 0 1
15 58 0 1
16 58 0 1
17 58 0 1
18 58 0 1
19 58 0 1
20 58 0 1
59 58 0 2
60 58 0 2
61 58 0 2
62 58 0 2
63 58 0 2
64 58 0 2
65 58 0 2
66 58 0 2
67 58 0 2
68 58 0 2
69 58 0 2
70 58 0 2
71 58 0 2
228 58 0 1
229 58 0 1
230 58 0 1
231 58 0 1
232 58 0 1
233 58 0 1
234 58 0 1
235 58 0 2
236 58 0 2
237 58 0 1
238 58 0 2
239 58 0 2
240 58 0 2
9 59 0 1
10 59 0 1
11 59 0 1
12 59 0 1
13 59 0 1
14 59 0 1
15 59 0 1
16 59 0 1
17 59 0 1
18 59 0 1
19 59 0 1
20 59 0 1
59 59 0 2
60 59 0 2
61 59 0 2
62 59 0 2
63 59 0 2
64 59 0 2
65 59 0 2
66 59 0 2
67 59 0 2
68 59 0 2
69 59 0 2
70 59 0 2
71 59 0 2
229 59 0 1
230 59 0 1
231 59 0 1
232 59 0 1
233 59 0 1
234 59 0 1
235 59 0 1
236 59 0 1
237 59 0 1
238 59 0 1
239 59 0 1
10 60 0 1
11 60 0 1
12 60 0 1
13 60 0 1
14 60 0 1
15 60 0 1
16 60 0 1
17 60 0 1
18 60 0 1
19 60 0 1
59 60 0 2
60 60 0 2
61 60 0 2
62 60 0 2
63 60 0 2
64 60 0 2
65 60 0 2
66 60 0 2
67 60 0 2
68 60 0 2
69 60 0 2
70 60 0 2
71 60 0 2
11 61 0 1
12 61 0 1
13 61 0 1
14 61 0 1
15 61 0 1
16 61 0 1
17 61 0 1
18 61 0 1
59 61 0 2
60 61 0 2
61 61 0 2
62 61 0 2
63 61 0 2
64 61 0 2
65 61 0 2
66 61 0 2
67 61 0 2
68 61 0 2
69 61 0 2
70 61 0 2
71 61 0 2
138 61 0 1
139 61 0 1
140 61 0 1
141 61 0 1
142 61 0 1
143 61 0 1
144 61 0 1
145 61 0 1
12 62 0 1
13 62 0 1
14 62 0 1
15 62 0 1
16 62 0 1
17 62 0 1
60 62 0 2
61 62 0 2
62 62 0 2
63 62 0 2
64 62 0 2
65 62 0 2
66 62 0 2
67 62 0 2
68 62 0 2
69 62 0 2
70 62 0 2
71 62 0 2
135 62 0 1
136 62 0 1
137 62 0 1
138 62 0 1
139 62 0 1
140 62 0 1
141 62 0 1
142 62 0 1
143 62 0 2
144 62 0 2
145 62 0 2
146 62 0 2
61 63 0 1
62 63 0 1
63 63 0 1
64 63 0 2
65 63 0 2
66 63 0 2
67 63 0 2
68 63 0 2
69 63 0 2
70 63 0 2
134 63 0 1
135 63 0 1
136 63 0 1
137 63 0 1
138 63 0 1
139 63 0 2
140 63 0 2
141 63 0 2
142 63 0 2
143 63 0 2
144 63 0 2
145 63 0 2
146 63 0 2
147 63 0 2
62 64 0 1
63 64 0 1
64 64 0 1
65 64 0 1
66 64 0 1
67 64 0 1
68 64 0 1
69 64 0 1
134 64 0 1
135 64 0 1
136 64 0 2
137 64 0 2
138 64 0 2
139 64 0 2
140 64 0 2
141 64 0 2
142 64 0 2
143 64 0 2
144 64 0 2
145 64 0 2
146 64 0 2
147 64 0 2
63 65 0 1
64 65 0 1
65 65 0 1
66 65 0 1
67 65 0 1
68 65 0 1
134 65 0 2
135 65 0 2
136 65 0 2
137 65 0 2
138 65 0 2
139 65 0 2
140 65 0 2
141 65 0 2
142 65 0 2
143 65 0 2
144 65 0 2
145 65 0 2
146 65 0 2
147 65 0 2
134 66 0 2
135 66 0 2
136 66 0 2
137 66 0 2
138 66 0 2
139 66 0 2
140 66 0 2
141 66 0 2
142 66 0 2
143 66 0 2
144 66 0 2
145 66 0 2
146 66 0 2
147 66 0 2
134 67 0 2
135 67 0 2
136 67 0 2
137 67 0 2
138 67 0 2
139 67 0 2
140 67 0 2
141 67 0 2
142 67 0 2
143 67 0 2
144 67 0 2
145 67 0 2
146 67 0 2
147 67 0 2
35 68 0 1
36 68 0 1
37 68 0 1
38 68 0 1
39 68 0 2
40 68 0 2
134 68 0 2
135 68 0 2
136 68 0 2
137 68 0 2
138 68 0 2
139 68 0 2
140 68 0 2
141 68 0 2
142 68 0 2
143 68 0 2
144 68 0 2
145 68 0 2
146 68 0 2
147 68 0 1
34 69 0 1
35 69 0 1
36 69 0 1
37 69 0 2
38 69 0 2
39 69 0 2
40 69 0 2
41 69 0 2
42 69 0 2
134 69 0 2
135 69 0 2
136 69 0 2
137 69 0 2
138 69 0 2
139 69 0 2
140 69 0 2
141 69 0 2
142 69 0 2
143 69 0 2
144 69 0 2
145 69 0 1
146 69 0 1
147 69 0 1
34 70 0 2
35 70 0 2
36 70 0 2
37 70 0 2
38 70 0 2
39 70 0 2
40 70 0 2
41 70 0 2
42 70 0 2
43 70 0 2
134 70 0 2
135 70 0 2
136 70 0 2
137 70 0 2
138 70 0 2
139 70 0 2
140 70 0 2
141 70 0 2
142 70 0 2
143 70 0 1
144 70 0 1
145 70 0 1
146 70 0 1
147 70 0 1
33 71 0 2
34 71 0 2
35 71 0 2
36 71 0 2
37 71 0 2
38 71 0 2
39 71 0 2
40 71 0 2
41 71 0 2
42 71 0 2
43 71 0 2
135 71 0 2
136 71 0 2
137 71 0 2
138 71 0 1
139 71 0 1
140 71 0 1
141 71 0 1
142 71 0 1
143 71 0 1
144 71 0 1
145 71 0 1
146 71 0 1
235 71 0 2
236 71 0 2
237 71 0 1
238 71 0 1
239 71 0 1
240 71 0 1
241 71 0 1
242 71 0 1
243 71 0 1
244 71 0 1
33 72 0 2
34 72 0 2
35 72 0 2
36 72 0 2
37 72 0 2
38 72 0 2
39 72 0 2
40 72 0 2
41 72 0 2
42 72 0 2
43 72 0 2
136 72 0 2
137 72 0 1
138 72 0 1
139 72 0 1
140 72 0 1
141 72 0 1
142 72 0 1
143 72 0 1
144 72 0 1
145 72 0 1
234 72 0 2
235 72 0 2
236 72 0 2
237 72 0 1
238 72 0 1
239 72 0 1
240 72 0 1
241 72 0 1
242 72 0 1
243 72 0 1
244 72 0 1
245 72 0 1
33 73 0 2
34 73 0 2
35 73 0 2
36 73 0 2
37 73 0 2
38 73 0 2
39 73 0 2
40 73 0 2
41 73 0 2
42 73 0 2
43 73 0 1
233 73 0 2
234 73 0 2
235 73 0 2
236 73 0 2
237 73 0 2
238 73 0 1
239 73 0 1
240 73 0 1
241 73 0 1
242 73 0 1
243 73 0 1
244 73 0 1
245 73 0 1
246 73 0 1
33 74 0 2
34 74 0 2
35 74 0 2
36 74 0 2
37 74 0 2
38 74 0 2
39 74 0 2
40 74 0 2
41 74 0 1
42 74 0 1
43 74 0 1
107 74 0 2
108 74 0 2
109 74 0 2
110 74 0 2
111 74 0 2
112 74 0 2
113 74 0 2
233 74 0 2
234 74 0 2
235 74 0 2
236 74 0 2
237 74 0 2
238 74 0 2
239 74 0 2
240 74 0 2
241 74 0 2
242 74 0 1
243 74 0 1
244 74 0 1
245 74 0 1
246 74 0 1
247 74 0 1
34 75 0 2
35 75 0 2
36 75 0 2
37 75 0 2
38 75 0 2
39 75 0 1
40 75 0 1
41 75 0 1
42 75 0 1
106 75 0 2
107 75 0 2
108 75 0 2
109 75 0 2
110 75 0 2
111 75 0 2
112 75 0 2
113 75 0 2
114 75 0 2
233 75 0 2
234 75 0 2
235 75 0 2
236 75 0 2
237 75 0 2
238 75 0 2
239 75 0 2
240 75 0 2
241 75 0 2
242 75 0 2
243 75 0 1
244 75 0 1
245 75 0 1
246 75 0 1
247 75 0 1
35 76 0 1
36 76 0 1
37 76 0 1
38 76 0 1
39 76 0 1
40 76 0 1
105 76 0 2
106 76 0 2
107 76 0 2
108 76 0 2
109 76 0 2
110 76 0 2
111 76 0 2
112 76 0 2
113 76 0 2
114 76 0 2
115 76 0 2
233 76 0 2
234 76 0 2
235 76 0 2
236 76 0 2
237 76 0 2
238 76 0 2
239 76 0 2
240 76 0 2
241 76 0 2
242 76 0 2
243 76 0 2
244 76 0 2
245 76 0 1
246 76 0 1
247 76 0 1
36 77 0 1
37 77 0 1
38 77 0 1
105 77 0 2
106 77 0 2
107 77 0 2
108 77 0 2
109 77 0 2
110 77 0 2
111 77 0 2
112 77 0 2
113 77 0 2
114 77 0 2
115 77 0 2
233 77 0 2
234 77 0 2
235 77 0 2
236 77 0 2
237 77 0 2
238 77 0 2
239 77 0 2
240 77 0 2
241 77 0 2
242 77 0 2
243 77 0 2
244 77 0 2
245 77 0 2
246 77 0 2
247 77 0 1
105 78 0 2
106 78 0 2
107 78 0 2
108 78 0 2
109 78 0 2
110 78 0 2
111 78 0 2
112 78 0 2
113 78 0 2
114 78 0 2
115 78 0 2
233 78 0 2
234 78 0 2
235 78 0 2
236 78 0 2
237 78 0 2
238 78 0 2
239 78 0 2
240 78 0 2
241 78 0 2
242 78 0 2
243 78 0 2
244 78 0 2
245 78 0 2
246 78 0 2
247 78 0 1
105 79 0 2
106 79 0 2
107 79 0 2
108 79 0 2
109 79 0 2
110 79 0 2
111 79 0 2
112 79 0 2
113 79 0 2
114 79 0 2
115 79 0 2
233 79 0 1
234 79 0 1
235 79 0 2
236 79 0 2
237 79 0 2
238 79 0 2
239 79 0 2
240 79 0 2
241 79 0 2
242 79 0 2
243 79 0 2
244 79 0 2
245 79 0 2
246 79 0 2
247 79 0 2
105 80 0 2
106 80 0 2
107 80 0 2
108 80 0 2
109 80 0 2
110 80 0 2
111 80 0 2
112 80 0 2
113 80 0 2
114 80 0 2
115 80 0 2
233 80 0 1
234 80 0 1
235 80 0 2
236 80 0 2
237 80 0 2
238 80 0 2
239 80 0 2
240 80 0 2
241 80 0 2
242 80 0 2
243 80 0 2
244 80 0 2
245 80 0 2
246 80 0 2
247 80 0 2
105 81 0 2
106 81 0 2
107 81 0 2
108 81 0 2
109 81 0 2
110 81 0 2
111 81 0 2
112 81 0 2
113 81 0 2
114 81 0 2
115 81 0 2
233 81 0 1
234 81 0 1
235 81 0 1
236 81 0 2
237 81 0 2
238 81 0 2
239 81 0 2
240 81 0 2
241 81 0 2
242 81 0 2
243 81 0 2
244 81 0 2
245 81 0 2
246 81 0 2
247 81 0 2
105 82 0 2
106 82 0 2
107 82 0 2
108 82 0 2
109 82 0 2
110 82 0 2
111 82 0 2
112 82 0 2
113 82 0 2
114 82 0 2
115 82 0 2
233 82 0 1
234 82 0 1
235 82 0 1
236 82 0 1
237 82 0 1
238 82 0 1
239 82 0 2
240 82 0 1
241 82 0 2
242 82 0 2
243 82 0 2
244 82 0 2
245 82 0 2
246 82 0 2
247 82 0 2
105 83 0 2
106 83 0 2
107 83 0 2
108 83 0 1
109 83 0 1
110 83 0 1
111 83 0 1
112 83 0 1
113 83 0 1
114 83 0 1
115 83 0 1
234 83 0 1
235 83 0 1
236 83 0 1
237 83 0 1
238 83 0 1
239 83 0 1
240 83 0 1
241 83 0 1
242 83 0 1
243 83 0 2
244 83 0 2
245 83 0 2
246 83 0 2
247 83 0 2
106 84 0 2
107 84 0 1
108 84 0 1
109 84 0 1
110 84 0 1
111 84 0 1
112 84 0 1
113 84 0 1
114 84 0 1
235 84 0 1
236 84 0 1
237 84 0 1
238 84 0 1
239 84 0 1
240 84 0 1
241 84 0 1
242 84 0 1
243 84 0 1
244 84 0 2
245 84 0 2
246 84 0 2
107 85 0 1
108 85 0 1
109 85 0 1
110 85 0 1
111 85 0 1
112 85 0 1
113 85 0 1
236 85 0 1
237 85 0 1
238 85 0 1
239 85 0 1
240 85 0 1
241 85 0 1
242 85 0 1
243 85 0 1
244 85 0 1
245 85 0 2
81 89 0 1
82 89 0 1
83 89 0 1
84 89 0 1
85 89 0 1
86 89 0 1
87 89 0 1
80 90 0 1
81 90 0 1
82 90 0 1
83 90 0 1
84 90 0 1
85 90 0 1
86 90 0 2
87 90 0 2
88 90 0 2
152 90 0 1
153 90 0 1
80 91 0 1
81 91 0 1
82 91 0 2
83 91 0 2
84 91 0 2
85 91 0 2
86 91 0 2
87 91 0 2
88 91 0 2
89 91 0 2
151 91 0 1
152 91 0 1
153 91 0 1
154 91 0 1
155 91 0 1
160 91 0 1
161 91 0 1
162 91 0 1
163 91 0 1
80 92 0 2
81 92 0 2
82 92 0 2
83 92 0 2
84 92 0 2
85 92 0 2
86 92 0 2
87 92 0 2
88 92 0 2
89 92 0 2
90 92 0 2
150 92 0 2
151 92 0 2
152 92 0 1
153 92 0 1
154 92 0 1
155 92 0 1
156 92 0 1
157 92 0 1
158 92 0 1
159 92 0 1
160 92 0 1
161 92 0 1
162 92 0 1
163 92 0 1
164 92 0 1
80 93 0 2
81 93 0 2
82 93 0 2
83 93 0 2
84 93 0 2
85 93 0 2
86 93 0 2
87 93 0 2
88 93 0 2
89 93 0 2
90 93 0 2
150 93 0 2
151 93 0 2
152 93 0 2
153 93 0 1
154 93 0 1
155 93 0 1
156 93 0 1
157 93 0 1
158 93 0 1
159 93 0 1
160 93 0 1
161 93 0 1
162 93 0 1
163 93 0 1
164 93 0 2
80 94 0 2
81 94 0 2
82 94 0 2
83 94 0 2
84 94 0 2
85 94 0 2
86 94 0 2
87 94 0 2
88 94 0 2
89 94 0 2
90 94 0 2
150 94 0 2
151 94 0 2
152 94 0 2
153 94 0 2
154 94 0 2
155 94 0 1
156 94 0 1
157 94 0 1
158 94 0 1
159 94 0 1
160 94 0 1
161 94 0 2
162 94 0 2
163 94 0 2
164 94 0 2
46 95 0 1
47 95 0 1
48 95 0 1
49 95 0 1
50 95 0 1
51 95 0 1
80 95 0 2
81 95 0 2
82 95 0 2
83 95 0 2
84 95 0 2
85 95 0 2
86 95 0 2
87 95 0 2
88 95 0 2
89 95 0 2
90 95 0 2
150 95 0 2
151 95 0 2
152 95 0 2
153 95 0 2
154 95 0 2
155 95 0 2
156 95 0 2
157 95 0 2
158 95 0 2
159 95 0 2
160 95 0 2
161 95 0 2
162 95 0 2
163 95 0 2
164 95 0 2
45 96 0 1
46 96 0 1
47 96 0 1
48 96 0 1
49 96 0 1
50 96 0 1
51 96 0 1
52 96 0 1
80 96 0 2
81 96 0 2
82 96 0 2
83 96 0 2
84 96 0 2
85 96 0 2
86 96 0 2
87 96 0 2
88 96 0 2
89 96 0 2
90 96 0 2
150 96 0 2
151 96 0 2
152 96 0 2
153 96 0 2
154 96 0 2
155 96 0 2
156 96 0 2
157 96 0 2
158 96 0 2
159 96 0 2
160 96 0 2
161 96 0 2
162 96 0 2
163 96 0 2
164 96 0 2
44 97 0 1
45 97 0 1
46 97 0 2
47 97 0 2
48 97 0 2
49 97 0 2
50 97 0 2
51 97 0 2
52 97 0 2
53 97 0 2
80 97 0 2
81 97 0 2
82 97 0 2
83 97 0 2
84 97 0 2
85 97 0 2
86 97 0 2
87 97 0 2
88 97 0 1
89 97 0 1
90 97 0 1
150 97 0 2
151 97 0 2
152 97 0 2
153 97 0 2
154 97 0 2
155 97 0 2
156 97 0 2
157 97 0 2
158 97 0 2
159 97 0 2
160 97 0 2
161 97 0 2
162 97 0 2
163 97 0 2
164 97 0 2
43 98 0 2
44 98 0 2
45 98 0 2
46 98 0 2
47 98 0 2
48 98 0 2
49 98 0 2
50 98 0 2
51 98 0 2
52 98 0 2
53 98 0 2
54 98 0 2
81 98 0 2
82 98 0 2
83 98 0 2
84 98 0 2
85 98 0 1
86 98 0 1
87 98 0 1
88 98 0 1
89 98 0 1
90 98 0 1
150 98 0 2
151 98 0 2
152 98 0 2
153 98 0 2
154 98 0 2
155 98 0 2
156 98 0 2
157 98 0 2
158 98 0 2
159 98 0 2
160 98 0 2
161 98 0 2
162 98 0 2
163 98 0 2
164 98 0 2
43 99 0 2
44 99 0 2
45 99 0 2
46 99 0 2
47 99 0 2
48 99 0 2
49 99 0 2
50 99 0 2
51 99 0 2
52 99 0 2
53 99 0 2
54 99 0 2
83 99 0 1
84 99 0 1
85 99 0 1
86 99 0 1
87 99 0 1
150 99 0 2
151 99 0 2
152 99 0 2
153 99 0 2
154 99 0 2
155 99 0 2
156 99 0 2
157 99 0 2
158 99 0 2
159 99 0 2
160 99 0 2
161 99 0 2
162 99 0 2
163 99 0 2
164 99 0 2
43 100 0 2
44 100 0 2
45 100 0 2
46 100 0 2
47 100 0 2
48 100 0 2
49 100 0 2
50 100 0 2
51 100 0 2
52 100 0 2
53 100 0 2
54 100 0 2
83 100 0 1
84 100 0 1
85 100 0 1
150 100 0 1
151 100 0 2
152 100 0 2
153 100 0 2
154 100 0 2
155 100 0 2
156 100 0 2
157 100 0 2
158 100 0 2
159 100 0 2
160 100 0 2
161 100 0 2
162 100 0 2
163 100 0 2
43 101 0 2
44 101 0 2
45 101 0 2
46 101 0 2
47 101 0 2
48 101 0 2
49 101 0 2
50 101 0 2
51 101 0 2
52 101 0 2
53 101 0 2
54 101 0 2
151 101 0 1
152 101 0 1
153 101 0 1
154 101 0 1
155 101 0 1
156 101 0 1
157 101 0 1
158 101 0 1
159 101 0 1
160 101 0 1
161 101 0 1
162 101 0 1
163 101 0 1
43 102 0 2
44 102 0 2
45 102 0 2
46 102 0 2
47 102 0 2
48 102 0 2
49 102 0 2
50 102 0 2
51 102 0 2
52 102 0 2
53 102 0 2
54 102 0 2
153 102 0 1
154 102 0 1
155 102 0 1
156 102 0 1
157 102 0 1
158 102 0 1
159 102 0 1
160 102 0 1
161 102 0 1
162 102 0 1
43 103 0 2
44 103 0 2
45 103 0 2
46 103 0 2
47 103 0 2
48 103 0 2
49 103 0 2
50 103 0 2
51 103 0 2
52 103 0 2
53 103 0 2
54 103 0 2
44 104 0 2
45 104 0 2
46 104 0 2
47 104 0 2
48 104 0 2
49 104 0 2
50 104 0 2
51 104 0 2
52 104 0 2
53 104 0 2
45 105 0 1
46 105 0 1
47 105 0 1
48 105 0 1
49 105 0 1
50 105 0 1
51 105 0 1
52 105 0 1
46 106 0 1
47 106 0 1
48 106 0 1
49 106 0 1
50 106 0 1
51 106 0 1
69 111 0 1
70 111 0 1
71 111 0 1
72 111 0 1
73 111 0 1
74 111 0 1
75 111 0 1
76 111 0 1
189 111 0 1
190 111 0 1
191 111 0 1
192 111 0 1
193 111 0 1
194 111 0 1
195 111 0 1
4 112 0 2
5 112 0 2
6 112 0 1
7 112 0 1
8 112 0 1
9 112 0 1
10 112 0 1
66 112 0 1
67 112 0 1
68 112 0 1
69 112 0 1
70 112 0 1
71 112 0 1
72 112 0 1
73 112 0 1
74 112 0 1
75 112 0 1
76 112 0 1
77 112 0 1
186 112 0 1
187 112 0 1
188 112 0 1
189 112 0 1
190 112 0 1
191 112 0 1
192 112 0 1
193 112 0 1
194 112 0 1
195 112 0 1
196 112 0 1
2 113 0 2
3 113 0 2
4 113 0 2
5 113 0 2
6 113 0 2
7 113 0 1
8 113 0 1
9 113 0 1
10 113 0 1
11 113 0 1
12 113 0 1
66 113 0 1
67 113 0 1
68 113 0 1
69 113 0 1
70 113 0 1
71 113 0 2
72 113 0 2
73 113 0 2
74 113 0 2
75 113 0 2
76 113 0 2
77 113 0 2
78 113 0 2
185 113 0 1
186 113 0 1
187 113 0 1
188 113 0 1
189 113 0 1
190 113 0 1
191 113 0 1
192 113 0 1
193 113 0 1
194 113 0 1
195 113 0 1
196 113 0 1
197 113 0 1
219 113 0 1
220 113 0 1
221 113 0 1
222 113 0 1
223 113 0 1
224 113 0 1
225 113 0 1
226 113 0 1
227 113 0 1
1 114 0 2
2 114 0 2
3 114 0 2
4 114 0 2
5 114 0 2
6 114 0 2
7 114 0 1
8 114 0 1
9 114 0 1
10 114 0 1
11 114 0 1
12 114 0 1
13 114 0 1
66 114 0 2
67 114 0 2
68 114 0 2
69 114 0 2
70 114 0 2
71 114 0 2
72 114 0 2
73 114 0 2
74 114 0 2
75 114 0 2
76 114 0 2
77 114 0 2
78 114 0 2
79 114 0 2
185 114 0 1
186 114 0 1
187 114 0 1
188 114 0 1
189 114 0 2
190 114 0 2
191 114 0 2
192 114 0 2
193 114 0 2
194 114 0 2
195 114 0 2
196 114 0 2
197 114 0 2
198 114 0 2
218 114 0 1
219 114 0 1
220 114 0 1
221 114 0 1
222 114 0 1
223 114 0 1
224 114 0 1
225 114 0 1
226 114 0 1
227 114 0 1
228 114 0 1
229 114 0 1
230 114 0 1
231 114 0 1
1 115 0 2
2 115 0 2
3 115 0 2
4 115 0 2
5 115 0 2
6 115 0 2
7 115 0 1
8 115 0 1
9 115 0 1
10 115 0 1
11 115 0 1
12 115 0 1
13 115 0 1
66 115 0 2
67 115 0 2
68 115 0 2
69 115 0 2
70 115 0 2
71 115 0 2
72 115 0 2
73 115 0 2
74 115 0 2
75 115 0 2
76 115 0 2
77 115 0 2
78 115 0 2
79 115 0 2
185 115 0 1
186 115 0 1
187 115 0 2
188 115 0 2
189 115 0 2
190 115 0 2
191 115 0 2
192 115 0 2
193 115 0 2
194 115 0 2
195 115 0 2
196 115 0 2
197 115 0 2
198 115 0 2
199 115 0 2
218 115 0 1
219 115 0 1
220 115 0 1
221 115 0 1
222 115 0 1
223 115 0 1
224 115 0 1
225 115 0 1
226 115 0 1
227 115 0 1
228 115 0 1
229 115 0 1
230 115 0 1
231 115 0 1
0 116 0 2
1 116 0 2
2 116 0 2
3 116 0 2
4 116 0 2
5 116 0 2
6 116 0 2
7 116 0 2
8 116 0 2
9 116 0 2
10 116 0 2
11 116 0 1
12 116 0 1
13 116 0 1
14 116 0 1
66 116 0 2
67 116 0 2
68 116 0 2
69 116 0 2
70 116 0 2
71 116 0 2
72 116 0 2
73 116 0 2
74 116 0 2
75 116 0 2
76 116 0 2
77 116 0 2
78 116 0 2
79 116 0 2
185 116 0 2
186 116 0 2
187 116 0 2
188 116 0 2
189 116 0 2
190 116 0 2
191 116 0 2
192 116 0 2
193 116 0 2
194 116 0 2
195 116 0 2
196 116 0 2
197 116 0 2
198 116 0 2
199 116 0 2
218 116 0 2
219 116 0 2
220 116 0 2
221 116 0 2
222 116 0 2
223 116 0 2
224 116 0 2
225 116 0 2
226 116 0 1
227 116 0 1
228 116 0 1
229 116 0 1
230 116 0 1
231 116 0 1
0 117 0 2
1 117 0 2
2 117 0 2
3 117 0 2
4 117 0 2
5 117 0 2
6 117 0 2
7 117 0 2
8 117 0 2
9 117 0 2
10 117 0 2
11 117 0 1
12 117 0 1
13 117 0 1
14 117 0 1
66 117 0 2
67 117 0 2
68 117 0 2
69 117 0 2
70 117 0 2
71 117 0 2
72 117 0 2
73 117 0 2
74 117 0 2
75 117 0 2
76 117 0 2
77 117 0 2
78 117 0 2
79 117 0 2
185 117 0 2
186 117 0 2
187 117 0 2
188 117 0 2
189 117 0 2
190 117 0 2
191 117 0 2
192 117 0 2
193 117 0 2
194 117 0 2
195 117 0 2
196 117 0 2
197 117 0 2
198 117 0 2
199 117 0 2
218 117 0 2
219 117 0 2
220 117 0 2
221 117 0 2
222 117 0 2
223 117 0 2
224 117 0 2
225 117 0 2
226 117 0 2
227 117 0 2
228 117 0 2
229 117 0 2
230 117 0 2
231 117 0 2
0 118 0 1
1 118 0 2
2 118 0 2
3 118 0 2
4 118 0 2
5 118 0 2
6 118 0 2
7 118 0 2
8 118 0 2
9 118 0 2
10 118 0 2
11 118 0 2
12 118 0 2
13 118 0 2
14 118 0 1
66 118 0 2
67 118 0 2
68 118 0 2
69 118 0 2
70 118 0 2
71 118 0 2
72 118 0 2
73 118 0 2
74 118 0 2
75 118 0 2
76 118 0 2
77 118 0 2
78 118 0 2
79 118 0 2
185 118 0 2
186 118 0 2
187 118 0 2
188 118 0 2
189 118 0 2
190 118 0 2
191 118 0 2
192 118 0 2
193 118 0 2
194 118 0 2
195 118 0 2
196 118 0 2
197 118 0 2
198 118 0 2
199 118 0 2
218 118 0 2
219 118 0 2
220 118 0 2
221 118 0 2
222 118 0 2
223 118 0 2
224 118 0 2
225 118 0 2
226 118 0 2
227 118 0 2
228 118 0 2
229 118 0 2
230 118 0 2
231 118 0 2
0 119 0 1
1 119 0 1
2 119 0 2
3 119 0 2
4 119 0 2
5 119 0 2
6 119 0 2
7 119 0 2
8 119 0 2
9 119 0 2
10 119 0 2
11 119 0 2
12 119 0 2
13 119 0 2
14 119 0 2
66 119 0 2
67 119 0 2
68 119 0 2
69 119 0 2
70 119 0 2
71 119 0 2
72 119 0 2
73 119 0 2
74 119 0 2
75 119 0 2
76 119 0 2
77 119 0 2
78 119 0 2
79 119 0 2
185 119 0 2
186 119 0 2
187 119 0 2
188 119 0 2
189 119 0 2
190 119 0 2
191 119 0 2
192 119 0 2
193 119 0 2
194 119 0 2
195 119 0 2
196 119 0 2
197 119 0 2
198 119 0 2
199 119 0 2
218 119 0 2
219 119 0 2
220 119 0 2
221 119 0 2
222 119 0 2
223 119 0 2
224 119 0 2
225 119 0 2
226 119 0 2
227 119 0 2
228 119 0 2
229 119 0 2
230 119 0 2
231 119 0 2
0 120 0 1
1 120 0 1
2 120 0 1
3 120 0 2
4 120 0 2
5 120 0 2
6 120 0 2
7 120 0 2
8 120 0 2
9 120 0 2
10 120 0 2
11 120 0 2
12 120 0 2
13 120 0 2
14 120 0 2
67 120 0 2
68 120 0 2
69 120 0 2
70 120 0 2
71 120 0 2
72 120 0 2
73 120 0 2
74 120 0 2
75 120 0 2
76 120 0 2
77 120 0 2
78 120 0 2
79 120 0 2
186 120 0 2
187 120 0 2
188 120 0 2
189 120 0 2
190 120 0 2
191 120 0 2
192 120 0 2
193 120 0 2
194 120 0 2
195 120 0 2
196 120 0 2
197 120 0 1
198 120 0 1
199 120 0 1
218 120 0 2
219 120 0 2
220 120 0 2
221 120 0 2
222 120 0 2
223 120 0 2
224 120 0 2
225 120 0 2
226 120 0 2
227 120 0 2
228 120 0 2
229 120 0 2
230 120 0 2
231 120 0 2
0 121 0 1
1 121 0 1
2 121 0 1
3 121 0 1
4 121 0 1
5 121 0 2
6 121 0 2
7 121 0 2
8 121 0 2
9 121 0 2
10 121 0 2
11 121 0 2
12 121 0 2
13 121 0 2
14 121 0 2
68 121 0 2
69 121 0 2
70 121 0 2
71 121 0 2
72 121 0 2
73 121 0 1
74 121 0 1
75 121 0 1
76 121 0 1
77 121 0 1
78 121 0 1
79 121 0 1
187 121 0 1
188 121 0 1
189 121 0 1
190 121 0 1
191 121 0 1
192 121 0 1
193 121 0 1
194 121 0 1
195 121 0 1
196 121 0 1
197 121 0 1
198 121 0 1
199 121 0 1
218 121 0 2
219 121 0 2
220 121 0 2
221 121 0 2
222 121 0 2
223 121 0 2
224 121 0 2
225 121 0 2
226 121 0 2
227 121 0 2
228 121 0 2
229 121 0 2
230 121 0 2
231 121 0 2
0 122 0 1
1 122 0 1
2 122 0 1
3 122 0 1
4 122 0 1
5 122 0 1
6 122 0 1
7 122 0 1
8 122 0 2
9 122 0 2
10 122 0 2
11 122 0 2
12 122 0 2
13 122 0 2
68 122 0 1
69 122 0 1
70 122 0 1
71 122 0 1
72 122 0 1
73 122 0 1
74 122 0 1
75 122 0 1
76 122 0 1
77 122 0 1
78 122 0 1
188 122 0 1
189 122 0 1
190 122 0 1
191 122 0 1
192 122 0 1
193 122 0 1
194 122 0 1
195 122 0 1
196 122 0 1
197 122 0 1
198 122 0 1
199 122 0 1
218 122 0 2
219 122 0 1
220 122 0 1
221 122 0 2
222 122 0 2
223 122 0 2
224 122 0 2
225 122 0 2
226 122 0 2
227 122 0 2
228 122 0 2
229 122 0 2
230 122 0 2
231 122 0 2
1 123 0 1
2 123 0 1
3 123 0 1
4 123 0 1
5 123 0 1
6 123 0 1
7 123 0 1
8 123 0 1
9 123 0 2
10 123 0 2
11 123 0 2
12 123 0 2
13 123 0 2
69 123 0 1
70 123 0 1
71 123 0 1
72 123 0 1
73 123 0 1
74 123 0 1
189 123 0 1
190 123 0 1
191 123 0 1
192 123 0 1
193 123 0 1
194 123 0 1
195 123 0 1
196 123 0 1
218 123 0 2
219 123 0 1
220 123 0 1
221 123 0 2
222 123 0 2
223 123 0 2
224 123 0 2
225 123 0 2
226 123 0 2
227 123 0 2
228 123 0 2
229 123 0 2
230 123 0 2
231 123 0 2
2 124 0 1
3 124 0 1
4 124 0 1
5 124 0 1
6 124 0 1
7 124 0 1
8 124 0 1
9 124 0 2
10 124 0 2
11 124 0 2
12 124 0 2
218 124 0 1
219 124 0 1
220 124 0 1
221 124 0 1
222 124 0 1
223 124 0 2
224 124 0 2
225 124 0 2
226 124 0 2
227 124 0 2
228 124 0 2
229 124 0 2
230 124 0 2
4 125 0 1
5 125 0 1
6 125 0 1
7 125 0 1
8 125 0 1
9 125 0 1
10 125 0 1
218 125 0 1
219 125 0 1
220 125 0 1
221 125 0 1
222 125 0 1
223 125 0 1
224 125 0 1
225 125 0 1
226 125 0 2
227 125 0 2
228 125 0 2
105 126 0 2
106 126 0 2
107 126 0 2
108 126 0 2
109 126 0 2
110 126 0 2
111 126 0 2
112 126 0 1
113 126 0 1
114 126 0 1
115 126 0 1
116 126 0 1
104 127 0 2
105 127 0 2
106 127 0 2
107 127 0 2
108 127 0 2
109 127 0 2
110 127 0 2
111 127 0 2
112 127 0 1
113 127 0 1
114 127 0 1
115 127 0 1
116 127 0 1
103 128 0 2
104 128 0 2
105 128 0 2
106 128 0 2
107 128 0 2
108 128 0 2
109 128 0 2
110 128 0 2
111 128 0 2
112 128 0 2
113 128 0 2
114 128 0 2
115 128 0 2
116 128 0 2
103 129 0 2
104 129 0 2
105 129 0 2
106 129 0 2
107 129 0 2
108 129 0 2
109 129 0 2
110 129 0 2
111 129 0 2
112 129 0 2
113 129 0 2
114 129 0 2
115 129 0 2
116 129 0 2
103 130 0 2
104 130 0 2
105 130 0 2
106 130 0 2
107 130 0 2
108 130 0 2
109 130 0 2
110 130 0 2
111 130 0 2
112 130 0 2
113 130 0 2
114 130 0 2
115 130 0 2
116 130 0 2
51 131 0 1
52 131 0 1
53 131 0 1
54 131 0 1
103 131 0 2
104 131 0 2
105 131 0 2
106 131 0 2
107 131 0 2
108 131 0 2
109 131 0 2
110 131 0 2
111 131 0 2
112 131 0 2
113 131 0 2
114 131 0 2
115 131 0 2
116 131 0 2
50 132 0 2
51 132 0 2
52 132 0 2
53 132 0 1
54 132 0 1
55 132 0 1
56 132 0 1
103 132 0 2
104 132 0 2
105 132 0 2
106 132 0 2
107 132 0 2
108 132 0 2
109 132 0 2
110 132 0 2
111 132 0 2
112 132 0 2
113 132 0 2
114 132 0 2
115 132 0 2
116 132 0 2
49 133 0 2
50 133 0 2
51 133 0 2
52 133 0 2
53 133 0 2
54 133 0 2
55 133 0 1
56 133 0 1
57 133 0 1
103 133 0 1
104 133 0 1
105 133 0 2
106 133 0 2
107 133 0 2
108 133 0 2
109 133 0 2
110 133 0 2
111 133 0 2
112 133 0 2
113 133 0 2
114 133 0 2
115 133 0 2
116 133 0 2
49 134 0 2
50 134 0 2
51 134 0 2
52 134 0 2
53 134 0 2
54 134 0 2
55 134 0 2
56 134 0 1
57 134 0 1
58 134 0 1
103 134 0 1
104 134 0 1
105 134 0 2
106 134 0 2
107 134 0 2
108 134 0 2
109 134 0 1
110 134 0 2
111 134 0 1
112 134 0 2
113 134 0 2
114 134 0 1
115 134 0 1
116 134 0 1
49 135 0 2
50 135 0 2
51 135 0 2
52 135 0 2
53 135 0 2
54 135 0 2
55 135 0 2
56 135 0 2
57 135 0 1
58 135 0 1
59 135 0 1
103 135 0 1
104 135 0 1
105 135 0 1
106 135 0 1
107 135 0 1
108 135 0 1
109 135 0 1
110 135 0 1
111 135 0 1
112 135 0 1
113 135 0 1
114 135 0 1
115 135 0 1
116 135 0 1
49 136 0 2
50 136 0 2
51 136 0 2
52 136 0 2
53 136 0 2
54 136 0 2
55 136 0 2
56 136 0 2
57 136 0 2
58 136 0 1
59 136 0 1
104 136 0 1
105 136 0 1
106 136 0 1
107 136 0 1
108 136 0 1
109 136 0 1
110 136 0 1
111 136 0 1
112 136 0 1
113 136 0 1
114 136 0 1
49 137 0 2
50 137 0 2
51 137 0 2
52 137 0 2
53 137 0 2
54 137 0 2
55 137 0 2
56 137 0 2
57 137 0 2
58 137 0 2
59 137 0 2
49 138 0 2
50 138 0 2
51 138 0 2
52 138 0 2
53 138 0 2
54 138 0 2
55 138 0 2
56 138 0 2
57 138 0 2
58 138 0 2
59 138 0 2
49 139 0 1
50 139 0 1
51 139 0 1
52 139 0 2
53 139 0 2
54 139 0 2
55 139 0 2
56 139 0 2
57 139 0 2
58 139 0 2
59 139 0 2
49 140 0 1
50 140 0 1
51 140 0 1
52 140 0 1
53 140 0 1
54 140 0 1
55 140 0 1
56 140 0 2
57 140 0 2
58 140 0 2
59 140 0 2
50 141 0 1
51 141 0 1
52 141 0 1
53 141 0 1
54 141 0 1
55 141 0 1
56 141 0 2
57 141 0 2
58 141 0 2
59 141 0 2
125 141 0 1
126 141 0 1
127 141 0 1
128 141 0 1
129 141 0 1
130 141 0 1
131 141 0 1
132 141 0 1
133 141 0 1
134 141 0 1
135 141 0 1
53 142 0 1
54 142 0 1
55 142 0 1
56 142 0 1
57 142 0 1
58 142 0 2
59 142 0 2
124 142 0 2
125 142 0 2
126 142 0 1
127 142 0 1
128 142 0 1
129 142 0 1
130 142 0 1
131 142 0 1
132 142 0 1
133 142 0 1
134 142 0 1
135 142 0 1
136 142 0 1
54 143 0 1
55 143 0 1
56 143 0 1
57 143 0 1
58 143 0 1
124 143 0 2
125 143 0 2
126 143 0 2
127 143 0 2
128 143 0 2
129 143 0 1
130 143 0 1
131 143 0 1
132 143 0 1
133 143 0 1
134 143 0 1
135 143 0 1
136 143 0 1
137 143 0 1
124 144 0 2
125 144 0 2
126 144 0 2
127 144 0 2
128 144 0 2
129 144 0 2
130 144 0 2
131 144 0 1
132 144 0 1
133 144 0 1
134 144 0 1
135 144 0 1
136 144 0 1
137 144 0 1
124 145 0 2
125 145 0 2
126 145 0 2
127 145 0 2
128 145 0 2
129 145 0 2
130 145 0 2
131 145 0 2
132 145 0 1
133 145 0 1
134 145 0 1
135 145 0 1
136 145 0 1
137 145 0 1
164 145 0 1
165 145 0 1
166 145 0 1
167 145 0 1
168 145 0 1
169 145 0 1
170 145 0 1
171 145 0 1
172 145 0 1
173 145 0 1
124 146 0 2
125 146 0 2
126 146 0 2
127 146 0 2
128 146 0 2
129 146 0 2
130 146 0 2
131 146 0 2
132 146 0 2
133 146 0 2
134 146 0 2
135 146 0 1
136 146 0 1
137 146 0 2
163 146 0 1
164 146 0 1
165 146 0 1
166 146 0 1
167 146 0 1
168 146 0 1
169 146 0 1
170 146 0 1
171 146 0 1
172 146 0 1
173 146 0 1
174 146 0 1
124 147 0 2
125 147 0 2
126 147 0 2
127 147 0 2
128 147 0 2
129 147 0 2
130 147 0 2
131 147 0 2
132 147 0 2
133 147 0 2
134 147 0 2
135 147 0 2
136 147 0 2
137 147 0 2
162 147 0 1
163 147 0 1
164 147 0 1
165 147 0 1
166 147 0 1
167 147 0 1
168 147 0 1
169 147 0 1
170 147 0 1
171 147 0 1
172 147 0 1
173 147 0 1
174 147 0 1
124 148 0 2
125 148 0 2
126 148 0 2
127 148 0 2
128 148 0 2
129 148 0 2
130 148 0 2
131 148 0 2
132 148 0 2
133 148 0 2
134 148 0 2
135 148 0 2
136 148 0 2
137 148 0 2
161 148 0 1
162 148 0 1
163 148 0 1
164 148 0 2
165 148 0 2
166 148 0 2
167 148 0 2
168 148 0 2
169 148 0 2
170 148 0 2
171 148 0 2
172 148 0 2
173 148 0 2
174 148 0 1
233 148 0 1
234 148 0 1
235 148 0 1
236 148 0 1
237 148 0 1
238 148 0 1
239 148 0 1
240 148 0 1
241 148 0 1
242 148 0 1
243 148 0 1
244 148 0 1
245 148 0 1
124 149 0 2
125 149 0 2
126 149 0 2
127 149 0 2
128 149 0 2
129 149 0 2
130 149 0 2
131 149 0 2
132 149 0 2
133 149 0 2
134 149 0 2
135 149 0 2
136 149 0 2
137 149 0 2
161 149 0 2
162 149 0 2
163 149 0 2
164 149 0 2
165 149 0 2
166 149 0 2
167 149 0 2
168 149 0 2
169 149 0 2
170 149 0 2
171 149 0 2
172 149 0 2
173 149 0 2
174 149 0 2
175 149 0 2
233 149 0 1
234 149 0 1
235 149 0 1
236 149 0 1
237 149 0 1
238 149 0 1
239 149 0 1
240 149 0 1
241 149 0 1
242 149 0 1
243 149 0 1
244 149 0 1
245 149 0 1
246 149 0 1
124 150 0 2
125 150 0 2
126 150 0 2
127 150 0 2
128 150 0 2
129 150 0 2
130 150 0 2
131 150 0 2
132 150 0 2
133 150 0 2
134 150 0 2
135 150 0 2
136 150 0 2
137 150 0 2
161 150 0 2
162 150 0 2
163 150 0 2
164 150 0 2
165 150 0 2
166 150 0 2
167 150 0 2
168 150 0 2
169 150 0 2
170 150 0 2
171 150 0 2
172 150 0 2
173 150 0 2
174 150 0 2
175 150 0 2
176 150 0 2
232 150 0 1
233 150 0 1
234 150 0 1
235 150 0 1
236 150 0 1
237 150 0 1
238 150 0 1
239 150 0 1
240 150 0 1
241 150 0 2
242 150 0 2
243 150 0 1
244 150 0 1
245 150 0 1
246 150 0 1
247 150 0 1
124 151 0 1
125 151 0 1
126 151 0 1
127 151 0 1
128 151 0 2
129 151 0 2
130 151 0 2
131 151 0 2
132 151 0 2
133 151 0 2
134 151 0 2
135 151 0 2
136 151 0 2
137 151 0 2
161 151 0 2
162 151 0 2
163 151 0 2
164 151 0 2
165 151 0 2
166 151 0 2
167 151 0 2
168 151 0 2
169 151 0 2
170 151 0 2
171 151 0 2
172 151 0 2
173 151 0 2
174 151 0 2
175 151 0 2
176 151 0 2
232 151 0 1
233 151 0 1
234 151 0 1
235 151 0 1
236 151 0 2
237 151 0 2
238 151 0 2
239 151 0 2
240 151 0 2
241 151 0 2
242 151 0 2
243 151 0 2
244 151 0 2
245 151 0 2
246 151 0 2
247 151 0 2
124 152 0 1
125 152 0 1
126 152 0 1
127 152 0 1
128 152 0 1
129 152 0 1
130 152 0 1
131 152 0 2
132 152 0 2
133 152 0 2
134 152 0 2
135 152 0 2
136 152 0 2
137 152 0 2
161 152 0 2
162 152 0 2
163 152 0 2
164 152 0 2
165 152 0 2
166 152 0 2
167 152 0 2
168 152 0 2
169 152 0 2
170 152 0 2
171 152 0 2
172 152 0 2
173 152 0 2
174 152 0 2
175 152 0 2
176 152 0 2
232 152 0 1
233 152 0 2
234 152 0 2
235 152 0 2
236 152 0 2
237 152 0 2
238 152 0 2
239 152 0 2
240 152 0 2
241 152 0 2
242 152 0 2
243 152 0 2
244 152 0 2
245 152 0 2
246 152 0 2
247 152 0 2
125 153 0 1
126 153 0 1
127 153 0 1
128 153 0 1
129 153 0 1
130 153 0 1
131 153 0 1
132 153 0 1
133 153 0 1
134 153 0 1
135 153 0 1
136 153 0 1
161 153 0 2
162 153 0 2
163 153 0 2
164 153 0 2
165 153 0 2
166 153 0 2
167 153 0 2
168 153 0 2
169 153 0 2
170 153 0 2
171 153 0 2
172 153 0 2
173 153 0 2
174 153 0 2
175 153 0 2
176 153 0 2
232 153 0 2
233 153 0 2
234 153 0 2
235 153 0 2
236 153 0 2
237 153 0 2
238 153 0 2
239 153 0 2
240 153 0 2
241 153 0 2
242 153 0 2
243 153 0 2
244 153 0 2
245 153 0 2
246 153 0 2
247 153 0 2
129 154 0 1
130 154 0 1
131 154 0 1
132 154 0 1
133 154 0 1
134 154 0 1
135 154 0 1
161 154 0 2
162 154 0 2
163 154 0 2
164 154 0 2
165 154 0 2
166 154 0 2
167 154 0 2
168 154 0 2
169 154 0 2
170 154 0 2
171 154 0 2
172 154 0 2
173 154 0 2
174 154 0 2
175 154 0 2
176 154 0 2
232 154 0 2
233 154 0 2
234 154 0 2
235 154 0 2
236 154 0 2
237 154 0 2
238 154 0 2
239 154 0 2
240 154 0 2
241 154 0 2
242 154 0 2
243 154 0 2
244 154 0 2
245 154 0 2
246 154 0 2
247 154 0 2
21 155 0 1
22 155 0 1
23 155 0 1
24 155 0 1
25 155 0 1
26 155 0 1
27 155 0 1
28 155 0 1
29 155 0 1
30 155 0 1
161 155 0 2
162 155 0 2
163 155 0 2
164 155 0 2
165 155 0 2
166 155 0 2
167 155 0 2
168 155 0 2
169 155 0 2
170 155 0 2
171 155 0 2
172 155 0 2
173 155 0 2
174 155 0 2
175 155 0 2
176 155 0 2
232 155 0 2
233 155 0 2
234 155 0 2
235 155 0 2
236 155 0 2
237 155 0 2
238 155 0 2
239 155 0 2
240 155 0 2
241 155 0 2
242 155 0 2
243 155 0 2
244 155 0 2
245 155 0 2
246 155 0 2
247 155 0 2
20 156 0 1
21 156 0 1
22 156 0 1
23 156 0 1
24 156 0 1
25 156 0 1
26 156 0 1
27 156 0 2
28 156 0 2
29 156 0 2
30 156 0 2
31 156 0 2
161 156 0 1
162 156 0 1
163 156 0 1
164 156 0 1
165 156 0 1
166 156 0 1
167 156 0 1
168 156 0 1
169 156 0 1
170 156 0 1
171 156 0 1
172 156 0 1
173 156 0 1
174 156 0 1
175 156 0 1
176 156 0 1
232 156 0 2
233 156 0 2
234 156 0 2
235 156 0 2
236 156 0 2
237 156 0 2
238 156 0 2
239 156 0 2
240 156 0 2
241 156 0 2
242 156 0 2
243 156 0 2
244 156 0 2
245 156 0 2
246 156 0 2
247 156 0 2
19 157 0 1
20 157 0 1
21 157 0 1
22 157 0 1
23 157 0 1
24 157 0 2
25 157 0 2
26 157 0 2
27 157 0 2
28 157 0 2
29 157 0 2
30 157 0 2
31 157 0 2
32 157 0 2
162 157 0 1
163 157 0 1
164 157 0 1
165 157 0 1
166 157 0 1
167 157 0 1
168 157 0 1
169 157 0 1
170 157 0 1
171 157 0 1
172 157 0 1
173 157 0 1
174 157 0 1
175 157 0 1
232 157 0 2
233 157 0 2
234 157 0 2
235 157 0 1
236 157 0 1
237 157 0 1
238 157 0 1
239 157 0 1
240 157 0 1
241 157 0 1
242 157 0 1
243 157 0 1
244 157 0 1
245 157 0 1
246 157 0 1
18 158 0 1
19 158 0 1
20 158 0 1
21 158 0 2
22 158 0 2
23 158 0 2
24 158 0 2
25 158 0 2
26 158 0 2
27 158 0 2
28 158 0 2
29 158 0 2
30 158 0 2
31 158 0 2
32 158 0 2
163 158 0 1
164 158 0 1
165 158 0 1
166 158 0 1
167 158 0 1
168 158 0 1
169 158 0 1
170 158 0 1
171 158 0 1
172 158 0 1
173 158 0 1
174 158 0 1
232 158 0 2
233 158 0 2
234 158 0 2
235 158 0 1
236 158 0 1
237 158 0 1
238 158 0 1
239 158 0 1
240 158 0 1
241 158 0 1
242 158 0 1
243 158 0 1
244 158 0 1
245 158 0 1
18 159 0 1
19 159 0 2
20 159 0 2
21 159 0 2
22 159 0 2
23 159 0 2
24 159 0 2
25 159 0 2
26 159 0 2
27 159 0 2
28 159 0 2
29 159 0 2
30 159 0 2
31 159 0 2
32 159 0 2
97 159 0 1
98 159 0 1
99 159 0 1
100 159 0 1
101 159 0 1
102 159 0 1
103 159 0 1
233 159 0 1
234 159 0 1
235 159 0 1
236 159 0 1
18 160 0 2
19 160 0 2
20 160 0 2
21 160 0 2
22 160 0 2
23 160 0 2
24 160 0 2
25 160 0 2
26 160 0 2
27 160 0 2
28 160 0 2
29 160 0 2
30 160 0 2
31 160 0 2
32 160 0 2
96 160 0 2
97 160 0 2
98 160 0 1
99 160 0 1
100 160 0 1
101 160 0 1
102 160 0 1
103 160 0 1
104 160 0 1
105 160 0 1
106 160 0 1
234 160 0 1
235 160 0 1
18 161 0 2
19 161 0 2
20 161 0 2
21 161 0 2
22 161 0 2
23 161 0 2
24 161 0 2
25 161 0 2
26 161 0 2
27 161 0 2
28 161 0 2
29 161 0 2
30 161 0 2
31 161 0 2
32 161 0 2
96 161 0 2
97 161 0 2
98 161 0 2
99 161 0 2
100 161 0 2
101 161 0 2
102 161 0 1
103 161 0 1
104 161 0 1
105 161 0 1
106 161 0 1
107 161 0 1
204 161 0 2
205 161 0 2
206 161 0 2
207 161 0 2
208 161 0 2
209 161 0 2
210 161 0 1
211 161 0 2
212 161 0 2
213 161 0 2
214 161 0 2
215 161 0 2
18 162 0 2
19 162 0 2
20 162 0 2
21 162 0 2
22 162 0 2
23 162 0 2
24 162 0 2
25 162 0 2
26 162 0 2
27 162 0 2
28 162 0 2
29 162 0 2
30 162 0 2
31 162 0 2
32 162 0 2
68 162 0 1
69 162 0 1
70 162 0 1
71 162 0 1
72 162 0 1
96 162 0 2
97 162 0 2
98 162 0 2
99 162 0 2
100 162 0 2
101 162 0 2
102 162 0 2
103 162 0 2
104 162 0 2
105 162 0 1
106 162 0 1
107 162 0 1
108 162 0 1
109 162 0 1
110 162 0 1
203 162 0 2
204 162 0 2
205 162 0 2
206 162 0 2
207 162 0 2
208 162 0 2
209 162 0 2
210 162 0 2
211 162 0 2
212 162 0 2
213 162 0 2
214 162 0 2
215 162 0 2
216 162 0 2
18 163 0 2
19 163 0 2
20 163 0 2
21 163 0 2
22 163 0 2
23 163 0 2
24 163 0 2
25 163 0 2
26 163 0 2
27 163 0 2
28 163 0 2
29 163 0 2
30 163 0 2
31 163 0 2
32 163 0 2
66 163 0 1
67 163 0 1
68 163 0 1
69 163 0 1
70 163 0 1
71 163 0 1
72 163 0 1
73 163 0 1
74 163 0 1
96 163 0 2
97 163 0 2
98 163 0 2
99 163 0 2
100 163 0 2
101 163 0 2
102 163 0 2
103 163 0 2
104 163 0 2
105 163 0 2
106 163 0 2
107 163 0 1
108 163 0 1
109 163 0 1
110 163 0 1
121 163 0 1
122 163 0 1
123 163 0 1
124 163 0 1
125 163 0 1
203 163 0 2
204 163 0 2
205 163 0 2
206 163 0 2
207 163 0 2
208 163 0 2
209 163 0 2
210 163 0 2
211 163 0 2
212 163 0 2
213 163 0 2
214 163 0 2
215 163 0 2
216 163 0 2
217 163 0 2
18 164 0 2
19 164 0 2
20 164 0 2
21 164 0 2
22 164 0 2
23 164 0 2
24 164 0 2
25 164 0 2
26 164 0 2
27 164 0 2
28 164 0 2
29 164 0 2
30 164 0 2
31 164 0 2
32 164 0 2
65 164 0 1
66 164 0 1
67 164 0 1
68 164 0 1
69 164 0 1
70 164 0 1
71 164 0 1
72 164 0 1
73 164 0 1
74 164 0 1
75 164 0 1
96 164 0 2
97 164 0 2
98 164 0 2
99 164 0 2
100 164 0 2
101 164 0 2
102 164 0 2
103 164 0 2
104 164 0 2
105 164 0 2
106 164 0 2
107 164 0 2
108 164 0 2
109 164 0 2
110 164 0 2
120 164 0 1
121 164 0 1
122 164 0 1
123 164 0 1
124 164 0 1
125 164 0 1
126 164 0 1
127 164 0 2
128 164 0 2
203 164 0 2
204 164 0 2
205 164 0 2
206 164 0 2
207 164 0 2
208 164 0 2
209 164 0 2
210 164 0 2
211 164 0 2
212 164 0 2
213 164 0 2
214 164 0 2
215 164 0 2
216 164 0 2
217 164 0 2
18 165 0 2
19 165 0 2
20 165 0 2
21 165 0 1
22 165 0 1
23 165 0 1
24 165 0 1
25 165 0 1
26 165 0 1
27 165 0 1
28 165 0 1
29 165 0 1
30 165 0 1
31 165 0 1
65 165 0 1
66 165 0 1
67 165 0 1
68 165 0 1
69 165 0 1
70 165 0 1
71 165 0 1
72 165 0 1
73 165 0 1
74 165 0 1
75 165 0 1
96 165 0 2
97 165 0 2
98 165 0 2
99 165 0 2
100 165 0 2
101 165 0 2
102 165 0 2
103 165 0 2
104 165 0 2
105 165 0 2
106 165 0 2
107 165 0 2
108 165 0 2
109 165 0 2
110 165 0 2
120 165 0 2
121 165 0 2
122 165 0 2
123 165 0 2
124 165 0 2
125 165 0 2
126 165 0 2
127 165 0 2
128 165 0 2
129 165 0 2
130 165 0 2
203 165 0 2
204 165 0 2
205 165 0 2
206 165 0 2
207 165 0 2
208 165 0 2
209 165 0 2
210 165 0 2
211 165 0 2
212 165 0 2
213 165 0 2
214 165 0 2
215 165 0 2
216 165 0 2
217 165 0 2
18 166 0 2
19 166 0 2
20 166 0 1
21 166 0 1
22 166 0 1
23 166 0 1
24 166 0 1
25 166 0 1
26 166 0 1
27 166 0 1
28 166 0 1
29 166 0 1
30 166 0 1
64 166 0 1
65 166 0 1
66 166 0 1
67 166 0 1
68 166 0 1
69 166 0 1
70 166 0 1
71 166 0 1
72 166 0 1
73 166 0 1
74 166 0 1
75 166 0 1
76 166 0 1
96 166 0 2
97 166 0 2
98 166 0 2
99 166 0 2
100 166 0 2
101 166 0 2
102 166 0 2
103 166 0 2
104 166 0 2
105 166 0 2
106 166 0 2
107 166 0 2
108 166 0 2
109 166 0 2
110 166 0 2
120 166 0 2
121 166 0 2
122 166 0 2
123 166 0 2
124 166 0 2
125 166 0 2
126 166 0 2
127 166 0 2
128 166 0 2
129 166 0 2
130 166 0 2
131 166 0 2
132 166 0 2
203 166 0 2
204 166 0 2
205 166 0 2
206 166 0 2
207 166 0 2
208 166 0 2
209 166 0 2
210 166 0 2
211 166 0 2
212 166 0 2
213 166 0 2
214 166 0 2
215 166 0 2
216 166 0 2
217 166 0 2
19 167 0 1
20 167 0 1
21 167 0 1
22 167 0 1
23 167 0 1
24 167 0 1
25 167 0 1
26 167 0 1
27 167 0 1
28 167 0 1
29 167 0 1
64 167 0 1
65 167 0 1
66 167 0 1
67 167 0 1
68 167 0 1
69 167 0 1
70 167 0 1
71 167 0 1
72 167 0 1
73 167 0 1
74 167 0 1
75 167 0 1
76 167 0 1
96 167 0 1
97 167 0 2
98 167 0 2
99 167 0 2
100 167 0 2
101 167 0 2
102 167 0 2
103 167 0 2
104 167 0 2
105 167 0 2
106 167 0 2
107 167 0 2
108 167 0 2
109 167 0 2
110 167 0 2
120 167 0 2
121 167 0 2
122 167 0 2
123 167 0 2
124 167 0 2
125 167 0 2
126 167 0 2
127 167 0 2
128 167 0 2
129 167 0 2
130 167 0 2
131 167 0 2
132 167 0 2
133 167 0 2
203 167 0 2
204 167 0 2
205 167 0 2
206 167 0 2
207 167 0 2
208 167 0 2
209 167 0 2
210 167 0 2
211 167 0 2
212 167 0 2
213 167 0 2
214 167 0 2
215 167 0 2
216 167 0 1
217 167 0 1
64 168 0 1
65 168 0 1
66 168 0 1
67 168 0 1
68 168 0 1
69 168 0 1
70 168 0 1
71 168 0 1
72 168 0 1
73 168 0 1
74 168 0 1
75 168 0 1
76 168 0 1
96 168 0 1
97 168 0 1
98 168 0 1
99 168 0 2
100 168 0 2
101 168 0 2
102 168 0 2
103 168 0 2
104 168 0 2
105 168 0 2
106 168 0 2
107 168 0 2
108 168 0 2
109 168 0 2
110 168 0 2
120 168 0 2
121 168 0 2
122 168 0 2
123 168 0 2
124 168 0 2
125 168 0 2
126 168 0 2
127 168 0 2
128 168 0 2
129 168 0 2
130 168 0 2
131 168 0 2
132 168 0 2
133 168 0 2
203 168 0 1
204 168 0 2
205 168 0 2
206 168 0 2
207 168 0 2
208 168 0 2
209 168 0 2
210 168 0 2
211 168 0 2
212 168 0 2
213 168 0 2
214 168 0 1
215 168 0 1
216 168 0 1
217 168 0 1
64 169 0 1
65 169 0 1
66 169 0 1
67 169 0 1
68 169 0 1
69 169 0 1
70 169 0 1
71 169 0 1
72 169 0 1
73 169 0 1
74 169 0 1
75 169 0 1
76 169 0 1
96 169 0 1
97 169 0 1
98 169 0 1
99 169 0 1
100 169 0 1
101 169 0 1
102 169 0 1
103 169 0 1
104 169 0 2
105 169 0 2
106 169 0 2
107 169 0 2
108 169 0 2
109 169 0 2
120 169 0 2
121 169 0 2
122 169 0 2
123 169 0 2
124 169 0 2
125 169 0 2
126 169 0 2
127 169 0 2
128 169 0 2
129 169 0 2
130 169 0 2
131 169 0 1
132 169 0 1
133 169 0 1
203 169 0 1
204 169 0 1
205 169 0 1
206 169 0 2
207 169 0 2
208 169 0 2
209 169 0 2
210 169 0 2
211 169 0 2
212 169 0 2
213 169 0 2
214 169 0 1
215 169 0 1
216 169 0 1
217 169 0 1
65 170 0 1
66 170 0 1
67 170 0 1
68 170 0 1
69 170 0 1
70 170 0 1
71 170 0 1
72 170 0 1
73 170 0 1
74 170 0 1
75 170 0 1
98 170 0 1
99 170 0 1
100 170 0 1
101 170 0 1
102 170 0 1
103 170 0 1
104 170 0 1
105 170 0 2
106 170 0 2
107 170 0 2
108 170 0 2
120 170 0 2
121 170 0 2
122 170 0 2
123 170 0 2
124 170 0 2
125 170 0 2
126 170 0 2
127 170 0 2
128 170 0 1
129 170 0 1
130 170 0 1
131 170 0 1
132 170 0 1
133 170 0 1
203 170 0 1
204 170 0 1
205 170 0 1
206 170 0 2
207 170 0 2
208 170 0 2
209 170 0 2
210 170 0 2
211 170 0 2
212 170 0 2
213 170 0 2
214 170 0 2
215 170 0 2
216 170 0 1
217 170 0 1
65 171 0 1
66 171 0 1
67 171 0 1
68 171 0 1
69 171 0 1
70 171 0 1
71 171 0 1
72 171 0 1
73 171 0 1
74 171 0 1
75 171 0 1
103 171 0 1
104 171 0 1
105 171 0 1
106 171 0 1
107 171 0 1
120 171 0 2
121 171 0 2
122 171 0 2
123 171 0 2
124 171 0 2
125 171 0 1
126 171 0 1
127 171 0 1
128 171 0 1
129 171 0 1
130 171 0 1
131 171 0 1
132 171 0 1
133 171 0 1
203 171 0 1
204 171 0 1
205 171 0 1
206 171 0 1
207 171 0 2
208 171 0 2
209 171 0 2
210 171 0 2
211 171 0 2
212 171 0 2
213 171 0 2
214 171 0 2
215 171 0 2
216 171 0 2
217 171 0 2
66 172 0 1
67 172 0 1
68 172 0 1
69 172 0 1
70 172 0 1
71 172 0 1
72 172 0 1
73 172 0 1
74 172 0 1
120 172 0 2
121 172 0 2
122 172 0 1
123 172 0 1
124 172 0 1
125 172 0 1
126 172 0 1
127 172 0 1
128 172 0 1
129 172 0 1
130 172 0 1
131 172 0 1
132 172 0 1
133 172 0 1
204 172 0 1
205 172 0 1
206 172 0 1
207 172 0 1
208 172 0 1
209 172 0 1
210 172 0 2
211 172 0 2
212 172 0 2
213 172 0 2
214 172 0 2
215 172 0 2
216 172 0 2
217 172 0 2
68 173 0 1
69 173 0 1
70 173 0 1
71 173 0 1
72 173 0 1
120 173 0 1
121 173 0 1
122 173 0 1
123 173 0 1
124 173 0 1
125 173 0 1
126 173 0 1
127 173 0 1
128 173 0 1
129 173 0 1
130 173 0 1
205 173 0 1
206 173 0 1
207 173 0 1
208 173 0 1
209 173 0 1
210 173 0 1
211 173 0 1
212 173 0 1
213 173 0 2
214 173 0 2
215 173 0 2
216 173 0 2
217 173 0 2
120 174 0 1
121 174 0 1
122 174 0 1
123 174 0 1
124 174 0 1
125 174 0 1
126 174 0 1
127 174 0 1
128 174 0 1
129 174 0 1
207 174 0 1
208 174 0 1
209 174 0 1
210 174 0 1
211 174 0 1
212 174 0 1
213 174 0 2
214 174 0 2
215 174 0 2
216 174 0 2
217 174 0 2
105 179 0 2
106 179 0 2
107 179 0 2
108 179 0 2
109 179 0 1
110 179 0 1
111 179 0 1
112 179 0 1
113 179 0 1
114 179 0 1
115 179 0 1
116 179 0 1
117 179 0 1
104 180 0 2
105 180 0 2
106 180 0 2
107 180 0 2
108 180 0 2
109 180 0 2
110 180 0 2
111 180 0 1
112 180 0 1
113 180 0 1
114 180 0 1
115 180 0 1
116 180 0 1
117 180 0 1
118 180 0 1
229 180 0 2
230 180 0 2
231 180 0 1
232 180 0 1
233 180 0 1
234 180 0 1
235 180 0 1
236 180 0 1
103 181 0 2
104 181 0 2
105 181 0 2
106 181 0 2
107 181 0 2
108 181 0 2
109 181 0 2
110 181 0 2
111 181 0 2
112 181 0 2
113 181 0 2
114 181 0 2
115 181 0 2
116 181 0 2
117 181 0 2
118 181 0 1
227 181 0 2
228 181 0 2
229 181 0 2
230 181 0 2
231 181 0 2
232 181 0 1
233 181 0 1
234 181 0 1
235 181 0 1
236 181 0 1
237 181 0 1
9 182 0 1
10 182 0 1
11 182 0 1
12 182 0 1
103 182 0 2
104 182 0 2
105 182 0 2
106 182 0 2
107 182 0 2
108 182 0 2
109 182 0 2
110 182 0 2
111 182 0 2
112 182 0 2
113 182 0 2
114 182 0 2
115 182 0 2
116 182 0 2
117 182 0 2
118 182 0 2
226 182 0 2
227 182 0 2
228 182 0 2
229 182 0 2
230 182 0 2
231 182 0 2
232 182 0 2
233 182 0 2
234 182 0 2
235 182 0 1
236 182 0 1
237 182 0 1
238 182 0 1
8 183 0 2
9 183 0 2
10 183 0 1
11 183 0 1
12 183 0 1
13 183 0 1
14 183 0 1
103 183 0 2
104 183 0 2
105 183 0 2
106 183 0 2
107 183 0 2
108 183 0 2
109 183 0 2
110 183 0 2
111 183 0 2
112 183 0 2
113 183 0 2
114 183 0 2
115 183 0 2
116 183 0 2
117 183 0 2
118 183 0 2
226 183 0 2
227 183 0 2
228 183 0 2
229 183 0 2
230 183 0 2
231 183 0 2
232 183 0 2
233 183 0 2
234 183 0 2
235 183 0 2
236 183 0 1
237 183 0 1
238 183 0 1
239 183 0 1
7 184 0 2
8 184 0 2
9 184 0 2
10 184 0 1
11 184 0 1
12 184 0 1
13 184 0 1
14 184 0 1
15 184 0 1
103 184 0 2
104 184 0 2
105 184 0 2
106 184 0 2
107 184 0 2
108 184 0 2
109 184 0 2
110 184 0 2
111 184 0 2
112 184 0 2
113 184 0 2
114 184 0 2
115 184 0 2
116 184 0 2
117 184 0 2
118 184 0 2
226 184 0 2
227 184 0 2
228 184 0 2
229 184 0 2
230 184 0 2
231 184 0 2
232 184 0 2
233 184 0 2
234 184 0 2
235 184 0 2
236 184 0 1
237 184 0 1
238 184 0 1
239 184 0 1
7 185 0 2
8 185 0 2
9 185 0 2
10 185 0 2
11 185 0 1
12 185 0 1
13 185 0 1
14 185 0 1
15 185 0 1
47 185 0 1
48 185 0 1
49 185 0 1
50 185 0 1
51 185 0 1
52 185 0 1
53 185 0 1
54 185 0 1
55 185 0 1
56 185 0 1
103 185 0 1
104 185 0 2
105 185 0 2
106 185 0 2
107 185 0 2
108 185 0 2
109 185 0 2
110 185 0 2
111 185 0 2
112 185 0 2
113 185 0 2
114 185 0 2
115 185 0 2
116 185 0 2
117 185 0 2
118 185 0 2
226 185 0 1
227 185 0 2
228 185 0 2
229 185 0 2
230 185 0 2
231 185 0 2
232 185 0 2
233 185 0 2
234 185 0 2
235 185 0 2
236 185 0 2
237 185 0 2
238 185 0 1
239 185 0 1
7 186 0 2
8 186 0 2
9 186 0 2
10 186 0 2
11 186 0 1
12 186 0 1
13 186 0 1
14 186 0 1
15 186 0 1
16 186 0 1
17 186 0 1
18 186 0 1
19 186 0 1
46 186 0 1
47 186 0 1
48 186 0 1
49 186 0 1
50 186 0 1
51 186 0 1
52 186 0 1
53 186 0 1
54 186 0 1
55 186 0 1
56 186 0 1
57 186 0 1
103 186 0 1
104 186 0 1
105 186 0 1
106 186 0 1
107 186 0 1
108 186 0 2
109 186 0 2
110 186 0 2
111 186 0 2
112 186 0 2
113 186 0 2
114 186 0 2
115 186 0 2
116 186 0 2
117 186 0 2
118 186 0 2
226 186 0 1
227 186 0 1
228 186 0 1
229 186 0 2
230 186 0 2
231 186 0 2
232 186 0 2
233 186 0 2
234 186 0 2
235 186 0 2
236 186 0 2
237 186 0 2
238 186 0 1
239 186 0 1
7 187 0 2
8 187 0 2
9 187 0 2
10 187 0 2
11 187 0 2
12 187 0 2
13 187 0 1
14 187 0 1
15 187 0 1
16 187 0 1
17 187 0 1
18 187 0 1
19 187 0 1
44 187 0 1
45 187 0 1
46 187 0 1
47 187 0 1
48 187 0 2
49 187 0 2
50 187 0 2
51 187 0 2
52 187 0 2
53 187 0 2
54 187 0 2
55 187 0 2
56 187 0 1
57 187 0 1
58 187 0 1
104 187 0 1
105 187 0 1
106 187 0 1
107 187 0 1
108 187 0 1
109 187 0 1
110 187 0 1
111 187 0 2
112 187 0 2
113 187 0 2
114 187 0 2
115 187 0 2
116 187 0 2
117 187 0 2
118 187 0 2
226 187 0 1
227 187 0 1
228 187 0 1
229 187 0 1
230 187 0 2
231 187 0 2
232 187 0 2
233 187 0 2
234 187 0 2
235 187 0 2
236 187 0 2
237 187 0 2
238 187 0 2
239 187 0 2
7 188 0 2
8 188 0 2
9 188 0 2
10 188 0 2
11 188 0 2
12 188 0 2
13 188 0 2
14 188 0 2
15 188 0 2
16 188 0 1
17 188 0 1
18 188 0 1
19 188 0 1
43 188 0 1
44 188 0 1
45 188 0 1
46 188 0 2
47 188 0 2
48 188 0 2
49 188 0 2
50 188 0 2
51 188 0 2
52 188 0 2
53 188 0 2
54 188 0 2
55 188 0 2
56 188 0 2
57 188 0 2
58 188 0 2
108 188 0 1
109 188 0 1
110 188 0 1
111 188 0 2
112 188 0 2
113 188 0 2
114 188 0 2
115 188 0 2
116 188 0 2
117 188 0 2
118 188 0 2
134 188 0 1
135 188 0 1
137 188 0 1
138 188 0 1
139 188 0 1
140 188 0 1
141 188 0 2
142 188 0 2
143 188 0 2
226 188 0 1
227 188 0 1
228 188 0 1
229 188 0 1
230 188 0 1
231 188 0 2
232 188 0 2
233 188 0 2
234 188 0 2
235 188 0 2
236 188 0 2
237 188 0 2
238 188 0 2
239 188 0 2
7 189 0 2
8 189 0 2
9 189 0 2
10 189 0 2
11 189 0 2
12 189 0 2
13 189 0 2
14 189 0 2
15 189 0 2
16 189 0 2
17 189 0 2
18 189 0 2
19 189 0 1
43 189 0 2
44 189 0 2
45 189 0 2
46 189 0 2
47 189 0 2
48 189 0 2
49 189 0 2
50 189 0 2
51 189 0 2
52 189 0 2
53 189 0 2
54 189 0 2
55 189 0 2
56 189 0 2
57 189 0 2
58 189 0 2
108 189 0 1
109 189 0 1
110 189 0 1
111 189 0 1
112 189 0 1
113 189 0 1
114 189 0 1
115 189 0 2
116 189 0 2
117 189 0 2
118 189 0 2
133 189 0 2
134 189 0 1
135 189 0 1
136 189 0 1
137 189 0 1
138 189 0 2
139 189 0 2
140 189 0 2
141 189 0 2
142 189 0 2
143 189 0 2
144 189 0 2
145 189 0 2
226 189 0 1
227 189 0 1
228 189 0 1
229 189 0 1
230 189 0 1
231 189 0 1
232 189 0 2
233 189 0 2
234 189 0 2
235 189 0 2
236 189 0 2
237 189 0 2
238 189 0 2
7 190 0 2
8 190 0 2
9 190 0 2
10 190 0 2
11 190 0 2
12 190 0 2
13 190 0 2
14 190 0 2
15 190 0 2
16 190 0 2
17 190 0 2
18 190 0 2
19 190 0 1
43 190 0 2
44 190 0 2
45 190 0 2
46 190 0 2
47 190 0 2
48 190 0 2
49 190 0 2
50 190 0 2
51 190 0 2
52 190 0 2
53 190 0 2
54 190 0 2
55 190 0 2
56 190 0 2
57 190 0 2
58 190 0 2
111 190 0 1
112 190 0 1
113 190 0 1
114 190 0 1
115 190 0 1
116 190 0 1
117 190 0 1
118 190 0 2
132 190 0 2
133 190 0 2
134 190 0 1
135 190 0 1
136 190 0 1
137 190 0 1
138 190 0 2
139 190 0 2
140 190 0 2
141 190 0 2
142 190 0 2
143 190 0 2
144 190 0 2
145 190 0 2
146 190 0 2
227 190 0 1
228 190 0 1
229 190 0 1
230 190 0 1
231 190 0 1
232 190 0 1
233 190 0 1
234 190 0 2
235 190 0 2
236 190 0 2
237 190 0 2
238 190 0 2
7 191 0 1
8 191 0 2
9 191 0 2
10 191 0 2
11 191 0 2
12 191 0 2
13 191 0 2
14 191 0 2
15 191 0 2
16 191 0 2
17 191 0 2
18 191 0 2
19 191 0 2
43 191 0 2
44 191 0 2
45 191 0 2
46 191 0 2
47 191 0 2
48 191 0 2
49 191 0 2
50 191 0 2
51 191 0 2
52 191 0 2
53 191 0 2
54 191 0 2
55 191 0 2
56 191 0 2
57 191 0 2
58 191 0 2
115 191 0 1
116 191 0 1
117 191 0 1
118 191 0 1
132 191 0 2
133 191 0 2
134 191 0 2
135 191 0 2
136 191 0 2
137 191 0 2
138 191 0 2
139 191 0 2
140 191 0 2
141 191 0 2
142 191 0 2
143 191 0 2
144 191 0 2
145 191 0 2
146 191 0 1
166 191 0 1
167 191 0 1
168 191 0 1
169 191 0 1
170 191 0 1
171 191 0 1
172 191 0 1
173 191 0 1
228 191 0 1
229 191 0 1
230 191 0 1
231 191 0 1
232 191 0 1
233 191 0 1
234 191 0 1
235 191 0 2
236 191 0 2
237 191 0 2
7 192 0 1
8 192 0 1
9 192 0 2
10 192 0 2
11 192 0 2
12 192 0 2
13 192 0 2
14 192 0 2
15 192 0 2
16 192 0 2
17 192 0 2
18 192 0 2
19 192 0 2
43 192 0 2
44 192 0 2
45 192 0 2
46 192 0 2
47 192 0 2
48 192 0 2
49 192 0 2
50 192 0 2
51 192 0 2
52 192 0 2
53 192 0 2
54 192 0 2
55 192 0 2
56 192 0 2
57 192 0 2
58 192 0 2
118 192 0 1
132 192 0 2
133 192 0 2
134 192 0 2
135 192 0 2
136 192 0 2
137 192 0 2
138 192 0 2
139 192 0 2
140 192 0 2
141 192 0 2
142 192 0 2
143 192 0 2
144 192 0 2
145 192 0 2
146 192 0 1
165 192 0 1
166 192 0 1
167 192 0 1
168 192 0 1
169 192 0 1
170 192 0 1
171 192 0 1
172 192 0 1
173 192 0 1
174 192 0 1
229 192 0 1
230 192 0 1
231 192 0 1
232 192 0 1
233 192 0 1
234 192 0 1
235 192 0 1
236 192 0 1
7 193 0 1
8 193 0 1
9 193 0 1
10 193 0 1
11 193 0 1
12 193 0 1
13 193 0 2
14 193 0 2
15 193 0 2
16 193 0 2
17 193 0 2
18 193 0 2
19 193 0 2
43 193 0 2
44 193 0 2
45 193 0 2
46 193 0 2
47 193 0 2
48 193 0 2
49 193 0 2
50 193 0 2
51 193 0 2
52 193 0 2
53 193 0 2
54 193 0 2
55 193 0 2
56 193 0 2
57 193 0 2
58 193 0 2
132 193 0 2
133 193 0 2
134 193 0 2
135 193 0 2
136 193 0 2
137 193 0 2
138 193 0 2
139 193 0 2
140 193 0 2
141 193 0 2
142 193 0 2
143 193 0 1
144 193 0 1
145 193 0 1
146 193 0 1
164 193 0 1
165 193 0 1
166 193 0 1
167 193 0 1
168 193 0 1
169 193 0 1
170 193 0 1
171 193 0 1
172 193 0 1
173 193 0 1
174 193 0 1
175 193 0 1
201 193 0 2
202 193 0 2
203 193 0 2
204 193 0 2
205 193 0 2
206 193 0 1
207 193 0 1
208 193 0 1
8 194 0 1
9 194 0 1
10 194 0 1
11 194 0 1
12 194 0 1
13 194 0 1
14 194 0 1
15 194 0 2
16 194 0 2
17 194 0 2
18 194 0 2
43 194 0 2
44 194 0 2
45 194 0 2
46 194 0 2
47 194 0 2
48 194 0 2
49 194 0 2
50 194 0 2
51 194 0 2
52 194 0 2
53 194 0 2
54 194 0 2
55 194 0 2
56 194 0 2
57 194 0 2
58 194 0 2
132 194 0 2
133 194 0 2
134 194 0 2
135 194 0 2
136 194 0 2
137 194 0 2
138 194 0 2
139 194 0 2
140 194 0 2
141 194 0 2
142 194 0 2
143 194 0 1
144 194 0 1
145 194 0 1
163 194 0 1
164 194 0 1
165 194 0 1
166 194 0 1
167 194 0 1
168 194 0 1
169 194 0 1
170 194 0 1
171 194 0 1
172 194 0 1
173 194 0 1
174 194 0 1
175 194 0 1
176 194 0 1
199 194 0 2
200 194 0 2
201 194 0 2
202 194 0 2
203 194 0 2
204 194 0 2
205 194 0 2
206 194 0 1
207 194 0 1
208 194 0 1
209 194 0 1
10 195 0 1
11 195 0 1
12 195 0 1
13 195 0 1
14 195 0 1
15 195 0 1
16 195 0 1
17 195 0 2
43 195 0 2
44 195 0 1
45 195 0 1
46 195 0 1
47 195 0 1
48 195 0 2
49 195 0 2
50 195 0 2
51 195 0 2
52 195 0 2
53 195 0 2
54 195 0 2
55 195 0 2
56 195 0 2
57 195 0 1
58 195 0 1
132 195 0 2
133 195 0 2
134 195 0 2
135 195 0 2
136 195 0 2
137 195 0 2
138 195 0 2
139 195 0 2
140 195 0 2
141 195 0 2
142 195 0 2
143 195 0 1
144 195 0 1
145 195 0 1
163 195 0 1
164 195 0 1
165 195 0 1
166 195 0 1
167 195 0 1
168 195 0 1
169 195 0 1
170 195 0 1
171 195 0 1
172 195 0 1
173 195 0 1
174 195 0 1
175 195 0 1
176 195 0 1
198 195 0 2
199 195 0 2
200 195 0 2
201 195 0 2
202 195 0 2
203 195 0 2
204 195 0 2
205 195 0 2
206 195 0 2
207 195 0 1
208 195 0 1
209 195 0 1
210 195 0 1
43 196 0 1
44 196 0 1
45 196 0 1
46 196 0 1
47 196 0 1
48 196 0 2
49 196 0 2
50 196 0 2
51 196 0 2
52 196 0 2
53 196 0 2
54 196 0 2
55 196 0 1
56 196 0 1
57 196 0 1
132 196 0 1
133 196 0 1
134 196 0 2
135 196 0 2
136 196 0 2
137 196 0 2
138 196 0 2
139 196 0 2
140 196 0 2
141 196 0 2
142 196 0 2
143 196 0 2
144 196 0 1
145 196 0 1
146 196 0 1
163 196 0 1
164 196 0 1
165 196 0 1
166 196 0 1
167 196 0 1
168 196 0 1
169 196 0 1
170 196 0 1
171 196 0 1
172 196 0 1
173 196 0 1
174 196 0 1
175 196 0 1
176 196 0 1
198 196 0 1
199 196 0 2
200 196 0 2
201 196 0 2
202 196 0 2
203 196 0 2
204 196 0 2
205 196 0 2
206 196 0 2
207 196 0 2
208 196 0 1
209 196 0 1
210 196 0 1
211 196 0 1
44 197 0 1
45 197 0 1
46 197 0 1
47 197 0 2
48 197 0 2
49 197 0 2
50 197 0 2
51 197 0 2
52 197 0 2
53 197 0 2
54 197 0 2
55 197 0 1
56 197 0 1
132 197 0 1
133 197 0 1
134 197 0 1
135 197 0 1
136 197 0 2
137 197 0 2
138 197 0 2
139 197 0 2
140 197 0 2
141 197 0 2
142 197 0 2
143 197 0 2
144 197 0 2
145 197 0 1
146 197 0 1
163 197 0 1
164 197 0 1
165 197 0 1
166 197 0 1
167 197 0 1
168 197 0 1
169 197 0 1
170 197 0 1
171 197 0 1
172 197 0 1
173 197 0 1
174 197 0 1
175 197 0 1
176 197 0 1
198 197 0 1
199 197 0 1
200 197 0 1
201 197 0 2
202 197 0 2
203 197 0 2
204 197 0 2
205 197 0 2
206 197 0 2
207 197 0 2
208 197 0 2
209 197 0 1
210 197 0 1
211 197 0 1
212 197 0 1
45 198 0 1
46 198 0 2
47 198 0 2
48 198 0 2
49 198 0 2
50 198 0 2
51 198 0 2
52 198 0 2
53 198 0 2
54 198 0 1
55 198 0 1
132 198 0 1
133 198 0 1
134 198 0 1
135 198 0 1
136 198 0 1
137 198 0 2
138 198 0 2
139 198 0 2
140 198 0 2
141 198 0 2
142 198 0 2
143 198 0 2
144 198 0 2
145 198 0 1
146 198 0 1
163 198 0 1
164 198 0 1
165 198 0 1
166 198 0 1
167 198 0 1
168 198 0 1
169 198 0 1
170 198 0 1
171 198 0 1
172 198 0 1
173 198 0 1
174 198 0 1
175 198 0 1
176 198 0 1
198 198 0 1
199 198 0 1
200 198 0 1
201 198 0 1
202 198 0 2
203 198 0 2
204 198 0 2
205 198 0 2
206 198 0 2
207 198 0 2
208 198 0 2
209 198 0 2
210 198 0 1
211 198 0 1
212 198 0 1
132 199 0 1
133 199 0 1
134 199 0 1
135 199 0 1
136 199 0 1
137 199 0 2
138 199 0 2
139 199 0 2
140 199 0 2
141 199 0 2
142 199 0 2
143 199 0 2
144 199 0 2
145 199 0 2
146 199 0 2
163 199 0 1
164 199 0 1
165 199 0 1
166 199 0 1
167 199 0 1
168 199 0 1
169 199 0 1
170 199 0 1
171 199 0 1
172 199 0 1
173 199 0 1
174 199 0 1
175 199 0 1
176 199 0 1
198 199 0 2
199 199 0 2
200 199 0 2
201 199 0 2
202 199 0 2
203 199 0 2
204 199 0 2
205 199 0 2
206 199 0 2
207 199 0 2
208 199 0 2
209 199 0 2
210 199 0 1
211 199 0 1
212 199 0 1
133 200 0 1
134 200 0 1
135 200 0 1
136 200 0 1
137 200 0 2
138 200 0 2
139 200 0 2
140 200 0 2
141 200 0 2
142 200 0 2
143 200 0 2
144 200 0 2
145 200 0 2
163 200 0 1
164 200 0 1
165 200 0 1
166 200 0 1
167 200 0 1
168 200 0 1
169 200 0 1
170 200 0 1
171 200 0 1
172 200 0 1
173 200 0 1
174 200 0 1
175 200 0 1
176 200 0 1
198 200 0 2
199 200 0 2
200 200 0 2
201 200 0 2
202 200 0 2
203 200 0 2
204 200 0 2
205 200 0 2
206 200 0 2
207 200 0 2
208 200 0 2
209 200 0 2
210 200 0 2
211 200 0 1
212 200 0 1
76 201 0 1
77 201 0 1
78 201 0 1
79 201 0 1
80 201 0 1
81 201 0 1
82 201 0 1
83 201 0 1
84 201 0 1
135 201 0 1
136 201 0 1
137 201 0 1
138 201 0 1
139 201 0 2
140 201 0 2
141 201 0 2
142 201 0 2
143 201 0 2
144 201 0 2
164 201 0 1
165 201 0 1
166 201 0 1
167 201 0 1
168 201 0 1
169 201 0 1
170 201 0 1
171 201 0 1
172 201 0 1
173 201 0 1
174 201 0 1
175 201 0 1
198 201 0 2
199 201 0 2
200 201 0 2
201 201 0 2
202 201 0 2
203 201 0 2
204 201 0 2
205 201 0 2
206 201 0 2
207 201 0 2
208 201 0 2
209 201 0 2
210 201 0 2
211 201 0 2
212 201 0 2
74 202 0 1
75 202 0 1
76 202 0 1
77 202 0 1
78 202 0 2
79 202 0 2
80 202 0 2
81 202 0 2
82 202 0 1
83 202 0 1
84 202 0 1
85 202 0 1
86 202 0 1
87 202 0 1
165 202 0 1
166 202 0 1
167 202 0 1
168 202 0 1
169 202 0 1
170 202 0 1
171 202 0 1
172 202 0 1
173 202 0 1
174 202 0 1
198 202 0 2
199 202 0 2
200 202 0 2
201 202 0 2
202 202 0 2
203 202 0 2
204 202 0 2
205 202 0 2
206 202 0 2
207 202 0 2
208 202 0 2
209 202 0 2
210 202 0 2
211 202 0 2
212 202 0 2
73 203 0 1
74 203 0 1
75 203 0 1
76 203 0 1
77 203 0 2
78 203 0 2
79 203 0 2
80 203 0 2
81 203 0 2
82 203 0 1
83 203 0 1
84 203 0 1
85 203 0 1
86 203 0 1
87 203 0 1
166 203 0 1
167 203 0 1
168 203 0 1
169 203 0 1
170 203 0 1
171 203 0 1
172 203 0 1
173 203 0 1
198 203 0 2
199 203 0 2
200 203 0 2
201 203 0 2
202 203 0 2
203 203 0 2
204 203 0 2
205 203 0 2
206 203 0 2
207 203 0 2
208 203 0 2
209 203 0 2
210 203 0 2
211 203 0 2
212 203 0 2
73 204 0 1
74 204 0 2
75 204 0 2
76 204 0 2
77 204 0 2
78 204 0 2
79 204 0 2
80 204 0 2
81 204 0 2
82 204 0 2
83 204 0 2
84 204 0 2
85 204 0 1
86 204 0 1
87 204 0 2
198 204 0 2
199 204 0 2
200 204 0 2
201 204 0 2
202 204 0 2
203 204 0 2
204 204 0 2
205 204 0 2
206 204 0 2
207 204 0 2
208 204 0 2
209 204 0 2
210 204 0 2
211 204 0 2
212 204 0 2
73 205 0 1
74 205 0 2
75 205 0 2
76 205 0 2
77 205 0 2
78 205 0 2
79 205 0 2
80 205 0 2
81 205 0 2
82 205 0 2
83 205 0 2
84 205 0 2
85 205 0 2
86 205 0 2
87 205 0 2
198 205 0 2
199 205 0 2
200 205 0 2
201 205 0 2
202 205 0 2
203 205 0 2
204 205 0 2
205 205 0 2
206 205 0 2
207 205 0 2
208 205 0 2
209 205 0 2
210 205 0 2
211 205 0 2
73 206 0 2
74 206 0 2
75 206 0 2
76 206 0 2
77 206 0 2
78 206 0 2
79 206 0 2
80 206 0 2
81 206 0 2
82 206 0 2
83 206 0 2
84 206 0 2
85 206 0 2
86 206 0 2
87 206 0 2
199 206 0 2
200 206 0 2
201 206 0 2
202 206 0 2
203 206 0 2
204 206 0 2
205 206 0 2
206 206 0 2
207 206 0 2
208 206 0 2
209 206 0 2
210 206 0 2
211 206 0 2
73 207 0 2
74 207 0 2
75 207 0 2
76 207 0 2
77 207 0 2
78 207 0 2
79 207 0 2
80 207 0 2
81 207 0 2
82 207 0 2
83 207 0 2
84 207 0 2
85 207 0 2
86 207 0 2
87 207 0 2
104 207 0 1
105 207 0 1
106 207 0 1
107 207 0 1
108 207 0 1
109 207 0 1
110 207 0 1
111 207 0 1
112 207 0 1
113 207 0 1
114 207 0 1
200 207 0 1
201 207 0 1
202 207 0 1
203 207 0 1
204 207 0 1
205 207 0 1
206 207 0 2
207 207 0 2
208 207 0 2
209 207 0 2
210 207 0 2
73 208 0 2
74 208 0 2
75 208 0 2
76 208 0 2
77 208 0 2
78 208 0 2
79 208 0 2
80 208 0 2
81 208 0 2
82 208 0 2
83 208 0 2
84 208 0 2
85 208 0 2
86 208 0 2
87 208 0 2
103 208 0 1
104 208 0 1
105 208 0 1
106 208 0 1
107 208 0 1
108 208 0 1
109 208 0 1
110 208 0 1
111 208 0 1
112 208 0 1
113 208 0 1
114 208 0 1
115 208 0 1
201 208 0 1
202 208 0 1
203 208 0 1
204 208 0 1
73 209 0 2
74 209 0 2
75 209 0 2
76 209 0 2
77 209 0 2
78 209 0 2
79 209 0 2
80 209 0 2
81 209 0 2
82 209 0 2
83 209 0 2
84 209 0 2
85 209 0 2
86 209 0 2
87 209 0 2
103 209 0 2
104 209 0 2
105 209 0 1
106 209 0 1
107 209 0 1
108 209 0 1
109 209 0 1
110 209 0 1
111 209 0 1
112 209 0 1
113 209 0 1
114 209 0 1
115 209 0 1
116 209 0 1
117 209 0 1
118 209 0 1
237 209 0 1
238 209 0 1
239 209 0 1
240 209 0 1
73 210 0 2
74 210 0 2
75 210 0 2
76 210 0 2
77 210 0 2
78 210 0 2
79 210 0 1
80 210 0 1
81 210 0 1
82 210 0 2
83 210 0 2
84 210 0 2
85 210 0 2
86 210 0 2
87 210 0 2
102 210 0 2
103 210 0 2
104 210 0 2
105 210 0 2
106 210 0 2
107 210 0 2
108 210 0 2
109 210 0 2
110 210 0 2
111 210 0 2
112 210 0 2
113 210 0 1
114 210 0 1
115 210 0 1
116 210 0 1
117 210 0 1
118 210 0 1
228 210 0 1
236 210 0 1
237 210 0 1
238 210 0 1
239 210 0 1
240 210 0 2
241 210 0 2
73 211 0 2
74 211 0 2
75 211 0 2
76 211 0 1
77 211 0 1
78 211 0 1
79 211 0 1
80 211 0 1
81 211 0 1
82 211 0 1
83 211 0 1
84 211 0 1
85 211 0 1
86 211 0 1
87 211 0 1
102 211 0 2
103 211 0 2
104 211 0 2
105 211 0 2
106 211 0 2
107 211 0 2
108 211 0 2
109 211 0 2
110 211 0 2
111 211 0 2
112 211 0 2
113 211 0 2
114 211 0 2
115 211 0 1
116 211 0 1
117 211 0 1
118 211 0 1
228 211 0 1
229 211 0 1
235 211 0 1
236 211 0 1
237 211 0 1
238 211 0 1
239 211 0 2
240 211 0 2
241 211 0 2
242 211 0 2
73 212 0 1
74 212 0 1
75 212 0 1
76 212 0 1
77 212 0 1
78 212 0 1
79 212 0 1
81 212 0 1
82 212 0 1
83 212 0 1
84 212 0 1
85 212 0 1
86 212 0 1
87 212 0 1
102 212 0 2
103 212 0 2
104 212 0 2
105 212 0 2
106 212 0 2
107 212 0 2
108 212 0 2
109 212 0 2
110 212 0 2
111 212 0 2
112 212 0 2
113 212 0 2
114 212 0 2
115 212 0 2
116 212 0 1
117 212 0 1
118 212 0 1
148 212 0 1
149 212 0 2
150 212 0 2
151 212 0 2
152 212 0 2
153 212 0 2
154 212 0 2
155 212 0 2
156 212 0 1
157 212 0 1
158 212 0 1
228 212 0 1
229 212 0 1
230 212 0 1
234 212 0 1
235 212 0 1
236 212 0 1
237 212 0 2
238 212 0 2
239 212 0 2
240 212 0 2
241 212 0 2
242 212 0 2
73 213 0 1
74 213 0 1
75 213 0 1
102 213 0 2
103 213 0 2
104 213 0 2
105 213 0 2
106 213 0 2
107 213 0 2
108 213 0 2
109 213 0 2
110 213 0 2
111 213 0 2
112 213 0 2
113 213 0 2
114 213 0 2
115 213 0 2
116 213 0 2
117 213 0 2
118 213 0 2
148 213 0 1
149 213 0 2
150 213 0 2
151 213 0 2
152 213 0 2
153 213 0 2
154 213 0 2
155 213 0 2
156 213 0 1
157 213 0 1
158 213 0 1
159 213 0 2
228 213 0 2
229 213 0 1
230 213 0 1
231 213 0 1
232 213 0 1
233 213 0 1
234 213 0 1
235 213 0 1
236 213 0 2
237 213 0 2
238 213 0 2
239 213 0 2
240 213 0 2
241 213 0 2
242 213 0 2
243 213 0 2
102 214 0 2
103 214 0 2
104 214 0 2
105 214 0 2
106 214 0 2
107 214 0 2
108 214 0 2
109 214 0 2
110 214 0 2
111 214 0 2
112 214 0 2
113 214 0 2
114 214 0 2
115 214 0 2
116 214 0 2
117 214 0 2
118 214 0 2
148 214 0 1
149 214 0 1
150 214 0 2
151 214 0 2
152 214 0 2
153 214 0 2
154 214 0 2
155 214 0 2
156 214 0 1
157 214 0 1
158 214 0 2
159 214 0 2
160 214 0 2
228 214 0 2
229 214 0 2
230 214 0 1
231 214 0 1
232 214 0 1
233 214 0 1
234 214 0 1
235 214 0 1
236 214 0 2
237 214 0 2
238 214 0 2
239 214 0 2
240 214 0 2
241 214 0 2
242 214 0 2
243 214 0 2
35 215 0 1
36 215 0 1
37 215 0 1
38 215 0 2
39 215 0 2
40 215 0 2
41 215 0 2
42 215 0 2
43 215 0 1
44 215 0 1
45 215 0 1
46 215 0 1
102 215 0 2
103 215 0 2
104 215 0 2
105 215 0 2
106 215 0 2
107 215 0 2
108 215 0 2
109 215 0 2
110 215 0 2
111 215 0 2
112 215 0 2
113 215 0 2
114 215 0 2
115 215 0 2
116 215 0 2
117 215 0 2
118 215 0 2
148 215 0 1
149 215 0 1
150 215 0 2
151 215 0 2
152 215 0 2
153 215 0 2
154 215 0 2
155 215 0 2
156 215 0 2
157 215 0 2
158 215 0 2
159 215 0 2
160 215 0 2
161 215 0 2
228 215 0 2
229 215 0 2
230 215 0 2
231 215 0 2
232 215 0 2
233 215 0 2
234 215 0 2
235 215 0 2
236 215 0 2
237 215 0 2
238 215 0 2
239 215 0 2
240 215 0 2
241 215 0 2
242 215 0 2
243 215 0 2
34 216 0 1
35 216 0 1
36 216 0 2
37 216 0 2
38 216 0 2
39 216 0 2
40 216 0 2
41 216 0 2
42 216 0 2
43 216 0 2
44 216 0 1
45 216 0 1
46 216 0 2
102 216 0 2
103 216 0 2
104 216 0 2
105 216 0 2
106 216 0 2
107 216 0 2
108 216 0 2
109 216 0 2
110 216 0 2
111 216 0 2
112 216 0 2
113 216 0 2
114 216 0 2
115 216 0 2
116 216 0 2
117 216 0 2
118 216 0 2
148 216 0 1
149 216 0 1
150 216 0 2
151 216 0 2
152 216 0 2
153 216 0 2
154 216 0 2
155 216 0 2
156 216 0 2
157 216 0 2
158 216 0 2
159 216 0 2
160 216 0 2
161 216 0 2
228 216 0 2
229 216 0 2
230 216 0 2
231 216 0 2
232 216 0 2
233 216 0 2
234 216 0 2
235 216 0 2
236 216 0 2
237 216 0 2
238 216 0 2
239 216 0 2
240 216 0 2
241 216 0 2
242 216 0 2
243 216 0 1
33 217 0 1
34 217 0 1
35 217 0 1
36 217 0 2
37 217 0 2
38 217 0 2
39 217 0 2
40 217 0 2
41 217 0 2
42 217 0 2
43 217 0 2
44 217 0 2
45 217 0 2
46 217 0 2
102 217 0 2
103 217 0 2
104 217 0 2
105 217 0 2
106 217 0 2
107 217 0 2
108 217 0 2
109 217 0 2
110 217 0 2
111 217 0 2
112 217 0 2
113 217 0 2
114 217 0 2
115 217 0 2
116 217 0 2
117 217 0 2
118 217 0 2
148 217 0 1
149 217 0 1
150 217 0 2
151 217 0 2
152 217 0 2
153 217 0 2
154 217 0 2
155 217 0 2
156 217 0 2
157 217 0 2
158 217 0 2
159 217 0 2
160 217 0 2
161 217 0 2
228 217 0 2
229 217 0 2
230 217 0 2
231 217 0 2
232 217 0 2
233 217 0 2
234 217 0 2
235 217 0 2
236 217 0 2
237 217 0 2
238 217 0 2
239 217 0 2
240 217 0 2
241 217 0 2
242 217 0 2
243 217 0 1
32 218 0 1
33 218 0 1
34 218 0 2
35 218 0 2
36 218 0 2
37 218 0 2
38 218 0 2
39 218 0 2
40 218 0 2
41 218 0 2
42 218 0 2
43 218 0 2
44 218 0 2
45 218 0 2
46 218 0 2
102 218 0 1
103 218 0 1
104 218 0 1
105 218 0 1
106 218 0 1
107 218 0 1
108 218 0 2
109 218 0 2
110 218 0 2
111 218 0 2
112 218 0 2
113 218 0 2
114 218 0 2
115 218 0 2
116 218 0 2
117 218 0 2
118 218 0 2
147 218 0 1
148 218 0 1
149 218 0 1
150 218 0 2
151 218 0 2
152 218 0 2
153 218 0 2
154 218 0 2
155 218 0 2
156 218 0 2
157 218 0 2
158 218 0 2
159 218 0 2
160 218 0 2
161 218 0 2
228 218 0 2
229 218 0 2
230 218 0 2
231 218 0 2
232 218 0 2
233 218 0 2
234 218 0 2
235 218 0 2
236 218 0 2
237 218 0 2
238 218 0 2
239 218 0 2
240 218 0 2
241 218 0 2
242 218 0 1
243 218 0 1
32 219 0 1
33 219 0 1
34 219 0 2
35 219 0 2
36 219 0 2
37 219 0 2
38 219 0 2
39 219 0 2
40 219 0 2
41 219 0 2
42 219 0 2
43 219 0 2
44 219 0 2
45 219 0 2
46 219 0 2
102 219 0 1
103 219 0 1
104 219 0 1
105 219 0 1
106 219 0 1
107 219 0 1
108 219 0 1
109 219 0 2
110 219 0 2
111 219 0 2
112 219 0 2
113 219 0 2
114 219 0 2
115 219 0 2
116 219 0 2
117 219 0 2
147 219 0 1
148 219 0 1
149 219 0 2
150 219 0 2
151 219 0 2
152 219 0 2
153 219 0 2
154 219 0 2
155 219 0 2
156 219 0 2
157 219 0 2
158 219 0 2
159 219 0 2
160 219 0 2
161 219 0 2
228 219 0 2
229 219 0 2
230 219 0 2
231 219 0 2
232 219 0 2
233 219 0 2
234 219 0 2
235 219 0 2
236 219 0 2
237 219 0 2
238 219 0 2
239 219 0 2
240 219 0 2
241 219 0 1
242 219 0 1
243 219 0 1
31 220 0 1
32 220 0 2
33 220 0 2
34 220 0 2
35 220 0 2
36 220 0 2
37 220 0 2
38 220 0 2
39 220 0 2
40 220 0 2
41 220 0 2
42 220 0 2
43 220 0 2
44 220 0 2
45 220 0 2
46 220 0 2
103 220 0 1
104 220 0 1
105 220 0 1
106 220 0 1
107 220 0 1
108 220 0 1
109 220 0 1
110 220 0 1
111 220 0 1
112 220 0 1
113 220 0 2
114 220 0 2
115 220 0 2
116 220 0 2
117 220 0 2
147 220 0 2
148 220 0 2
149 220 0 2
150 220 0 2
151 220 0 2
152 220 0 2
153 220 0 2
154 220 0 2
155 220 0 2
156 220 0 2
157 220 0 2
158 220 0 2
159 220 0 2
160 220 0 2
161 220 0 2
228 220 0 2
229 220 0 2
230 220 0 2
231 220 0 2
232 220 0 2
233 220 0 2
234 220 0 2
235 220 0 2
236 220 0 2
237 220 0 2
238 220 0 2
239 220 0 2
240 220 0 1
241 220 0 1
242 220 0 1
31 221 0 1
32 221 0 2
33 221 0 2
34 221 0 2
35 221 0 2
36 221 0 2
37 221 0 2
38 221 0 2
39 221 0 2
40 221 0 2
41 221 0 2
42 221 0 2
43 221 0 2
44 221 0 2
45 221 0 2
46 221 0 2
104 221 0 1
105 221 0 1
106 221 0 1
107 221 0 1
108 221 0 1
109 221 0 1
110 221 0 1
111 221 0 1
112 221 0 1
113 221 0 1
114 221 0 1
115 221 0 1
116 221 0 1
147 221 0 2
148 221 0 2
149 221 0 2
150 221 0 2
151 221 0 2
152 221 0 2
153 221 0 2
154 221 0 2
155 221 0 2
156 221 0 2
157 221 0 2
158 221 0 2
159 221 0 2
160 221 0 1
161 221 0 1
228 221 0 1
229 221 0 2
230 221 0 2
231 221 0 2
232 221 0 2
233 221 0 2
234 221 0 2
235 221 0 1
236 221 0 1
237 221 0 1
238 221 0 1
239 221 0 1
240 221 0 1
241 221 0 1
31 222 0 2
32 222 0 2
33 222 0 2
34 222 0 2
35 222 0 2
36 222 0 2
37 222 0 2
38 222 0 2
39 222 0 2
40 222 0 2
41 222 0 2
42 222 0 2
43 222 0 2
44 222 0 2
45 222 0 2
46 222 0 2
106 222 0 1
107 222 0 1
108 222 0 1
109 222 0 1
110 222 0 1
111 222 0 1
112 222 0 1
113 222 0 1
114 222 0 1
115 222 0 1
116 222 0 1
147 222 0 2
148 222 0 2
149 222 0 2
150 222 0 2
151 222 0 2
152 222 0 2
153 222 0 2
154 222 0 2
155 222 0 2
156 222 0 2
157 222 0 2
158 222 0 2
159 222 0 1
160 222 0 1
161 222 0 1
228 222 0 1
229 222 0 1
230 222 0 1
231 222 0 1
232 222 0 1
233 222 0 1
234 222 0 1
235 222 0 1
236 222 0 1
237 222 0 1
238 222 0 1
239 222 0 1
240 222 0 1
241 222 0 1
31 223 0 2
32 223 0 2
33 223 0 2
34 223 0 2
35 223 0 2
36 223 0 2
37 223 0 2
38 223 0 2
39 223 0 2
40 223 0 2
41 223 0 2
42 223 0 2
43 223 0 2
44 223 0 2
45 223 0 2
46 223 0 2
107 223 0 1
108 223 0 1
109 223 0 1
110 223 0 1
111 223 0 1
112 223 0 1
113 223 0 1
114 223 0 1
147 223 0 2
148 223 0 2
149 223 0 2
150 223 0 2
151 223 0 2
152 223 0 2
153 223 0 2
154 223 0 2
155 223 0 2
156 223 0 2
157 223 0 2
158 223 0 1
159 223 0 1
160 223 0 1
229 223 0 1
230 223 0 1
231 223 0 1
232 223 0 1
233 223 0 1
234 223 0 1
31 224 0 2
32 224 0 2
33 224 0 2
34 224 0 2
35 224 0 2
36 224 0 2
37 224 0 2
38 224 0 2
39 224 0 1
40 224 0 2
41 224 0 2
42 224 0 1
43 224 0 1
44 224 0 1
45 224 0 1
46 224 0 1
148 224 0 2
149 224 0 2
150 224 0 2
151 224 0 2
152 224 0 2
153 224 0 2
154 224 0 1
155 224 0 1
156 224 0 1
157 224 0 1
158 224 0 1
159 224 0 1
160 224 0 1
31 225 0 2
32 225 0 2
33 225 0 2
34 225 0 2
35 225 0 2
36 225 0 2
37 225 0 2
38 225 0 1
39 225 0 1
40 225 0 1
41 225 0 1
42 225 0 1
43 225 0 1
44 225 0 1
45 225 0 1
46 225 0 1
149 225 0 2
150 225 0 2
151 225 0 2
152 225 0 2
153 225 0 2
154 225 0 1
155 225 0 1
156 225 0 1
157 225 0 1
158 225 0 1
159 225 0 1
160 225 0 1
31 226 0 2
32 226 0 2
33 226 0 2
34 226 0 1
35 226 0 1
36 226 0 1
37 226 0 1
38 226 0 1
39 226 0 1
150 226 0 2
151 226 0 2
152 226 0 2
153 226 0 1
154 226 0 1
155 226 0 1
156 226 0 1
157 226 0 1
158 226 0 1
31 227 0 2
32 227 0 1
33 227 0 1
34 227 0 1
35 227 0 1
36 227 0 1
37 227 0 1
38 227 0 1
31 228 0 2
32 228 0 1
33 228 0 1
190 234 0 1
191 234 0 1
192 234 0 1
193 234 0 1
194 234 0 1
195 234 0 1
196 234 0 1
197 234 0 1
198 234 0 1
199 234 0 1
200 234 0 1
190 235 0 1
191 235 0 1
192 235 0 1
193 235 0 1
194 235 0 1
195 235 0 1
196 235 0 1
197 235 0 1
198 235 0 1
199 235 0 1
200 235 0 1
201 235 0 1
99 236 0 1
100 236 0 1
101 236 0 1
102 236 0 1
103 236 0 1
189 236 0 1
190 236 0 1
191 236 0 1
192 236 0 1
193 236 0 1
194 236 0 1
195 236 0 1
196 236 0 2
197 236 0 2
198 236 0 2
199 236 0 2
200 236 0 2
201 236 0 2
97 237 0 1
98 237 0 1
99 237 0 1
100 237 0 1
101 237 0 1
102 237 0 1
103 237 0 1
104 237 0 1
126 237 0 1
127 237 0 1
189 237 0 2
190 237 0 2
191 237 0 2
192 237 0 2
193 237 0 2
194 237 0 2
195 237 0 2
196 237 0 2
197 237 0 2
198 237 0 2
199 237 0 2
200 237 0 2
201 237 0 2
202 237 0 2
229 237 0 1
230 237 0 1
231 237 0 1
232 237 0 1
233 237 0 1
95 238 0 1
96 238 0 1
97 238 0 1
98 238 0 1
99 238 0 1
100 238 0 1
101 238 0 1
102 238 0 1
103 238 0 1
104 238 0 1
123 238 0 1
124 238 0 1
125 238 0 1
126 238 0 1
127 238 0 1
128 238 0 1
188 238 0 2
189 238 0 2
190 238 0 2
191 238 0 2
192 238 0 2
193 238 0 2
194 238 0 2
195 238 0 2
196 238 0 2
197 238 0 2
198 238 0 2
199 238 0 2
200 238 0 2
201 238 0 2
202 238 0 2
228 238 0 1
229 238 0 1
230 238 0 1
231 238 0 1
232 238 0 1
233 238 0 1
234 238 0 1
235 238 0 1
93 239 0 1
94 239 0 1
95 239 0 1
96 239 0 1
97 239 0 1
98 239 0 1
99 239 0 1
100 239 0 1
101 239 0 1
102 239 0 2
103 239 0 2
104 239 0 2
122 239 0 1
123 239 0 1
124 239 0 1
125 239 0 1
126 239 0 2
127 239 0 2
128 239 0 1
129 239 0 1
130 239 0 1
131 239 0 1
132 239 0 1
133 239 0 1
187 239 0 2
188 239 0 2
189 239 0 2
190 239 0 2
191 239 0 2
192 239 0 2
193 239 0 2
194 239 0 2
195 239 0 2
196 239 0 2
197 239 0 2
198 239 0 2
199 239 0 2
200 239 0 2
201 239 0 2
202 239 0 2
228 239 0 2
229 239 0 2
230 239 0 1
231 239 0 1
232 239 0 1
233 239 0 1
234 239 0 1
235 239 0 1
236 239 0 1
91 240 0 1
92 240 0 1
93 240 0 1
94 240 0 1
95 240 0 1
96 240 0 1
97 240 0 1
98 240 0 1
99 240 0 2
100 240 0 2
101 240 0 2
102 240 0 2
103 240 0 2
104 240 0 2
122 240 0 2
123 240 0 2
124 240 0 2
125 240 0 2
126 240 0 2
127 240 0 2
128 240 0 1
129 240 0 1
130 240 0 1
131 240 0 1
132 240 0 1
133 240 0 1
134 240 0 1
135 240 0 1
187 240 0 2
188 240 0 2
189 240 0 2
190 240 0 2
191 240 0 2
192 240 0 2
193 240 0 2
194 240 0 2
195 240 0 2
196 240 0 2
197 240 0 2
198 240 0 2
199 240 0 2
200 240 0 2
201 240 0 2
202 240 0 2
227 240 0 2
228 240 0 2
229 240 0 2
230 240 0 2
231 240 0 1
232 240 0 1
233 240 0 1
234 240 0 1
235 240 0 1
236 240 0 1
237 240 0 1
90 241 0 1
91 241 0 1
92 241 0 1
93 241 0 1
94 241 0 1
95 241 0 1
96 241 0 1
97 241 0 2
98 241 0 2
99 241 0 2
100 241 0 2
101 241 0 2
102 241 0 2
103 241 0 2
104 241 0 2
122 241 0 2
123 241 0 2
124 241 0 2
125 241 0 2
126 241 0 2
127 241 0 2
128 241 0 2
129 241 0 2
130 241 0 2
131 241 0 2
132 241 0 2
133 241 0 2
134 241 0 1
135 241 0 1
136 241 0 1
187 241 0 2
188 241 0 2
189 241 0 2
190 241 0 2
191 241 0 2
192 241 0 2
193 241 0 2
194 241 0 2
195 241 0 2
196 241 0 2
197 241 0 2
198 241 0 2
199 241 0 2
200 241 0 2
201 241 0 2
202 241 0 2
227 241 0 2
228 241 0 2
229 241 0 2
230 241 0 2
231 241 0 2
232 241 0 2
233 241 0 2
234 241 0 1
235 241 0 1
236 241 0 1
237 241 0 1
238 241 0 1
89 242 0 1
90 242 0 1
91 242 0 1
92 242 0 1
93 242 0 1
94 242 0 1
95 242 0 2
96 242 0 2
97 242 0 2
98 242 0 2
99 242 0 2
100 242 0 2
101 242 0 2
102 242 0 2
103 242 0 2
104 242 0 2
122 242 0 2
123 242 0 2
124 242 0 2
125 242 0 2
126 242 0 2
127 242 0 2
128 242 0 2
129 242 0 2
130 242 0 2
131 242 0 2
132 242 0 2
133 242 0 2
134 242 0 2
135 242 0 2
136 242 0 2
187 242 0 2
188 242 0 2
189 242 0 2
190 242 0 2
191 242 0 2
192 242 0 2
193 242 0 2
194 242 0 2
195 242 0 2
196 242 0 2
197 242 0 2
198 242 0 2
199 242 0 2
200 242 0 2
201 242 0 2
202 242 0 2
227 242 0 2
228 242 0 2
229 242 0 2
230 242 0 2
231 242 0 2
232 242 0 2
233 242 0 2
234 242 0 2
235 242 0 2
236 242 0 1
237 242 0 1
238 242 0 1
89 243 0 1
90 243 0 1
91 243 0 1
92 243 0 1
93 243 0 2
94 243 0 2
95 243 0 2
96 243 0 2
97 243 0 2
98 243 0 2
99 243 0 2
100 243 0 2
101 243 0 2
102 243 0 2
103 243 0 2
104 243 0 2
122 243 0 2
123 243 0 2
124 243 0 2
125 243 0 2
126 243 0 2
127 243 0 2
128 243 0 2
129 243 0 2
130 243 0 2
131 243 0 2
132 243 0 2
133 243 0 2
134 243 0 2
135 243 0 2
136 243 0 2
187 243 0 2
188 243 0 2
189 243 0 2
190 243 0 2
191 243 0 2
192 243 0 2
193 243 0 2
194 243 0 2
195 243 0 2
196 243 0 2
197 243 0 2
198 243 0 2
199 243 0 2
200 243 0 2
201 243 0 2
227 243 0 2
228 243 0 2
229 243 0 2
230 243 0 2
231 243 0 2
232 243 0 2
233 243 0 2
234 243 0 2
235 243 0 2
236 243 0 1
237 243 0 1
238 243 0 1
239 243 0 1
89 244 0 1
90 244 0 1
91 244 0 2
92 244 0 2
93 244 0 2
94 244 0 2
95 244 0 2
96 244 0 2
97 244 0 2
98 244 0 2
99 244 0 2
100 244 0 2
101 244 0 2
102 244 0 2
103 244 0 2
104 244 0 2
122 244 0 2
123 244 0 2
124 244 0 2
125 244 0 2
126 244 0 2
127 244 0 2
128 244 0 2
129 244 0 2
130 244 0 2
131 244 0 2
132 244 0 2
133 244 0 2
134 244 0 2
135 244 0 2
136 244 0 2
188 244 0 2
189 244 0 2
190 244 0 2
191 244 0 2
192 244 0 2
193 244 0 1
194 244 0 1
195 244 0 1
196 244 0 1
197 244 0 1
198 244 0 1
199 244 0 1
200 244 0 1
201 244 0 1
227 244 0 2
228 244 0 2
229 244 0 2
230 244 0 2
231 244 0 2
232 244 0 2
233 244 0 2
234 244 0 2
235 244 0 2
236 244 0 2
237 244 0 1
238 244 0 1
239 244 0 1
89 245 0 2
90 245 0 2
91 245 0 2
92 245 0 2
93 245 0 2
94 245 0 2
95 245 0 2
96 245 0 2
97 245 0 2
98 245 0 2
99 245 0 2
100 245 0 2
101 245 0 2
102 245 0 2
103 245 0 2
104 245 0 2
122 245 0 2
123 245 0 2
124 245 0 2
125 245 0 2
126 245 0 2
127 245 0 2
128 245 0 2
129 245 0 2
130 245 0 2
131 245 0 2
132 245 0 2
133 245 0 2
134 245 0 2
135 245 0 2
136 245 0 2
189 245 0 1
190 245 0 1
191 245 0 1
192 245 0 1
193 245 0 1
194 245 0 1
195 245 0 1
196 245 0 1
197 245 0 1
198 245 0 1
199 245 0 1
200 245 0 1
227 245 0 1
228 245 0 2
229 245 0 2
230 245 0 2
231 245 0 2
232 245 0 2
233 245 0 2
234 245 0 2
235 245 0 2
236 245 0 2
237 245 0 2
238 245 0 2
239 245 0 2
89 246 0 2
90 246 0 2
91 246 0 2
92 246 0 2
93 246 0 2
94 246 0 2
95 246 0 2
96 246 0 2
97 246 0 2
98 246 0 2
99 246 0 2
100 246 0 1
101 246 0 2
102 246 0 2
103 246 0 1
104 246 0 1
122 246 0 1
123 246 0 1
124 246 0 1
125 246 0 1
126 246 0 1
127 246 0 2
128 246 0 2
129 246 0 2
130 246 0 2
131 246 0 2
132 246 0 2
133 246 0 2
134 246 0 2
135 246 0 2
136 246 0 2
227 246 0 1
228 246 0 1
229 246 0 1
230 246 0 2
231 246 0 2
232 246 0 2
233 246 0 2
234 246 0 2
235 246 0 2
236 246 0 2
237 246 0 2
238 246 0 2
239 246 0 2
89 247 0 2
90 247 0 2
91 247 0 2
92 247 0 2
93 247 0 2
94 247 0 2
95 247 0 2
96 247 0 2
97 247 0 1
98 247 0 1
99 247 0 1
100 247 0 1
101 247 0 1
102 247 0 1
103 247 0 1
104 247 0 1
123 247 0 1
124 247 0 1
125 247 0 1
126 247 0 1
127 247 0 1
128 247 0 1
129 247 0 1
130 247 0 1
131 247 0 1
132 247 0 1
133 247 0 1
134 247 0 2
135 247 0 2
227 247 0 1
228 247 0 1
229 247 0 1
230 247 0 1
231 247 0 1
232 247 0 1
233 247 0 2
234 247 0 2
235 247 0 2
236 247 0 2
237 247 0 2
238 247 0 2
239 247 0 2
90 248 0 2
91 248 0 2
92 248 0 2
93 248 0 2
94 248 0 2
95 248 0 2
96 248 0 2
97 248 0 1
98 248 0 1
99 248 0 1
100 248 0 1
101 248 0 1
102 248 0 1
103 248 0 1
127 248 0 1
128 248 0 1
129 248 0 1
130 248 0 1
131 248 0 1
132 248 0 1
133 248 0 1
134 248 0 1
228 248 0 1
229 248 0 1
230 248 0 1
231 248 0 1
232 248 0 1
233 248 0 1
234 248 0 2
235 248 0 2
236 248 0 2
237 248 0 2
238 248 0 2
91 249 0 2
92 249 0 2
93 249 0 2
94 249 0 1
95 249 0 1
96 249 0 1
97 249 0 1
98 249 0 1
99 249 0 1
100 249 0 1
230 249 0 1
231 249 0 1
232 249 0 1
233 249 0 1
234 249 0 1
235 249 0 1
236 249 0 2
237 249 0 2
