109 241 0 1
110 241 0 1
111 241 0 1
112 241 0 1
107 240 0 1
108 240 0 1
109 240 0 1
110 240 0 1
111 240 0 1
112 240 0 1
113 240 0 1
114 240 0 1
106 239 0 1
107 239 0 1
108 239 0 1
109 239 0 1
110 239 0 1
111 239 0 1
112 239 0 1
113 239 0 1
114 239 0 1
115 239 0 1
105 238 0 1
106 238 0 1
107 238 0 1
108 238 0 1
109 238 0 1
110 238 0 1
111 238 0 1
112 238 0 1
113 238 0 1
114 238 0 2
115 238 0 2
116 238 0 2
105 237 0 1
106 237 0 2
107 237 0 2
108 237 0 2
109 237 0 2
110 237 0 2
111 237 0 2
112 237 0 2
113 237 0 2
114 237 0 2
115 237 0 2
116 237 0 2
104 236 0 2
105 236 0 2
106 236 0 2
107 236 0 2
108 236 0 2
109 236 0 2
110 236 0 2
111 236 0 2
112 236 0 2
113 236 0 2
114 236 0 2
115 236 0 2
116 236 0 2
117 236 0 2
104 235 0 2
105 235 0 2
106 235 0 2
107 235 0 2
108 235 0 2
109 235 0 2
110 235 0 2
111 235 0 2
112 235 0 2
113 235 0 2
114 235 0 2
115 235 0 2
116 235 0 2
117 235 0 2
186 235 0 1
187 235 0 1
188 235 0 1
189 235 0 1
190 235 0 1
191 235 0 1
192 235 0 1
193 235 0 2
194 235 0 2
104 234 0 2
105 234 0 2
106 234 0 2
107 234 0 2
108 234 0 2
109 234 0 2
110 234 0 2
111 234 0 2
112 234 0 2
113 234 0 2
114 234 0 2
115 234 0 2
116 234 0 2
117 234 0 2
185 234 0 1
186 234 0 1
187 234 0 1
188 234 0 1
189 234 0 1
190 234 0 1
191 234 0 1
192 234 0 2
193 234 0 2
194 234 0 2
195 234 0 2
104 233 0 2
105 233 0 2
106 233 0 2
107 233 0 2
108 233 0 2
109 233 0 2
110 233 0 2
111 233 0 2
112 233 0 2
113 233 0 2
114 233 0 2
115 233 0 2
116 233 0 2
117 233 0 2
141 233 0 2
142 233 0 1
143 233 0 1
144 233 0 1
145 233 0 1
146 233 0 1
147 233 0 1
148 233 0 1
149 233 0 1
150 233 0 1
184 233 0 1
185 233 0 1
186 233 0 1
187 233 0 1
188 233 0 2
189 233 0 2
190 233 0 2
191 233 0 2
192 233 0 2
193 233 0 2
194 233 0 2
195 233 0 2
196 233 0 2
105 232 0 2
106 232 0 2
107 232 0 2
108 232 0 2
109 232 0 2
110 232 0 2
111 232 0 2
112 232 0 2
113 232 0 2
114 232 0 2
115 232 0 2
116 232 0 2
140 232 0 2
141 232 0 2
142 232 0 2
143 232 0 1
144 232 0 1
145 232 0 1
146 232 0 1
147 232 0 1
148 232 0 1
149 232 0 1
150 232 0 1
151 232 0 1
184 232 0 1
185 232 0 1
186 232 0 1
187 232 0 1
188 232 0 2
189 232 0 2
190 232 0 2
191 232 0 2
192 232 0 2
193 232 0 2
194 232 0 2
195 232 0 2
196 232 0 2
231 232 0 1
232 232 0 1
233 232 0 1
234 232 0 1
235 232 0 1
236 232 0 1
237 232 0 1
105 231 0 2
106 231 0 2
107 231 0 2
108 231 0 2
109 231 0 2
110 231 0 2
111 231 0 2
112 231 0 2
113 231 0 2
114 231 0 2
115 231 0 2
116 231 0 2
139 231 0 2
140 231 0 2
141 231 0 2
142 231 0 2
143 231 0 2
144 231 0 2
145 231 0 1
146 231 0 1
147 231 0 1
148 231 0 1
149 231 0 1
150 231 0 1
151 231 0 1
152 231 0 1
184 231 0 1
185 231 0 1
186 231 0 2
187 231 0 2
188 231 0 2
189 231 0 2
190 231 0 2
191 231 0 2
192 231 0 2
193 231 0 2
194 231 0 2
195 231 0 2
196 231 0 2
231 231 0 2
232 231 0 2
233 231 0 1
234 231 0 1
235 231 0 1
236 231 0 1
237 231 0 1
238 231 0 1
239 231 0 1
240 231 0 1
241 231 0 1
242 231 0 1
106 230 0 2
107 230 0 1
108 230 0 1
109 230 0 1
110 230 0 1
111 230 0 1
112 230 0 1
113 230 0 1
114 230 0 1
115 230 0 1
139 230 0 2
140 230 0 2
141 230 0 2
142 230 0 2
143 230 0 2
144 230 0 2
145 230 0 2
146 230 0 2
147 230 0 2
148 230 0 1
149 230 0 1
150 230 0 1
151 230 0 1
152 230 0 1
153 230 0 1
184 230 0 2
185 230 0 2
186 230 0 2
187 230 0 2
188 230 0 2
189 230 0 2
190 230 0 2
191 230 0 2
192 230 0 2
193 230 0 2
194 230 0 2
195 230 0 2
196 230 0 1
231 230 0 2
232 230 0 2
233 230 0 2
234 230 0 2
235 230 0 1
236 230 0 1
237 230 0 1
238 230 0 1
239 230 0 1
240 230 0 1
241 230 0 1
242 230 0 1
243 230 0 1
107 229 0 1
108 229 0 1
109 229 0 1
110 229 0 1
111 229 0 1
112 229 0 1
113 229 0 1
114 229 0 1
139 229 0 2
140 229 0 2
141 229 0 2
142 229 0 2
143 229 0 2
144 229 0 2
145 229 0 2
146 229 0 2
147 229 0 2
148 229 0 2
149 229 0 1
150 229 0 1
151 229 0 1
152 229 0 1
153 229 0 1
184 229 0 2
185 229 0 2
186 229 0 2
187 229 0 2
188 229 0 2
189 229 0 2
190 229 0 2
191 229 0 2
192 229 0 2
193 229 0 2
194 229 0 2
195 229 0 1
196 229 0 1
231 229 0 2
232 229 0 2
233 229 0 2
234 229 0 2
235 229 0 2
236 229 0 2
237 229 0 2
238 229 0 2
239 229 0 2
240 229 0 2
241 229 0 2
242 229 0 2
243 229 0 2
109 228 0 1
110 228 0 1
111 228 0 1
112 228 0 1
139 228 0 2
140 228 0 2
141 228 0 2
142 228 0 2
143 228 0 2
144 228 0 2
145 228 0 2
146 228 0 2
147 228 0 2
148 228 0 2
149 228 0 2
150 228 0 1
151 228 0 1
152 228 0 1
153 228 0 1
184 228 0 2
185 228 0 2
186 228 0 2
187 228 0 2
188 228 0 2
189 228 0 2
190 228 0 2
191 228 0 2
192 228 0 2
193 228 0 1
194 228 0 1
195 228 0 1
196 228 0 1
231 228 0 2
232 228 0 2
233 228 0 2
234 228 0 2
235 228 0 2
236 228 0 2
237 228 0 2
238 228 0 2
239 228 0 2
240 228 0 2
241 228 0 2
242 228 0 2
243 228 0 2
244 228 0 2
68 227 0 1
69 227 0 1
70 227 0 1
71 227 0 1
72 227 0 2
73 227 0 2
139 227 0 2
140 227 0 2
141 227 0 2
142 227 0 2
143 227 0 2
144 227 0 2
145 227 0 2
146 227 0 2
147 227 0 2
148 227 0 2
149 227 0 2
150 227 0 2
151 227 0 2
152 227 0 2
153 227 0 1
184 227 0 2
185 227 0 2
186 227 0 2
187 227 0 2
188 227 0 2
189 227 0 2
190 227 0 2
191 227 0 2
192 227 0 1
193 227 0 1
194 227 0 1
195 227 0 1
196 227 0 1
231 227 0 2
232 227 0 2
233 227 0 2
234 227 0 2
235 227 0 2
236 227 0 2
237 227 0 2
238 227 0 2
239 227 0 2
240 227 0 2
241 227 0 2
242 227 0 2
243 227 0 2
244 227 0 2
67 226 0 1
68 226 0 1
69 226 0 1
70 226 0 1
71 226 0 1
72 226 0 2
73 226 0 2
74 226 0 2
139 226 0 2
140 226 0 2
141 226 0 2
142 226 0 2
143 226 0 2
144 226 0 2
145 226 0 2
146 226 0 2
147 226 0 2
148 226 0 2
149 226 0 2
150 226 0 2
151 226 0 2
152 226 0 2
153 226 0 2
184 226 0 2
185 226 0 2
186 226 0 2
187 226 0 2
188 226 0 2
189 226 0 2
190 226 0 1
191 226 0 1
192 226 0 1
193 226 0 1
194 226 0 1
195 226 0 1
196 226 0 1
231 226 0 2
232 226 0 2
233 226 0 2
234 226 0 2
235 226 0 2
236 226 0 2
237 226 0 2
238 226 0 2
239 226 0 2
240 226 0 2
241 226 0 2
242 226 0 2
243 226 0 2
244 226 0 2
66 225 0 1
67 225 0 1
68 225 0 1
69 225 0 2
70 225 0 2
71 225 0 2
72 225 0 2
73 225 0 2
74 225 0 2
75 225 0 2
139 225 0 1
140 225 0 2
141 225 0 2
142 225 0 2
143 225 0 2
144 225 0 2
145 225 0 2
146 225 0 2
147 225 0 2
148 225 0 2
149 225 0 2
150 225 0 2
151 225 0 2
152 225 0 2
153 225 0 2
185 225 0 2
186 225 0 2
187 225 0 2
188 225 0 1
189 225 0 1
190 225 0 1
191 225 0 1
192 225 0 1
193 225 0 1
194 225 0 1
195 225 0 1
231 225 0 2
232 225 0 2
233 225 0 2
234 225 0 2
235 225 0 2
236 225 0 2
237 225 0 2
238 225 0 2
239 225 0 2
240 225 0 2
241 225 0 2
242 225 0 2
243 225 0 2
244 225 0 2
66 224 0 1
67 224 0 2
68 224 0 2
69 224 0 2
70 224 0 2
71 224 0 2
72 224 0 2
73 224 0 2
74 224 0 2
75 224 0 2
139 224 0 1
140 224 0 1
141 224 0 2
142 224 0 2
143 224 0 2
144 224 0 2
145 224 0 2
146 224 0 2
147 224 0 2
148 224 0 2
149 224 0 2
150 224 0 2
151 224 0 2
152 224 0 2
153 224 0 2
186 224 0 2
187 224 0 1
188 224 0 1
189 224 0 1
190 224 0 1
191 224 0 1
192 224 0 1
193 224 0 1
194 224 0 1
231 224 0 2
232 224 0 2
233 224 0 2
234 224 0 2
235 224 0 2
236 224 0 2
237 224 0 2
238 224 0 2
239 224 0 2
240 224 0 2
241 224 0 2
242 224 0 2
243 224 0 2
244 224 0 2
66 223 0 2
67 223 0 2
68 223 0 2
69 223 0 2
70 223 0 2
71 223 0 2
72 223 0 2
73 223 0 2
74 223 0 2
75 223 0 2
76 223 0 2
139 223 0 1
140 223 0 1
141 223 0 1
142 223 0 1
143 223 0 1
144 223 0 2
145 223 0 2
146 223 0 2
147 223 0 2
148 223 0 2
149 223 0 2
150 223 0 2
151 223 0 2
152 223 0 2
153 223 0 2
231 223 0 2
232 223 0 2
233 223 0 2
234 223 0 2
235 223 0 2
236 223 0 2
237 223 0 2
238 223 0 2
239 223 0 2
240 223 0 2
241 223 0 2
242 223 0 2
243 223 0 2
244 223 0 2
66 222 0 2
67 222 0 2
68 222 0 2
69 222 0 2
70 222 0 2
71 222 0 2
72 222 0 2
73 222 0 2
74 222 0 2
75 222 0 2
76 222 0 2
140 222 0 1
141 222 0 1
142 222 0 1
143 222 0 1
144 222 0 1
145 222 0 1
146 222 0 1
147 222 0 1
148 222 0 2
149 222 0 2
150 222 0 2
151 222 0 2
152 222 0 2
153 222 0 2
231 222 0 1
232 222 0 2
233 222 0 2
234 222 0 2
235 222 0 2
236 222 0 2
237 222 0 2
238 222 0 2
239 222 0 2
240 222 0 2
241 222 0 2
242 222 0 2
243 222 0 2
244 222 0 2
66 221 0 2
67 221 0 2
68 221 0 2
69 221 0 2
70 221 0 2
71 221 0 2
72 221 0 2
73 221 0 2
74 221 0 2
75 221 0 2
76 221 0 2
141 221 0 1
142 221 0 1
143 221 0 1
144 221 0 1
145 221 0 1
146 221 0 1
147 221 0 1
148 221 0 1
149 221 0 1
150 221 0 2
151 221 0 2
152 221 0 2
231 221 0 1
232 221 0 1
233 221 0 1
234 221 0 2
235 221 0 1
236 221 0 2
237 221 0 2
238 221 0 2
239 221 0 2
240 221 0 2
241 221 0 2
242 221 0 1
243 221 0 1
244 221 0 1
66 220 0 2
67 220 0 2
68 220 0 2
69 220 0 2
70 220 0 2
71 220 0 2
72 220 0 2
73 220 0 2
74 220 0 2
75 220 0 2
76 220 0 2
142 220 0 1
143 220 0 1
144 220 0 1
145 220 0 1
146 220 0 1
147 220 0 1
148 220 0 1
149 220 0 1
150 220 0 1
151 220 0 2
231 220 0 1
232 220 0 1
233 220 0 1
234 220 0 1
235 220 0 1
236 220 0 1
237 220 0 1
238 220 0 1
239 220 0 1
240 220 0 1
241 220 0 1
242 220 0 1
243 220 0 1
66 219 0 2
67 219 0 2
68 219 0 2
69 219 0 2
70 219 0 2
71 219 0 2
72 219 0 2
73 219 0 2
74 219 0 2
75 219 0 2
76 219 0 2
234 219 0 1
235 219 0 1
236 219 0 1
237 219 0 1
238 219 0 1
239 219 0 1
240 219 0 1
241 219 0 1
66 218 0 2
67 218 0 2
68 218 0 2
69 218 0 2
70 218 0 2
71 218 0 2
72 218 0 2
73 218 0 2
74 218 0 2
75 218 0 2
76 218 0 2
66 217 0 2
67 217 0 2
68 217 0 2
69 217 0 2
70 217 0 2
71 217 0 2
72 217 0 2
73 217 0 2
74 217 0 2
75 217 0 2
66 216 0 1
67 216 0 1
68 216 0 1
69 216 0 1
70 216 0 1
71 216 0 2
72 216 0 2
73 216 0 2
74 216 0 2
75 216 0 2
109 216 0 1
110 216 0 1
66 215 0 1
67 215 0 1
68 215 0 1
69 215 0 1
70 215 0 1
71 215 0 1
72 215 0 1
73 215 0 2
74 215 0 2
108 215 0 1
109 215 0 1
110 215 0 1
111 215 0 1
112 215 0 1
107 214 0 2
108 214 0 2
109 214 0 1
110 214 0 1
111 214 0 1
112 214 0 1
113 214 0 1
106 213 0 2
107 213 0 2
108 213 0 2
109 213 0 2
110 213 0 1
111 213 0 1
112 213 0 1
113 213 0 1
114 213 0 1
106 212 0 2
107 212 0 2
108 212 0 2
109 212 0 2
110 212 0 2
111 212 0 2
112 212 0 2
113 212 0 2
114 212 0 2
115 212 0 2
39 211 0 1
40 211 0 1
41 211 0 1
42 211 0 1
43 211 0 2
44 211 0 2
45 211 0 2
106 211 0 2
107 211 0 2
108 211 0 2
109 211 0 2
110 211 0 2
111 211 0 2
112 211 0 2
113 211 0 2
114 211 0 2
115 211 0 2
39 210 0 1
40 210 0 1
41 210 0 1
42 210 0 2
43 210 0 2
44 210 0 2
45 210 0 2
46 210 0 2
106 210 0 2
107 210 0 2
108 210 0 2
109 210 0 2
110 210 0 2
111 210 0 2
112 210 0 2
113 210 0 2
114 210 0 2
115 210 0 2
139 210 0 1
140 210 0 1
141 210 0 1
142 210 0 1
143 210 0 1
144 210 0 1
145 210 0 1
146 210 0 1
147 210 0 1
167 210 0 1
168 210 0 1
169 210 0 1
170 210 0 1
171 210 0 1
39 209 0 2
40 209 0 2
41 209 0 2
42 209 0 2
43 209 0 2
44 209 0 2
45 209 0 2
46 209 0 2
47 209 0 2
106 209 0 2
107 209 0 2
108 209 0 2
109 209 0 2
110 209 0 2
111 209 0 2
112 209 0 2
113 209 0 2
114 209 0 2
115 209 0 2
138 209 0 1
139 209 0 1
140 209 0 1
141 209 0 1
142 209 0 1
143 209 0 1
144 209 0 1
145 209 0 1
146 209 0 1
147 209 0 1
148 209 0 1
149 209 0 1
165 209 0 1
166 209 0 1
167 209 0 1
168 209 0 1
169 209 0 1
170 209 0 1
171 209 0 1
172 209 0 1
173 209 0 1
39 208 0 2
40 208 0 2
41 208 0 2
42 208 0 2
43 208 0 2
44 208 0 2
45 208 0 2
46 208 0 2
47 208 0 2
106 208 0 2
107 208 0 2
108 208 0 2
109 208 0 2
110 208 0 2
111 208 0 2
112 208 0 2
113 208 0 2
114 208 0 2
115 208 0 2
138 208 0 1
139 208 0 1
140 208 0 1
141 208 0 1
142 208 0 1
143 208 0 1
144 208 0 1
145 208 0 1
146 208 0 1
147 208 0 1
148 208 0 1
149 208 0 1
150 208 0 1
164 208 0 1
165 208 0 1
166 208 0 1
167 208 0 1
168 208 0 1
169 208 0 1
170 208 0 1
171 208 0 1
172 208 0 1
173 208 0 1
174 208 0 1
194 208 0 1
195 208 0 1
196 208 0 1
197 208 0 1
198 208 0 1
199 208 0 1
200 208 0 1
201 208 0 1
39 207 0 2
40 207 0 2
41 207 0 2
42 207 0 2
43 207 0 2
44 207 0 2
45 207 0 2
46 207 0 2
47 207 0 2
48 207 0 2
106 207 0 2
107 207 0 2
108 207 0 2
109 207 0 2
110 207 0 2
111 207 0 2
112 207 0 2
113 207 0 2
114 207 0 2
115 207 0 2
138 207 0 2
139 207 0 2
140 207 0 2
141 207 0 2
142 207 0 2
143 207 0 2
144 207 0 2
145 207 0 2
146 207 0 1
147 207 0 1
148 207 0 1
149 207 0 1
150 207 0 1
151 207 0 1
164 207 0 1
165 207 0 1
166 207 0 1
167 207 0 1
168 207 0 1
169 207 0 1
170 207 0 1
171 207 0 1
172 207 0 1
173 207 0 1
174 207 0 1
193 207 0 1
194 207 0 1
195 207 0 1
196 207 0 1
197 207 0 1
198 207 0 1
199 207 0 1
200 207 0 1
201 207 0 1
202 207 0 1
203 207 0 1
39 206 0 2
40 206 0 2
41 206 0 2
42 206 0 2
43 206 0 2
44 206 0 2
45 206 0 2
46 206 0 2
47 206 0 2
48 206 0 1
106 206 0 1
107 206 0 2
108 206 0 2
109 206 0 2
110 206 0 2
111 206 0 2
112 206 0 2
113 206 0 2
114 206 0 2
115 206 0 2
138 206 0 2
139 206 0 2
140 206 0 2
141 206 0 2
142 206 0 2
143 206 0 2
144 206 0 2
145 206 0 2
146 206 0 2
147 206 0 2
148 206 0 1
149 206 0 1
150 206 0 1
151 206 0 1
163 206 0 1
164 206 0 1
165 206 0 1
166 206 0 1
167 206 0 1
168 206 0 1
169 206 0 1
170 206 0 1
171 206 0 1
172 206 0 1
173 206 0 1
174 206 0 1
175 206 0 1
192 206 0 1
193 206 0 1
194 206 0 2
195 206 0 2
196 206 0 2
197 206 0 2
198 206 0 2
199 206 0 2
200 206 0 2
201 206 0 2
202 206 0 1
203 206 0 1
204 206 0 1
39 205 0 2
40 205 0 2
41 205 0 2
42 205 0 2
43 205 0 2
44 205 0 2
45 205 0 2
46 205 0 1
47 205 0 1
48 205 0 1
106 205 0 1
107 205 0 1
108 205 0 1
109 205 0 1
110 205 0 1
111 205 0 1
112 205 0 2
113 205 0 2
114 205 0 2
115 205 0 2
138 205 0 2
139 205 0 2
140 205 0 2
141 205 0 2
142 205 0 2
143 205 0 2
144 205 0 2
145 205 0 2
146 205 0 2
147 205 0 2
148 205 0 2
149 205 0 2
150 205 0 1
151 205 0 1
152 205 0 1
163 205 0 1
164 205 0 1
165 205 0 1
166 205 0 1
167 205 0 1
168 205 0 1
169 205 0 1
170 205 0 1
171 205 0 1
172 205 0 1
173 205 0 1
174 205 0 1
175 205 0 1
192 205 0 2
193 205 0 2
194 205 0 2
195 205 0 2
196 205 0 2
197 205 0 2
198 205 0 2
199 205 0 2
200 205 0 2
201 205 0 2
202 205 0 2
203 205 0 2
204 205 0 2
205 205 0 2
39 204 0 2
40 204 0 2
41 204 0 2
42 204 0 2
43 204 0 2
44 204 0 1
45 204 0 1
46 204 0 1
47 204 0 1
48 204 0 1
107 204 0 1
108 204 0 1
109 204 0 1
110 204 0 1
111 204 0 1
112 204 0 1
113 204 0 1
114 204 0 1
115 204 0 1
138 204 0 2
139 204 0 2
140 204 0 2
141 204 0 2
142 204 0 2
143 204 0 2
144 204 0 2
145 204 0 2
146 204 0 2
147 204 0 2
148 204 0 2
149 204 0 2
150 204 0 2
151 204 0 1
152 204 0 1
163 204 0 1
164 204 0 1
165 204 0 1
166 204 0 1
167 204 0 1
168 204 0 1
169 204 0 1
170 204 0 1
171 204 0 1
172 204 0 1
173 204 0 1
174 204 0 1
175 204 0 1
192 204 0 2
193 204 0 2
194 204 0 2
195 204 0 2
196 204 0 2
197 204 0 2
198 204 0 2
199 204 0 2
200 204 0 2
201 204 0 2
202 204 0 2
203 204 0 2
204 204 0 2
205 204 0 2
40 203 0 2
41 203 0 2
42 203 0 2
43 203 0 1
44 203 0 1
45 203 0 1
46 203 0 1
47 203 0 1
111 203 0 1
112 203 0 1
113 203 0 1
114 203 0 1
138 203 0 2
139 203 0 2
140 203 0 2
141 203 0 2
142 203 0 2
143 203 0 2
144 203 0 2
145 203 0 2
146 203 0 2
147 203 0 2
148 203 0 2
149 203 0 2
150 203 0 2
151 203 0 2
152 203 0 1
163 203 0 1
164 203 0 1
165 203 0 1
166 203 0 1
167 203 0 1
168 203 0 1
169 203 0 1
170 203 0 1
171 203 0 1
172 203 0 1
173 203 0 1
174 203 0 1
175 203 0 1
192 203 0 2
193 203 0 2
194 203 0 2
195 203 0 2
196 203 0 2
197 203 0 2
198 203 0 2
199 203 0 2
200 203 0 2
201 203 0 2
202 203 0 2
203 203 0 2
204 203 0 2
205 203 0 2
41 202 0 2
42 202 0 1
43 202 0 1
44 202 0 1
45 202 0 1
138 202 0 2
139 202 0 2
140 202 0 2
141 202 0 2
142 202 0 2
143 202 0 2
144 202 0 2
145 202 0 2
146 202 0 2
147 202 0 2
148 202 0 2
149 202 0 2
150 202 0 2
151 202 0 2
152 202 0 2
164 202 0 1
165 202 0 1
166 202 0 1
167 202 0 1
168 202 0 1
169 202 0 1
170 202 0 1
171 202 0 1
172 202 0 1
173 202 0 1
174 202 0 1
192 202 0 2
193 202 0 2
194 202 0 2
195 202 0 2
196 202 0 2
197 202 0 2
198 202 0 2
199 202 0 2
200 202 0 2
201 202 0 2
202 202 0 2
203 202 0 2
204 202 0 2
205 202 0 2
229 202 0 1
230 202 0 1
231 202 0 1
232 202 0 1
233 202 0 1
234 202 0 1
235 202 0 1
236 202 0 1
237 202 0 1
138 201 0 2
139 201 0 2
140 201 0 2
141 201 0 2
142 201 0 2
143 201 0 2
144 201 0 2
145 201 0 2
146 201 0 2
147 201 0 2
148 201 0 2
149 201 0 2
150 201 0 2
151 201 0 2
152 201 0 2
164 201 0 1
165 201 0 1
166 201 0 1
167 201 0 1
168 201 0 1
169 201 0 1
170 201 0 1
171 201 0 1
172 201 0 1
173 201 0 1
174 201 0 1
192 201 0 2
193 201 0 2
194 201 0 2
195 201 0 2
196 201 0 2
197 201 0 2
198 201 0 2
199 201 0 2
200 201 0 2
201 201 0 2
202 201 0 2
203 201 0 2
204 201 0 2
205 201 0 2
228 201 0 1
229 201 0 1
230 201 0 1
231 201 0 1
232 201 0 1
233 201 0 1
234 201 0 1
235 201 0 1
236 201 0 1
237 201 0 1
238 201 0 1
239 201 0 1
240 201 0 1
241 201 0 1
138 200 0 1
139 200 0 1
140 200 0 1
141 200 0 2
142 200 0 2
143 200 0 2
144 200 0 2
145 200 0 2
146 200 0 2
147 200 0 2
148 200 0 2
149 200 0 2
150 200 0 2
151 200 0 2
152 200 0 2
165 200 0 1
166 200 0 1
167 200 0 1
168 200 0 1
169 200 0 1
170 200 0 1
171 200 0 1
172 200 0 1
173 200 0 1
192 200 0 2
193 200 0 2
194 200 0 2
195 200 0 2
196 200 0 2
197 200 0 2
198 200 0 2
199 200 0 2
200 200 0 2
201 200 0 2
202 200 0 2
203 200 0 2
204 200 0 2
205 200 0 2
227 200 0 2
228 200 0 2
229 200 0 2
230 200 0 2
231 200 0 2
232 200 0 2
233 200 0 1
234 200 0 1
235 200 0 1
236 200 0 1
237 200 0 1
238 200 0 1
239 200 0 1
240 200 0 1
241 200 0 1
138 199 0 1
139 199 0 1
140 199 0 1
141 199 0 1
142 199 0 1
143 199 0 1
144 199 0 2
145 199 0 2
146 199 0 2
147 199 0 2
148 199 0 2
149 199 0 2
150 199 0 2
151 199 0 2
152 199 0 2
167 199 0 1
168 199 0 1
169 199 0 1
170 199 0 1
171 199 0 1
192 199 0 2
193 199 0 2
194 199 0 2
195 199 0 2
196 199 0 2
197 199 0 2
198 199 0 2
199 199 0 2
200 199 0 2
201 199 0 2
202 199 0 2
203 199 0 2
204 199 0 2
205 199 0 2
227 199 0 2
228 199 0 2
229 199 0 2
230 199 0 2
231 199 0 2
232 199 0 2
233 199 0 2
234 199 0 2
235 199 0 2
236 199 0 1
237 199 0 1
238 199 0 1
239 199 0 1
240 199 0 1
241 199 0 1
12 198 0 1
13 198 0 1
14 198 0 1
15 198 0 1
16 198 0 1
17 198 0 1
138 198 0 1
139 198 0 1
140 198 0 1
141 198 0 1
142 198 0 1
143 198 0 1
144 198 0 1
145 198 0 1
146 198 0 1
147 198 0 1
148 198 0 1
149 198 0 1
150 198 0 2
151 198 0 2
152 198 0 2
192 198 0 2
193 198 0 2
194 198 0 2
195 198 0 2
196 198 0 2
197 198 0 2
198 198 0 2
199 198 0 2
200 198 0 2
201 198 0 2
202 198 0 2
203 198 0 2
204 198 0 2
205 198 0 2
227 198 0 2
228 198 0 2
229 198 0 2
230 198 0 2
231 198 0 2
232 198 0 2
233 198 0 2
234 198 0 2
235 198 0 2
236 198 0 2
237 198 0 2
238 198 0 1
239 198 0 1
240 198 0 1
241 198 0 1
11 197 0 1
12 197 0 1
13 197 0 1
14 197 0 1
15 197 0 1
16 197 0 1
17 197 0 1
18 197 0 1
142 197 0 1
143 197 0 1
144 197 0 1
145 197 0 1
146 197 0 1
147 197 0 1
148 197 0 1
149 197 0 1
150 197 0 1
151 197 0 2
193 197 0 2
194 197 0 2
195 197 0 2
196 197 0 1
197 197 0 1
198 197 0 1
199 197 0 1
200 197 0 1
201 197 0 1
202 197 0 1
203 197 0 1
204 197 0 1
227 197 0 2
228 197 0 2
229 197 0 2
230 197 0 2
231 197 0 2
232 197 0 2
233 197 0 2
234 197 0 2
235 197 0 2
236 197 0 2
237 197 0 2
238 197 0 2
239 197 0 2
240 197 0 2
241 197 0 2
10 196 0 1
11 196 0 1
12 196 0 1
13 196 0 1
14 196 0 1
15 196 0 1
16 196 0 1
17 196 0 1
18 196 0 1
19 196 0 1
144 196 0 1
145 196 0 1
146 196 0 1
147 196 0 1
148 196 0 1
149 196 0 1
150 196 0 1
194 196 0 1
195 196 0 1
196 196 0 1
197 196 0 1
198 196 0 1
199 196 0 1
200 196 0 1
201 196 0 1
202 196 0 1
203 196 0 1
227 196 0 2
228 196 0 2
229 196 0 2
230 196 0 2
231 196 0 2
232 196 0 2
233 196 0 2
234 196 0 2
235 196 0 2
236 196 0 2
237 196 0 2
238 196 0 2
239 196 0 2
240 196 0 2
241 196 0 2
9 195 0 1
10 195 0 1
11 195 0 1
12 195 0 1
13 195 0 1
14 195 0 1
15 195 0 1
16 195 0 1
17 195 0 1
18 195 0 1
19 195 0 1
20 195 0 1
62 195 0 1
63 195 0 1
64 195 0 1
65 195 0 1
66 195 0 1
67 195 0 1
227 195 0 2
228 195 0 2
229 195 0 2
230 195 0 2
231 195 0 2
232 195 0 2
233 195 0 2
234 195 0 2
235 195 0 2
236 195 0 2
237 195 0 2
238 195 0 2
239 195 0 2
240 195 0 2
241 195 0 2
9 194 0 1
10 194 0 1
11 194 0 1
12 194 0 1
13 194 0 1
14 194 0 1
15 194 0 1
16 194 0 1
17 194 0 1
18 194 0 1
19 194 0 1
20 194 0 1
61 194 0 1
62 194 0 1
63 194 0 1
64 194 0 1
65 194 0 1
66 194 0 1
67 194 0 1
68 194 0 1
227 194 0 2
228 194 0 2
229 194 0 2
230 194 0 2
231 194 0 2
232 194 0 2
233 194 0 2
234 194 0 2
235 194 0 2
236 194 0 2
237 194 0 2
238 194 0 2
239 194 0 2
240 194 0 2
241 194 0 2
9 193 0 1
10 193 0 1
11 193 0 1
12 193 0 1
13 193 0 1
14 193 0 1
15 193 0 1
16 193 0 1
17 193 0 1
18 193 0 1
19 193 0 1
20 193 0 1
60 193 0 2
61 193 0 2
62 193 0 2
63 193 0 1
64 193 0 1
65 193 0 1
66 193 0 2
67 193 0 1
68 193 0 1
69 193 0 1
227 193 0 1
228 193 0 1
229 193 0 1
230 193 0 2
231 193 0 2
232 193 0 2
233 193 0 2
234 193 0 2
235 193 0 2
236 193 0 2
237 193 0 2
238 193 0 2
239 193 0 2
240 193 0 2
241 193 0 2
9 192 0 1
10 192 0 1
11 192 0 1
12 192 0 1
13 192 0 1
14 192 0 1
15 192 0 1
16 192 0 1
17 192 0 1
18 192 0 1
19 192 0 1
20 192 0 1
59 192 0 2
60 192 0 2
61 192 0 2
62 192 0 2
63 192 0 2
64 192 0 2
65 192 0 2
66 192 0 2
67 192 0 2
68 192 0 2
69 192 0 2
70 192 0 2
227 192 0 1
228 192 0 1
229 192 0 1
230 192 0 1
231 192 0 2
232 192 0 2
233 192 0 2
234 192 0 2
235 192 0 2
236 192 0 2
237 192 0 2
238 192 0 2
239 192 0 2
240 192 0 2
241 192 0 2
9 191 0 1
10 191 0 1
11 191 0 1
12 191 0 1
13 191 0 1
14 191 0 1
15 191 0 1
16 191 0 1
17 191 0 1
18 191 0 1
19 191 0 1
20 191 0 1
59 191 0 2
60 191 0 2
61 191 0 2
62 191 0 2
63 191 0 2
64 191 0 2
65 191 0 2
66 191 0 2
67 191 0 2
68 191 0 2
69 191 0 2
70 191 0 2
71 191 0 2
228 191 0 1
229 191 0 1
230 191 0 1
231 191 0 1
232 191 0 1
233 191 0 1
234 191 0 1
235 191 0 2
236 191 0 2
237 191 0 1
238 191 0 2
239 191 0 2
240 191 0 2
9 190 0 1
10 190 0 1
11 190 0 1
12 190 0 1
13 190 0 1
14 190 0 1
15 190 0 1
16 190 0 1
17 190 0 1
18 190 0 1
19 190 0 1
20 190 0 1
59 190 0 2
60 190 0 2
61 190 0 2
62 190 0 2
63 190 0 2
64 190 0 2
65 190 0 2
66 190 0 2
67 190 0 2
68 190 0 2
69 190 0 2
70 190 0 2
71 190 0 2
229 190 0 1
230 190 0 1
231 190 0 1
232 190 0 1
233 190 0 1
234 190 0 1
235 190 0 1
236 190 0 1
237 190 0 1
238 190 0 1
239 190 0 1
10 189 0 1
11 189 0 1
12 189 0 1
13 189 0 1
14 189 0 1
15 189 0 1
16 189 0 1
17 189 0 1
18 189 0 1
19 189 0 1
59 189 0 2
60 189 0 2
61 189 0 2
62 189 0 2
63 189 0 2
64 189 0 2
65 189 0 2
66 189 0 2
67 189 0 2
68 189 0 2
69 189 0 2
70 189 0 2
71 189 0 2
11 188 0 1
12 188 0 1
13 188 0 1
14 188 0 1
15 188 0 1
16 188 0 1
17 188 0 1
18 188 0 1
59 188 0 2
60 188 0 2
61 188 0 2
62 188 0 2
63 188 0 2
64 188 0 2
65 188 0 2
66 188 0 2
67 188 0 2
68 188 0 2
69 188 0 2
70 188 0 2
71 188 0 2
138 188 0 1
139 188 0 1
140 188 0 1
141 188 0 1
142 188 0 1
143 188 0 1
144 188 0 1
145 188 0 1
12 187 0 1
13 187 0 1
14 187 0 1
15 187 0 1
16 187 0 1
17 187 0 1
60 187 0 2
61 187 0 2
62 187 0 2
63 187 0 2
64 187 0 2
65 187 0 2
66 187 0 2
67 187 0 2
68 187 0 2
69 187 0 2
70 187 0 2
71 187 0 2
135 187 0 1
136 187 0 1
137 187 0 1
138 187 0 1
139 187 0 1
140 187 0 1
141 187 0 1
142 187 0 1
143 187 0 2
144 187 0 2
145 187 0 2
146 187 0 2
61 186 0 1
62 186 0 1
63 186 0 1
64 186 0 2
65 186 0 2
66 186 0 2
67 186 0 2
68 186 0 2
69 186 0 2
70 186 0 2
134 186 0 1
135 186 0 1
136 186 0 1
137 186 0 1
138 186 0 1
139 186 0 2
140 186 0 2
141 186 0 2
142 186 0 2
143 186 0 2
144 186 0 2
145 186 0 2
146 186 0 2
147 186 0 2
62 185 0 1
63 185 0 1
64 185 0 1
65 185 0 1
66 185 0 1
67 185 0 1
68 185 0 1
69 185 0 1
134 185 0 1
135 185 0 1
136 185 0 2
137 185 0 2
138 185 0 2
139 185 0 2
140 185 0 2
141 185 0 2
142 185 0 2
143 185 0 2
144 185 0 2
145 185 0 2
146 185 0 2
147 185 0 2
63 184 0 1
64 184 0 1
65 184 0 1
66 184 0 1
67 184 0 1
68 184 0 1
134 184 0 2
135 184 0 2
136 184 0 2
137 184 0 2
138 184 0 2
139 184 0 2
140 184 0 2
141 184 0 2
142 184 0 2
143 184 0 2
144 184 0 2
145 184 0 2
146 184 0 2
147 184 0 2
134 183 0 2
135 183 0 2
136 183 0 2
137 183 0 2
138 183 0 2
139 183 0 2
140 183 0 2
141 183 0 2
142 183 0 2
143 183 0 2
144 183 0 2
145 183 0 2
146 183 0 2
147 183 0 2
134 182 0 2
135 182 0 2
136 182 0 2
137 182 0 2
138 182 0 2
139 182 0 2
140 182 0 2
141 182 0 2
142 182 0 2
143 182 0 2
144 182 0 2
145 182 0 2
146 182 0 2
147 182 0 2
35 181 0 1
36 181 0 1
37 181 0 1
38 181 0 1
39 181 0 2
40 181 0 2
134 181 0 2
135 181 0 2
136 181 0 2
137 181 0 2
138 181 0 2
139 181 0 2
140 181 0 2
141 181 0 2
142 181 0 2
143 181 0 2
144 181 0 2
145 181 0 2
146 181 0 2
147 181 0 1
34 180 0 1
35 180 0 1
36 180 0 1
37 180 0 2
38 180 0 2
39 180 0 2
40 180 0 2
41 180 0 2
42 180 0 2
134 180 0 2
135 180 0 2
136 180 0 2
137 180 0 2
138 180 0 2
139 180 0 2
140 180 0 2
141 180 0 2
142 180 0 2
143 180 0 2
144 180 0 2
145 180 0 1
146 180 0 1
147 180 0 1
34 179 0 2
35 179 0 2
36 179 0 2
37 179 0 2
38 179 0 2
39 179 0 2
40 179 0 2
41 179 0 2
42 179 0 2
43 179 0 2
134 179 0 2
135 179 0 2
136 179 0 2
137 179 0 2
138 179 0 2
139 179 0 2
140 179 0 2
141 179 0 2
142 179 0 2
143 179 0 1
144 179 0 1
145 179 0 1
146 179 0 1
147 179 0 1
33 178 0 2
34 178 0 2
35 178 0 2
36 178 0 2
37 178 0 2
38 178 0 2
39 178 0 2
40 178 0 2
41 178 0 2
42 178 0 2
43 178 0 2
135 178 0 2
136 178 0 2
137 178 0 2
138 178 0 1
139 178 0 1
140 178 0 1
141 178 0 1
142 178 0 1
143 178 0 1
144 178 0 1
145 178 0 1
146 178 0 1
235 178 0 2
236 178 0 2
237 178 0 1
238 178 0 1
239 178 0 1
240 178 0 1
241 178 0 1
242 178 0 1
243 178 0 1
244 178 0 1
33 177 0 2
34 177 0 2
35 177 0 2
36 177 0 2
37 177 0 2
38 177 0 2
39 177 0 2
40 177 0 2
41 177 0 2
42 177 0 2
43 177 0 2
136 177 0 2
137 177 0 1
138 177 0 1
139 177 0 1
140 177 0 1
141 177 0 1
142 177 0 1
143 177 0 1
144 177 0 1
145 177 0 1
234 177 0 2
235 177 0 2
236 177 0 2
237 177 0 1
238 177 0 1
239 177 0 1
240 177 0 1
241 177 0 1
242 177 0 1
243 177 0 1
244 177 0 1
245 177 0 1
33 176 0 2
34 176 0 2
35 176 0 2
36 176 0 2
37 176 0 2
38 176 0 2
39 176 0 2
40 176 0 2
41 176 0 2
42 176 0 2
43 176 0 1
233 176 0 2
234 176 0 2
235 176 0 2
236 176 0 2
237 176 0 2
238 176 0 1
239 176 0 1
240 176 0 1
241 176 0 1
242 176 0 1
243 176 0 1
244 176 0 1
245 176 0 1
246 176 0 1
33 175 0 2
34 175 0 2
35 175 0 2
36 175 0 2
37 175 0 2
38 175 0 2
39 175 0 2
40 175 0 2
41 175 0 1
42 175 0 1
43 175 0 1
107 175 0 2
108 175 0 2
109 175 0 2
110 175 0 2
111 175 0 2
112 175 0 2
113 175 0 2
233 175 0 2
234 175 0 2
235 175 0 2
236 175 0 2
237 175 0 2
238 175 0 2
239 175 0 2
240 175 0 2
241 175 0 2
242 175 0 1
243 175 0 1
244 175 0 1
245 175 0 1
246 175 0 1
247 175 0 1
34 174 0 2
35 174 0 2
36 174 0 2
37 174 0 2
38 174 0 2
39 174 0 1
40 174 0 1
41 174 0 1
42 174 0 1
106 174 0 2
107 174 0 2
108 174 0 2
109 174 0 2
110 174 0 2
111 174 0 2
112 174 0 2
113 174 0 2
114 174 0 2
233 174 0 2
234 174 0 2
235 174 0 2
236 174 0 2
237 174 0 2
238 174 0 2
239 174 0 2
240 174 0 2
241 174 0 2
242 174 0 2
243 174 0 1
244 174 0 1
245 174 0 1
246 174 0 1
247 174 0 1
35 173 0 1
36 173 0 1
37 173 0 1
38 173 0 1
39 173 0 1
40 173 0 1
105 173 0 2
106 173 0 2
107 173 0 2
108 173 0 2
109 173 0 2
110 173 0 2
111 173 0 2
112 173 0 2
113 173 0 2
114 173 0 2
115 173 0 2
233 173 0 2
234 173 0 2
235 173 0 2
236 173 0 2
237 173 0 2
238 173 0 2
239 173 0 2
240 173 0 2
241 173 0 2
242 173 0 2
243 173 0 2
244 173 0 2
245 173 0 1
246 173 0 1
247 173 0 1
36 172 0 1
37 172 0 1
38 172 0 1
105 172 0 2
106 172 0 2
107 172 0 2
108 172 0 2
109 172 0 2
110 172 0 2
111 172 0 2
112 172 0 2
113 172 0 2
114 172 0 2
115 172 0 2
233 172 0 2
234 172 0 2
235 172 0 2
236 172 0 2
237 172 0 2
238 172 0 2
239 172 0 2
240 172 0 2
241 172 0 2
242 172 0 2
243 172 0 2
244 172 0 2
245 172 0 2
246 172 0 2
247 172 0 1
105 171 0 2
106 171 0 2
107 171 0 2
108 171 0 2
109 171 0 2
110 171 0 2
111 171 0 2
112 171 0 2
113 171 0 2
114 171 0 2
115 171 0 2
233 171 0 2
234 171 0 2
235 171 0 2
236 171 0 2
237 171 0 2
238 171 0 2
239 171 0 2
240 171 0 2
241 171 0 2
242 171 0 2
243 171 0 2
244 171 0 2
245 171 0 2
246 171 0 2
247 171 0 1
105 170 0 2
106 170 0 2
107 170 0 2
108 170 0 2
109 170 0 2
110 170 0 2
111 170 0 2
112 170 0 2
113 170 0 2
114 170 0 2
115 170 0 2
233 170 0 1
234 170 0 1
235 170 0 2
236 170 0 2
237 170 0 2
238 170 0 2
239 170 0 2
240 170 0 2
241 170 0 2
242 170 0 2
243 170 0 2
244 170 0 2
245 170 0 2
246 170 0 2
247 170 0 2
105 169 0 2
106 169 0 2
107 169 0 2
108 169 0 2
109 169 0 2
110 169 0 2
111 169 0 2
112 169 0 2
113 169 0 2
114 169 0 2
115 169 0 2
233 169 0 1
234 169 0 1
235 169 0 2
236 169 0 2
237 169 0 2
238 169 0 2
239 169 0 2
240 169 0 2
241 169 0 2
242 169 0 2
243 169 0 2
244 169 0 2
245 169 0 2
246 169 0 2
247 169 0 2
105 168 0 2
106 168 0 2
107 168 0 2
108 168 0 2
109 168 0 2
110 168 0 2
111 168 0 2
112 168 0 2
113 168 0 2
114 168 0 2
115 168 0 2
233 168 0 1
234 168 0 1
235 168 0 1
236 168 0 2
237 168 0 2
238 168 0 2
239 168 0 2
240 168 0 2
241 168 0 2
242 168 0 2
243 168 0 2
244 168 0 2
245 168 0 2
246 168 0 2
247 168 0 2
105 167 0 2
106 167 0 2
107 167 0 2
108 167 0 2
109 167 0 2
110 167 0 2
111 167 0 2
112 167 0 2
113 167 0 2
114 167 0 2
115 167 0 2
233 167 0 1
234 167 0 1
235 167 0 1
236 167 0 1
237 167 0 1
238 167 0 1
239 167 0 2
240 167 0 1
241 167 0 2
242 167 0 2
243 167 0 2
244 167 0 2
245 167 0 2
246 167 0 2
247 167 0 2
105 166 0 2
106 166 0 2
107 166 0 2
108 166 0 1
109 166 0 1
110 166 0 1
111 166 0 1
112 166 0 1
113 166 0 1
114 166 0 1
115 166 0 1
234 166 0 1
235 166 0 1
236 166 0 1
237 166 0 1
238 166 0 1
239 166 0 1
240 166 0 1
241 166 0 1
242 166 0 1
243 166 0 2
244 166 0 2
245 166 0 2
246 166 0 2
247 166 0 2
106 165 0 2
107 165 0 1
108 165 0 1
109 165 0 1
110 165 0 1
111 165 0 1
112 165 0 1
113 165 0 1
114 165 0 1
235 165 0 1
236 165 0 1
237 165 0 1
238 165 0 1
239 165 0 1
240 165 0 1
241 165 0 1
242 165 0 1
243 165 0 1
244 165 0 2
245 165 0 2
246 165 0 2
107 164 0 1
108 164 0 1
109 164 0 1
110 164 0 1
111 164 0 1
112 164 0 1
113 164 0 1
236 164 0 1
237 164 0 1
238 164 0 1
239 164 0 1
240 164 0 1
241 164 0 1
242 164 0 1
243 164 0 1
244 164 0 1
245 164 0 2
81 160 0 1
82 160 0 1
83 160 0 1
84 160 0 1
85 160 0 1
86 160 0 1
87 160 0 1
80 159 0 1
81 159 0 1
82 159 0 1
83 159 0 1
84 159 0 1
85 159 0 1
86 159 0 2
87 159 0 2
88 159 0 2
152 159 0 1
153 159 0 1
80 158 0 1
81 158 0 1
82 158 0 2
83 158 0 2
84 158 0 2
85 158 0 2
86 158 0 2
87 158 0 2
88 158 0 2
89 158 0 2
151 158 0 1
152 158 0 1
153 158 0 1
154 158 0 1
155 158 0 1
160 158 0 1
161 158 0 1
162 158 0 1
163 158 0 1
80 157 0 2
81 157 0 2
82 157 0 2
83 157 0 2
84 157 0 2
85 157 0 2
86 157 0 2
87 157 0 2
88 157 0 2
89 157 0 2
90 157 0 2
150 157 0 2
151 157 0 2
152 157 0 1
153 157 0 1
154 157 0 1
155 157 0 1
156 157 0 1
157 157 0 1
158 157 0 1
159 157 0 1
160 157 0 1
161 157 0 1
162 157 0 1
163 157 0 1
164 157 0 1
80 156 0 2
81 156 0 2
82 156 0 2
83 156 0 2
84 156 0 2
85 156 0 2
86 156 0 2
87 156 0 2
88 156 0 2
89 156 0 2
90 156 0 2
150 156 0 2
151 156 0 2
152 156 0 2
153 156 0 1
154 156 0 1
155 156 0 1
156 156 0 1
157 156 0 1
158 156 0 1
159 156 0 1
160 156 0 1
161 156 0 1
162 156 0 1
163 156 0 1
164 156 0 2
80 155 0 2
81 155 0 2
82 155 0 2
83 155 0 2
84 155 0 2
85 155 0 2
86 155 0 2
87 155 0 2
88 155 0 2
89 155 0 2
90 155 0 2
150 155 0 2
151 155 0 2
152 155 0 2
153 155 0 2
154 155 0 2
155 155 0 1
156 155 0 1
157 155 0 1
158 155 0 1
159 155 0 1
160 155 0 1
161 155 0 2
162 155 0 2
163 155 0 2
164 155 0 2
46 154 0 1
47 154 0 1
48 154 0 1
49 154 0 1
50 154 0 1
51 154 0 1
80 154 0 2
81 154 0 2
82 154 0 2
83 154 0 2
84 154 0 2
85 154 0 2
86 154 0 2
87 154 0 2
88 154 0 2
89 154 0 2
90 154 0 2
150 154 0 2
151 154 0 2
152 154 0 2
153 154 0 2
154 154 0 2
155 154 0 2
156 154 0 2
157 154 0 2
158 154 0 2
159 154 0 2
160 154 0 2
161 154 0 2
162 154 0 2
163 154 0 2
164 154 0 2
45 153 0 1
46 153 0 1
47 153 0 1
48 153 0 1
49 153 0 1
50 153 0 1
51 153 0 1
52 153 0 1
80 153 0 2
81 153 0 2
82 153 0 2
83 153 0 2
84 153 0 2
85 153 0 2
86 153 0 2
87 153 0 2
88 153 0 2
89 153 0 2
90 153 0 2
150 153 0 2
151 153 0 2
152 153 0 2
153 153 0 2
154 153 0 2
155 153 0 2
156 153 0 2
157 153 0 2
158 153 0 2
159 153 0 2
160 153 0 2
161 153 0 2
162 153 0 2
163 153 0 2
164 153 0 2
44 152 0 1
45 152 0 1
46 152 0 2
47 152 0 2
48 152 0 2
49 152 0 2
50 152 0 2
51 152 0 2
52 152 0 2
53 152 0 2
80 152 0 2
81 152 0 2
82 152 0 2
83 152 0 2
84 152 0 2
85 152 0 2
86 152 0 2
87 152 0 2
88 152 0 1
89 152 0 1
90 152 0 1
150 152 0 2
151 152 0 2
152 152 0 2
153 152 0 2
154 152 0 2
155 152 0 2
156 152 0 2
157 152 0 2
158 152 0 2
159 152 0 2
160 152 0 2
161 152 0 2
162 152 0 2
163 152 0 2
164 152 0 2
43 151 0 2
44 151 0 2
45 151 0 2
46 151 0 2
47 151 0 2
48 151 0 2
49 151 0 2
50 151 0 2
51 151 0 2
52 151 0 2
53 151 0 2
54 151 0 2
81 151 0 2
82 151 0 2
83 151 0 2
84 151 0 2
85 151 0 1
86 151 0 1
87 151 0 1
88 151 0 1
89 151 0 1
90 151 0 1
150 151 0 2
151 151 0 2
152 151 0 2
153 151 0 2
154 151 0 2
155 151 0 2
156 151 0 2
157 151 0 2
158 151 0 2
159 151 0 2
160 151 0 2
161 151 0 2
162 151 0 2
163 151 0 2
164 151 0 2
43 150 0 2
44 150 0 2
45 150 0 2
46 150 0 2
47 150 0 2
48 150 0 2
49 150 0 2
50 150 0 2
51 150 0 2
52 150 0 2
53 150 0 2
54 150 0 2
83 150 0 1
84 150 0 1
85 150 0 1
86 150 0 1
87 150 0 1
150 150 0 2
151 150 0 2
152 150 0 2
153 150 0 2
154 150 0 2
155 150 0 2
156 150 0 2
157 150 0 2
158 150 0 2
159 150 0 2
160 150 0 2
161 150 0 2
162 150 0 2
163 150 0 2
164 150 0 2
43 149 0 2
44 149 0 2
45 149 0 2
46 149 0 2
47 149 0 2
48 149 0 2
49 149 0 2
50 149 0 2
51 149 0 2
52 149 0 2
53 149 0 2
54 149 0 2
83 149 0 1
84 149 0 1
85 149 0 1
150 149 0 1
151 149 0 2
152 149 0 2
153 149 0 2
154 149 0 2
155 149 0 2
156 149 0 2
157 149 0 2
158 149 0 2
159 149 0 2
160 149 0 2
161 149 0 2
162 149 0 2
163 149 0 2
43 148 0 2
44 148 0 2
45 148 0 2
46 148 0 2
47 148 0 2
48 148 0 2
49 148 0 2
50 148 0 2
51 148 0 2
52 148 0 2
53 148 0 2
54 148 0 2
151 148 0 1
152 148 0 1
153 148 0 1
154 148 0 1
155 148 0 1
156 148 0 1
157 148 0 1
158 148 0 1
159 148 0 1
160 148 0 1
161 148 0 1
162 148 0 1
163 148 0 1
43 147 0 2
44 147 0 2
45 147 0 2
46 147 0 2
47 147 0 2
48 147 0 2
49 147 0 2
50 147 0 2
51 147 0 2
52 147 0 2
53 147 0 2
54 147 0 2
153 147 0 1
154 147 0 1
155 147 0 1
156 147 0 1
157 147 0 1
158 147 0 1
159 147 0 1
160 147 0 1
161 147 0 1
162 147 0 1
43 146 0 2
44 146 0 2
45 146 0 2
46 146 0 2
47 146 0 2
48 146 0 2
49 146 0 2
50 146 0 2
51 146 0 2
52 146 0 2
53 146 0 2
54 146 0 2
44 145 0 2
45 145 0 2
46 145 0 2
47 145 0 2
48 145 0 2
49 145 0 2
50 145 0 2
51 145 0 2
52 145 0 2
53 145 0 2
45 144 0 1
46 144 0 1
47 144 0 1
48 144 0 1
49 144 0 1
50 144 0 1
51 144 0 1
52 144 0 1
46 143 0 1
47 143 0 1
48 143 0 1
49 143 0 1
50 143 0 1
51 143 0 1
69 138 0 1
70 138 0 1
71 138 0 1
72 138 0 1
73 138 0 1
74 138 0 1
75 138 0 1
76 138 0 1
189 138 0 1
190 138 0 1
191 138 0 1
192 138 0 1
193 138 0 1
194 138 0 1
195 138 0 1
4 137 0 2
5 137 0 2
6 137 0 1
7 137 0 1
8 137 0 1
9 137 0 1
10 137 0 1
66 137 0 1
67 137 0 1
68 137 0 1
69 137 0 1
70 137 0 1
71 137 0 1
72 137 0 1
73 137 0 1
74 137 0 1
75 137 0 1
76 137 0 1
77 137 0 1
186 137 0 1
187 137 0 1
188 137 0 1
189 137 0 1
190 137 0 1
191 137 0 1
192 137 0 1
193 137 0 1
194 137 0 1
195 137 0 1
196 137 0 1
2 136 0 2
3 136 0 2
4 136 0 2
5 136 0 2
6 136 0 2
7 136 0 1
8 136 0 1
9 136 0 1
10 136 0 1
11 136 0 1
12 136 0 1
66 136 0 1
67 136 0 1
68 136 0 1
69 136 0 1
70 136 0 1
71 136 0 2
72 136 0 2
73 136 0 2
74 136 0 2
75 136 0 2
76 136 0 2
77 136 0 2
78 136 0 2
185 136 0 1
186 136 0 1
187 136 0 1
188 136 0 1
189 136 0 1
190 136 0 1
191 136 0 1
192 136 0 1
193 136 0 1
194 136 0 1
195 136 0 1
196 136 0 1
197 136 0 1
219 136 0 1
220 136 0 1
221 136 0 1
222 136 0 1
223 136 0 1
224 136 0 1
225 136 0 1
226 136 0 1
227 136 0 1
1 135 0 2
2 135 0 2
3 135 0 2
4 135 0 2
5 135 0 2
6 135 0 2
7 135 0 1
8 135 0 1
9 135 0 1
10 135 0 1
11 135 0 1
12 135 0 1
13 135 0 1
66 135 0 2
67 135 0 2
68 135 0 2
69 135 0 2
70 135 0 2
71 135 0 2
72 135 0 2
73 135 0 2
74 135 0 2
75 135 0 2
76 135 0 2
77 135 0 2
78 135 0 2
79 135 0 2
185 135 0 1
186 135 0 1
187 135 0 1
188 135 0 1
189 135 0 2
190 135 0 2
191 135 0 2
192 135 0 2
193 135 0 2
194 135 0 2
195 135 0 2
196 135 0 2
197 135 0 2
198 135 0 2
218 135 0 1
219 135 0 1
220 135 0 1
221 135 0 1
222 135 0 1
223 135 0 1
224 135 0 1
225 135 0 1
226 135 0 1
227 135 0 1
228 135 0 1
229 135 0 1
230 135 0 1
231 135 0 1
1 134 0 2
2 134 0 2
3 134 0 2
4 134 0 2
5 134 0 2
6 134 0 2
7 134 0 1
8 134 0 1
9 134 0 1
10 134 0 1
11 134 0 1
12 134 0 1
13 134 0 1
66 134 0 2
67 134 0 2
68 134 0 2
69 134 0 2
70 134 0 2
71 134 0 2
72 134 0 2
73 134 0 2
74 134 0 2
75 134 0 2
76 134 0 2
77 134 0 2
78 134 0 2
79 134 0 2
185 134 0 1
186 134 0 1
187 134 0 2
188 134 0 2
189 134 0 2
190 134 0 2
191 134 0 2
192 134 0 2
193 134 0 2
194 134 0 2
195 134 0 2
196 134 0 2
197 134 0 2
198 134 0 2
199 134 0 2
218 134 0 1
219 134 0 1
220 134 0 1
221 134 0 1
222 134 0 1
223 134 0 1
224 134 0 1
225 134 0 1
226 134 0 1
227 134 0 1
228 134 0 1
229 134 0 1
230 134 0 1
231 134 0 1
0 133 0 2
1 133 0 2
2 133 0 2
3 133 0 2
4 133 0 2
5 133 0 2
6 133 0 2
7 133 0 2
8 133 0 2
9 133 0 2
10 133 0 2
11 133 0 1
12 133 0 1
13 133 0 1
14 133 0 1
66 133 0 2
67 133 0 2
68 133 0 2
69 133 0 2
70 133 0 2
71 133 0 2
72 133 0 2
73 133 0 2
74 133 0 2
75 133 0 2
76 133 0 2
77 133 0 2
78 133 0 2
79 133 0 2
185 133 0 2
186 133 0 2
187 133 0 2
188 133 0 2
189 133 0 2
190 133 0 2
191 133 0 2
192 133 0 2
193 133 0 2
194 133 0 2
195 133 0 2
196 133 0 2
197 133 0 2
198 133 0 2
199 133 0 2
218 133 0 2
219 133 0 2
220 133 0 2
221 133 0 2
222 133 0 2
223 133 0 2
224 133 0 2
225 133 0 2
226 133 0 1
227 133 0 1
228 133 0 1
229 133 0 1
230 133 0 1
231 133 0 1
0 132 0 2
1 132 0 2
2 132 0 2
3 132 0 2
4 132 0 2
5 132 0 2
6 132 0 2
7 132 0 2
8 132 0 2
9 132 0 2
10 132 0 2
11 132 0 1
12 132 0 1
13 132 0 1
14 132 0 1
66 132 0 2
67 132 0 2
68 132 0 2
69 132 0 2
70 132 0 2
71 132 0 2
72 132 0 2
73 132 0 2
74 132 0 2
75 132 0 2
76 132 0 2
77 132 0 2
78 132 0 2
79 132 0 2
185 132 0 2
186 132 0 2
187 132 0 2
188 132 0 2
189 132 0 2
190 132 0 2
191 132 0 2
192 132 0 2
193 132 0 2
194 132 0 2
195 132 0 2
196 132 0 2
197 132 0 2
198 132 0 2
199 132 0 2
218 132 0 2
219 132 0 2
220 132 0 2
221 132 0 2
222 132 0 2
223 132 0 2
224 132 0 2
225 132 0 2
226 132 0 2
227 132 0 2
228 132 0 2
229 132 0 2
230 132 0 2
231 132 0 2
0 131 0 1
1 131 0 2
2 131 0 2
3 131 0 2
4 131 0 2
5 131 0 2
6 131 0 2
7 131 0 2
8 131 0 2
9 131 0 2
10 131 0 2
11 131 0 2
12 131 0 2
13 131 0 2
14 131 0 1
66 131 0 2
67 131 0 2
68 131 0 2
69 131 0 2
70 131 0 2
71 131 0 2
72 131 0 2
73 131 0 2
74 131 0 2
75 131 0 2
76 131 0 2
77 131 0 2
78 131 0 2
79 131 0 2
185 131 0 2
186 131 0 2
187 131 0 2
188 131 0 2
189 131 0 2
190 131 0 2
191 131 0 2
192 131 0 2
193 131 0 2
194 131 0 2
195 131 0 2
196 131 0 2
197 131 0 2
198 131 0 2
199 131 0 2
218 131 0 2
219 131 0 2
220 131 0 2
221 131 0 2
222 131 0 2
223 131 0 2
224 131 0 2
225 131 0 2
226 131 0 2
227 131 0 2
228 131 0 2
229 131 0 2
230 131 0 2
231 131 0 2
0 130 0 1
1 130 0 1
2 130 0 2
3 130 0 2
4 130 0 2
5 130 0 2
6 130 0 2
7 130 0 2
8 130 0 2
9 130 0 2
10 130 0 2
11 130 0 2
12 130 0 2
13 130 0 2
14 130 0 2
66 130 0 2
67 130 0 2
68 130 0 2
69 130 0 2
70 130 0 2
71 130 0 2
72 130 0 2
73 130 0 2
74 130 0 2
75 130 0 2
76 130 0 2
77 130 0 2
78 130 0 2
79 130 0 2
185 130 0 2
186 130 0 2
187 130 0 2
188 130 0 2
189 130 0 2
190 130 0 2
191 130 0 2
192 130 0 2
193 130 0 2
194 130 0 2
195 130 0 2
196 130 0 2
197 130 0 2
198 130 0 2
199 130 0 2
218 130 0 2
219 130 0 2
220 130 0 2
221 130 0 2
222 130 0 2
223 130 0 2
224 130 0 2
225 130 0 2
226 130 0 2
227 130 0 2
228 130 0 2
229 130 0 2
230 130 0 2
231 130 0 2
0 129 0 1
1 129 0 1
2 129 0 1
3 129 0 2
4 129 0 2
5 129 0 2
6 129 0 2
7 129 0 2
8 129 0 2
9 129 0 2
10 129 0 2
11 129 0 2
12 129 0 2
13 129 0 2
14 129 0 2
67 129 0 2
68 129 0 2
69 129 0 2
70 129 0 2
71 129 0 2
72 129 0 2
73 129 0 2
74 129 0 2
75 129 0 2
76 129 0 2
77 129 0 2
78 129 0 2
79 129 0 2
186 129 0 2
187 129 0 2
188 129 0 2
189 129 0 2
190 129 0 2
191 129 0 2
192 129 0 2
193 129 0 2
194 129 0 2
195 129 0 2
196 129 0 2
197 129 0 1
198 129 0 1
199 129 0 1
218 129 0 2
219 129 0 2
220 129 0 2
221 129 0 2
222 129 0 2
223 129 0 2
224 129 0 2
225 129 0 2
226 129 0 2
227 129 0 2
228 129 0 2
229 129 0 2
230 129 0 2
231 129 0 2
0 128 0 1
1 128 0 1
2 128 0 1
3 128 0 1
4 128 0 1
5 128 0 2
6 128 0 2
7 128 0 2
8 128 0 2
9 128 0 2
10 128 0 2
11 128 0 2
12 128 0 2
13 128 0 2
14 128 0 2
68 128 0 2
69 128 0 2
70 128 0 2
71 128 0 2
72 128 0 2
73 128 0 1
74 128 0 1
75 128 0 1
76 128 0 1
77 128 0 1
78 128 0 1
79 128 0 1
187 128 0 1
188 128 0 1
189 128 0 1
190 128 0 1
191 128 0 1
192 128 0 1
193 128 0 1
194 128 0 1
195 128 0 1
196 128 0 1
197 128 0 1
198 128 0 1
199 128 0 1
218 128 0 2
219 128 0 2
220 128 0 2
221 128 0 2
222 128 0 2
223 128 0 2
224 128 0 2
225 128 0 2
226 128 0 2
227 128 0 2
228 128 0 2
229 128 0 2
230 128 0 2
231 128 0 2
0 127 0 1
1 127 0 1
2 127 0 1
3 127 0 1
4 127 0 1
5 127 0 1
6 127 0 1
7 127 0 1
8 127 0 2
9 127 0 2
10 127 0 2
11 127 0 2
12 127 0 2
13 127 0 2
68 127 0 1
69 127 0 1
70 127 0 1
71 127 0 1
72 127 0 1
73 127 0 1
74 127 0 1
75 127 0 1
76 127 0 1
77 127 0 1
78 127 0 1
188 127 0 1
189 127 0 1
190 127 0 1
191 127 0 1
192 127 0 1
193 127 0 1
194 127 0 1
195 127 0 1
196 127 0 1
197 127 0 1
198 127 0 1
199 127 0 1
218 127 0 2
219 127 0 1
220 127 0 1
221 127 0 2
222 127 0 2
223 127 0 2
224 127 0 2
225 127 0 2
226 127 0 2
227 127 0 2
228 127 0 2
229 127 0 2
230 127 0 2
231 127 0 2
1 126 0 1
2 126 0 1
3 126 0 1
4 126 0 1
5 126 0 1
6 126 0 1
7 126 0 1
8 126 0 1
9 126 0 2
10 126 0 2
11 126 0 2
12 126 0 2
13 126 0 2
69 126 0 1
70 126 0 1
71 126 0 1
72 126 0 1
73 126 0 1
74 126 0 1
189 126 0 1
190 126 0 1
191 126 0 1
192 126 0 1
193 126 0 1
194 126 0 1
195 126 0 1
196 126 0 1
218 126 0 2
219 126 0 1
220 126 0 1
221 126 0 2
222 126 0 2
223 126 0 2
224 126 0 2
225 126 0 2
226 126 0 2
227 126 0 2
228 126 0 2
229 126 0 2
230 126 0 2
231 126 0 2
2 125 0 1
3 125 0 1
4 125 0 1
5 125 0 1
6 125 0 1
7 125 0 1
8 125 0 1
9 125 0 2
10 125 0 2
11 125 0 2
12 125 0 2
218 125 0 1
219 125 0 1
220 125 0 1
221 125 0 1
222 125 0 1
223 125 0 2
224 125 0 2
225 125 0 2
226 125 0 2
227 125 0 2
228 125 0 2
229 125 0 2
230 125 0 2
4 124 0 1
5 124 0 1
6 124 0 1
7 124 0 1
8 124 0 1
9 124 0 1
10 124 0 1
218 124 0 1
219 124 0 1
220 124 0 1
221 124 0 1
222 124 0 1
223 124 0 1
224 124 0 1
225 124 0 1
226 124 0 2
227 124 0 2
228 124 0 2
105 123 0 2
106 123 0 2
107 123 0 2
108 123 0 2
109 123 0 2
110 123 0 2
111 123 0 2
112 123 0 1
113 123 0 1
114 123 0 1
115 123 0 1
116 123 0 1
104 122 0 2
105 122 0 2
106 122 0 2
107 122 0 2
108 122 0 2
109 122 0 2
110 122 0 2
111 122 0 2
112 122 0 1
113 122 0 1
114 122 0 1
115 122 0 1
116 122 0 1
103 121 0 2
104 121 0 2
105 121 0 2
106 121 0 2
107 121 0 2
108 121 0 2
109 121 0 2
110 121 0 2
111 121 0 2
112 121 0 2
113 121 0 2
114 121 0 2
115 121 0 2
116 121 0 2
103 120 0 2
104 120 0 2
105 120 0 2
106 120 0 2
107 120 0 2
108 120 0 2
109 120 0 2
110 120 0 2
111 120 0 2
112 120 0 2
113 120 0 2
114 120 0 2
115 120 0 2
116 120 0 2
103 119 0 2
104 119 0 2
105 119 0 2
106 119 0 2
107 119 0 2
108 119 0 2
109 119 0 2
110 119 0 2
111 119 0 2
112 119 0 2
113 119 0 2
114 119 0 2
115 119 0 2
116 119 0 2
51 118 0 1
52 118 0 1
53 118 0 1
54 118 0 1
103 118 0 2
104 118 0 2
105 118 0 2
106 118 0 2
107 118 0 2
108 118 0 2
109 118 0 2
110 118 0 2
111 118 0 2
112 118 0 2
113 118 0 2
114 118 0 2
115 118 0 2
116 118 0 2
50 117 0 2
51 117 0 2
52 117 0 2
53 117 0 1
54 117 0 1
55 117 0 1
56 117 0 1
103 117 0 2
104 117 0 2
105 117 0 2
106 117 0 2
107 117 0 2
108 117 0 2
109 117 0 2
110 117 0 2
111 117 0 2
112 117 0 2
113 117 0 2
114 117 0 2
115 117 0 2
116 117 0 2
49 116 0 2
50 116 0 2
51 116 0 2
52 116 0 2
53 116 0 2
54 116 0 2
55 116 0 1
56 116 0 1
57 116 0 1
103 116 0 1
104 116 0 1
105 116 0 2
106 116 0 2
107 116 0 2
108 116 0 2
109 116 0 2
110 116 0 2
111 116 0 2
112 116 0 2
113 116 0 2
114 116 0 2
115 116 0 2
116 116 0 2
49 115 0 2
50 115 0 2
51 115 0 2
52 115 0 2
53 115 0 2
54 115 0 2
55 115 0 2
56 115 0 1
57 115 0 1
58 115 0 1
103 115 0 1
104 115 0 1
105 115 0 2
106 115 0 2
107 115 0 2
108 115 0 2
109 115 0 1
110 115 0 2
111 115 0 1
112 115 0 2
113 115 0 2
114 115 0 1
115 115 0 1
116 115 0 1
49 114 0 2
50 114 0 2
51 114 0 2
52 114 0 2
53 114 0 2
54 114 0 2
55 114 0 2
56 114 0 2
57 114 0 1
58 114 0 1
59 114 0 1
103 114 0 1
104 114 0 1
105 114 0 1
106 114 0 1
107 114 0 1
108 114 0 1
109 114 0 1
110 114 0 1
111 114 0 1
112 114 0 1
113 114 0 1
114 114 0 1
115 114 0 1
116 114 0 1
49 113 0 2
50 113 0 2
51 113 0 2
52 113 0 2
53 113 0 2
54 113 0 2
55 113 0 2
56 113 0 2
57 113 0 2
58 113 0 1
59 113 0 1
104 113 0 1
105 113 0 1
106 113 0 1
107 113 0 1
108 113 0 1
109 113 0 1
110 113 0 1
111 113 0 1
112 113 0 1
113 113 0 1
114 113 0 1
49 112 0 2
50 112 0 2
51 112 0 2
52 112 0 2
53 112 0 2
54 112 0 2
55 112 0 2
56 112 0 2
57 112 0 2
58 112 0 2
59 112 0 2
49 111 0 2
50 111 0 2
51 111 0 2
52 111 0 2
53 111 0 2
54 111 0 2
55 111 0 2
56 111 0 2
57 111 0 2
58 111 0 2
59 111 0 2
49 110 0 1
50 110 0 1
51 110 0 1
52 110 0 2
53 110 0 2
54 110 0 2
55 110 0 2
56 110 0 2
57 110 0 2
58 110 0 2
59 110 0 2
49 109 0 1
50 109 0 1
51 109 0 1
52 109 0 1
53 109 0 1
54 109 0 1
55 109 0 1
56 109 0 2
57 109 0 2
58 109 0 2
59 109 0 2
50 108 0 1
51 108 0 1
52 108 0 1
53 108 0 1
54 108 0 1
55 108 0 1
56 108 0 2
57 108 0 2
58 108 0 2
59 108 0 2
125 108 0 1
126 108 0 1
127 108 0 1
128 108 0 1
129 108 0 1
130 108 0 1
131 108 0 1
132 108 0 1
133 108 0 1
134 108 0 1
135 108 0 1
53 107 0 1
54 107 0 1
55 107 0 1
56 107 0 1
57 107 0 1
58 107 0 2
59 107 0 2
124 107 0 2
125 107 0 2
126 107 0 1
127 107 0 1
128 107 0 1
129 107 0 1
130 107 0 1
131 107 0 1
132 107 0 1
133 107 0 1
134 107 0 1
135 107 0 1
136 107 0 1
54 106 0 1
55 106 0 1
56 106 0 1
57 106 0 1
58 106 0 1
124 106 0 2
125 106 0 2
126 106 0 2
127 106 0 2
128 106 0 2
129 106 0 1
130 106 0 1
131 106 0 1
132 106 0 1
133 106 0 1
134 106 0 1
135 106 0 1
136 106 0 1
137 106 0 1
124 105 0 2
125 105 0 2
126 105 0 2
127 105 0 2
128 105 0 2
129 105 0 2
130 105 0 2
131 105 0 1
132 105 0 1
133 105 0 1
134 105 0 1
135 105 0 1
136 105 0 1
137 105 0 1
124 104 0 2
125 104 0 2
126 104 0 2
127 104 0 2
128 104 0 2
129 104 0 2
130 104 0 2
131 104 0 2
132 104 0 1
133 104 0 1
134 104 0 1
135 104 0 1
136 104 0 1
137 104 0 1
164 104 0 1
165 104 0 1
166 104 0 1
167 104 0 1
168 104 0 1
169 104 0 1
170 104 0 1
171 104 0 1
172 104 0 1
173 104 0 1
124 103 0 2
125 103 0 2
126 103 0 2
127 103 0 2
128 103 0 2
129 103 0 2
130 103 0 2
131 103 0 2
132 103 0 2
133 103 0 2
134 103 0 2
135 103 0 1
136 103 0 1
137 103 0 2
163 103 0 1
164 103 0 1
165 103 0 1
166 103 0 1
167 103 0 1
168 103 0 1
169 103 0 1
170 103 0 1
171 103 0 1
172 103 0 1
173 103 0 1
174 103 0 1
124 102 0 2
125 102 0 2
126 102 0 2
127 102 0 2
128 102 0 2
129 102 0 2
130 102 0 2
131 102 0 2
132 102 0 2
133 102 0 2
134 102 0 2
135 102 0 2
136 102 0 2
137 102 0 2
162 102 0 1
163 102 0 1
164 102 0 1
165 102 0 1
166 102 0 1
167 102 0 1
168 102 0 1
169 102 0 1
170 102 0 1
171 102 0 1
172 102 0 1
173 102 0 1
174 102 0 1
124 101 0 2
125 101 0 2
126 101 0 2
127 101 0 2
128 101 0 2
129 101 0 2
130 101 0 2
131 101 0 2
132 101 0 2
133 101 0 2
134 101 0 2
135 101 0 2
136 101 0 2
137 101 0 2
161 101 0 1
162 101 0 1
163 101 0 1
164 101 0 2
165 101 0 2
166 101 0 2
167 101 0 2
168 101 0 2
169 101 0 2
170 101 0 2
171 101 0 2
172 101 0 2
173 101 0 2
174 101 0 1
233 101 0 1
234 101 0 1
235 101 0 1
236 101 0 1
237 101 0 1
238 101 0 1
239 101 0 1
240 101 0 1
241 101 0 1
242 101 0 1
243 101 0 1
244 101 0 1
245 101 0 1
124 100 0 2
125 100 0 2
126 100 0 2
127 100 0 2
128 100 0 2
129 100 0 2
130 100 0 2
131 100 0 2
132 100 0 2
133 100 0 2
134 100 0 2
135 100 0 2
136 100 0 2
137 100 0 2
161 100 0 2
162 100 0 2
163 100 0 2
164 100 0 2
165 100 0 2
166 100 0 2
167 100 0 2
168 100 0 2
169 100 0 2
170 100 0 2
171 100 0 2
172 100 0 2
173 100 0 2
174 100 0 2
175 100 0 2
233 100 0 1
234 100 0 1
235 100 0 1
236 100 0 1
237 100 0 1
238 100 0 1
239 100 0 1
240 100 0 1
241 100 0 1
242 100 0 1
243 100 0 1
244 100 0 1
245 100 0 1
246 100 0 1
124 99 0 2
125 99 0 2
126 99 0 2
127 99 0 2
128 99 0 2
129 99 0 2
130 99 0 2
131 99 0 2
132 99 0 2
133 99 0 2
134 99 0 2
135 99 0 2
136 99 0 2
137 99 0 2
161 99 0 2
162 99 0 2
163 99 0 2
164 99 0 2
165 99 0 2
166 99 0 2
167 99 0 2
168 99 0 2
169 99 0 2
170 99 0 2
171 99 0 2
172 99 0 2
173 99 0 2
174 99 0 2
175 99 0 2
176 99 0 2
232 99 0 1
233 99 0 1
234 99 0 1
235 99 0 1
236 99 0 1
237 99 0 1
238 99 0 1
239 99 0 1
240 99 0 1
241 99 0 2
242 99 0 2
243 99 0 1
244 99 0 1
245 99 0 1
246 99 0 1
247 99 0 1
124 98 0 1
125 98 0 1
126 98 0 1
127 98 0 1
128 98 0 2
129 98 0 2
130 98 0 2
131 98 0 2
132 98 0 2
133 98 0 2
134 98 0 2
135 98 0 2
136 98 0 2
137 98 0 2
161 98 0 2
162 98 0 2
163 98 0 2
164 98 0 2
165 98 0 2
166 98 0 2
167 98 0 2
168 98 0 2
169 98 0 2
170 98 0 2
171 98 0 2
172 98 0 2
173 98 0 2
174 98 0 2
175 98 0 2
176 98 0 2
232 98 0 1
233 98 0 1
234 98 0 1
235 98 0 1
236 98 0 2
237 98 0 2
238 98 0 2
239 98 0 2
240 98 0 2
241 98 0 2
242 98 0 2
243 98 0 2
244 98 0 2
245 98 0 2
246 98 0 2
247 98 0 2
124 97 0 1
125 97 0 1
126 97 0 1
127 97 0 1
128 97 0 1
129 97 0 1
130 97 0 1
131 97 0 2
132 97 0 2
133 97 0 2
134 97 0 2
135 97 0 2
136 97 0 2
137 97 0 2
161 97 0 2
162 97 0 2
163 97 0 2
164 97 0 2
165 97 0 2
166 97 0 2
167 97 0 2
168 97 0 2
169 97 0 2
170 97 0 2
171 97 0 2
172 97 0 2
173 97 0 2
174 97 0 2
175 97 0 2
176 97 0 2
232 97 0 1
233 97 0 2
234 97 0 2
235 97 0 2
236 97 0 2
237 97 0 2
238 97 0 2
239 97 0 2
240 97 0 2
241 97 0 2
242 97 0 2
243 97 0 2
244 97 0 2
245 97 0 2
246 97 0 2
247 97 0 2
125 96 0 1
126 96 0 1
127 96 0 1
128 96 0 1
129 96 0 1
130 96 0 1
131 96 0 1
132 96 0 1
133 96 0 1
134 96 0 1
135 96 0 1
136 96 0 1
161 96 0 2
162 96 0 2
163 96 0 2
164 96 0 2
165 96 0 2
166 96 0 2
167 96 0 2
168 96 0 2
169 96 0 2
170 96 0 2
171 96 0 2
172 96 0 2
173 96 0 2
174 96 0 2
175 96 0 2
176 96 0 2
232 96 0 2
233 96 0 2
234 96 0 2
235 96 0 2
236 96 0 2
237 96 0 2
238 96 0 2
239 96 0 2
240 96 0 2
241 96 0 2
242 96 0 2
243 96 0 2
244 96 0 2
245 96 0 2
246 96 0 2
247 96 0 2
129 95 0 1
130 95 0 1
131 95 0 1
132 95 0 1
133 95 0 1
134 95 0 1
135 95 0 1
161 95 0 2
162 95 0 2
163 95 0 2
164 95 0 2
165 95 0 2
166 95 0 2
167 95 0 2
168 95 0 2
169 95 0 2
170 95 0 2
171 95 0 2
172 95 0 2
173 95 0 2
174 95 0 2
175 95 0 2
176 95 0 2
232 95 0 2
233 95 0 2
234 95 0 2
235 95 0 2
236 95 0 2
237 95 0 2
238 95 0 2
239 95 0 2
240 95 0 2
241 95 0 2
242 95 0 2
243 95 0 2
244 95 0 2
245 95 0 2
246 95 0 2
247 95 0 2
21 94 0 1
22 94 0 1
23 94 0 1
24 94 0 1
25 94 0 1
26 94 0 1
27 94 0 1
28 94 0 1
29 94 0 1
30 94 0 1
161 94 0 2
162 94 0 2
163 94 0 2
164 94 0 2
165 94 0 2
166 94 0 2
167 94 0 2
168 94 0 2
169 94 0 2
170 94 0 2
171 94 0 2
172 94 0 2
173 94 0 2
174 94 0 2
175 94 0 2
176 94 0 2
232 94 0 2
233 94 0 2
234 94 0 2
235 94 0 2
236 94 0 2
237 94 0 2
238 94 0 2
239 94 0 2
240 94 0 2
241 94 0 2
242 94 0 2
243 94 0 2
244 94 0 2
245 94 0 2
246 94 0 2
247 94 0 2
20 93 0 1
21 93 0 1
22 93 0 1
23 93 0 1
24 93 0 1
25 93 0 1
26 93 0 1
27 93 0 2
28 93 0 2
29 93 0 2
30 93 0 2
31 93 0 2
161 93 0 1
162 93 0 1
163 93 0 1
164 93 0 1
165 93 0 1
166 93 0 1
167 93 0 1
168 93 0 1
169 93 0 1
170 93 0 1
171 93 0 1
172 93 0 1
173 93 0 1
174 93 0 1
175 93 0 1
176 93 0 1
232 93 0 2
233 93 0 2
234 93 0 2
235 93 0 2
236 93 0 2
237 93 0 2
238 93 0 2
239 93 0 2
240 93 0 2
241 93 0 2
242 93 0 2
243 93 0 2
244 93 0 2
245 93 0 2
246 93 0 2
247 93 0 2
19 92 0 1
20 92 0 1
21 92 0 1
22 92 0 1
23 92 0 1
24 92 0 2
25 92 0 2
26 92 0 2
27 92 0 2
28 92 0 2
29 92 0 2
30 92 0 2
31 92 0 2
32 92 0 2
162 92 0 1
163 92 0 1
164 92 0 1
165 92 0 1
166 92 0 1
167 92 0 1
168 92 0 1
169 92 0 1
170 92 0 1
171 92 0 1
172 92 0 1
173 92 0 1
174 92 0 1
175 92 0 1
232 92 0 2
233 92 0 2
234 92 0 2
235 92 0 1
236 92 0 1
237 92 0 1
238 92 0 1
239 92 0 1
240 92 0 1
241 92 0 1
242 92 0 1
243 92 0 1
244 92 0 1
245 92 0 1
246 92 0 1
18 91 0 1
19 91 0 1
20 91 0 1
21 91 0 2
22 91 0 2
23 91 0 2
24 91 0 2
25 91 0 2
26 91 0 2
27 91 0 2
28 91 0 2
29 91 0 2
30 91 0 2
31 91 0 2
32 91 0 2
163 91 0 1
164 91 0 1
165 91 0 1
166 91 0 1
167 91 0 1
168 91 0 1
169 91 0 1
170 91 0 1
171 91 0 1
172 91 0 1
173 91 0 1
174 91 0 1
232 91 0 2
233 91 0 2
234 91 0 2
235 91 0 1
236 91 0 1
237 91 0 1
238 91 0 1
239 91 0 1
240 91 0 1
241 91 0 1
242 91 0 1
243 91 0 1
244 91 0 1
245 91 0 1
18 90 0 1
19 90 0 2
20 90 0 2
21 90 0 2
22 90 0 2
23 90 0 2
24 90 0 2
25 90 0 2
26 90 0 2
27 90 0 2
28 90 0 2
29 90 0 2
30 90 0 2
31 90 0 2
32 90 0 2
97 90 0 1
98 90 0 1
99 90 0 1
100 90 0 1
101 90 0 1
102 90 0 1
103 90 0 1
233 90 0 1
234 90 0 1
235 90 0 1
236 90 0 1
18 89 0 2
19 89 0 2
20 89 0 2
21 89 0 2
22 89 0 2
23 89 0 2
24 89 0 2
25 89 0 2
26 89 0 2
27 89 0 2
28 89 0 2
29 89 0 2
30 89 0 2
31 89 0 2
32 89 0 2
96 89 0 2
97 89 0 2
98 89 0 1
99 89 0 1
100 89 0 1
101 89 0 1
102 89 0 1
103 89 0 1
104 89 0 1
105 89 0 1
106 89 0 1
234 89 0 1
235 89 0 1
18 88 0 2
19 88 0 2
20 88 0 2
21 88 0 2
22 88 0 2
23 88 0 2
24 88 0 2
25 88 0 2
26 88 0 2
27 88 0 2
28 88 0 2
29 88 0 2
30 88 0 2
31 88 0 2
32 88 0 2
96 88 0 2
97 88 0 2
98 88 0 2
99 88 0 2
100 88 0 2
101 88 0 2
102 88 0 1
103 88 0 1
104 88 0 1
105 88 0 1
106 88 0 1
107 88 0 1
204 88 0 2
205 88 0 2
206 88 0 2
207 88 0 2
208 88 0 2
209 88 0 2
210 88 0 1
211 88 0 2
212 88 0 2
213 88 0 2
214 88 0 2
215 88 0 2
18 87 0 2
19 87 0 2
20 87 0 2
21 87 0 2
22 87 0 2
23 87 0 2
24 87 0 2
25 87 0 2
26 87 0 2
27 87 0 2
28 87 0 2
29 87 0 2
30 87 0 2
31 87 0 2
32 87 0 2
68 87 0 1
69 87 0 1
70 87 0 1
71 87 0 1
72 87 0 1
96 87 0 2
97 87 0 2
98 87 0 2
99 87 0 2
100 87 0 2
101 87 0 2
102 87 0 2
103 87 0 2
104 87 0 2
105 87 0 1
106 87 0 1
107 87 0 1
108 87 0 1
109 87 0 1
110 87 0 1
203 87 0 2
204 87 0 2
205 87 0 2
206 87 0 2
207 87 0 2
208 87 0 2
209 87 0 2
210 87 0 2
211 87 0 2
212 87 0 2
213 87 0 2
214 87 0 2
215 87 0 2
216 87 0 2
18 86 0 2
19 86 0 2
20 86 0 2
21 86 0 2
22 86 0 2
23 86 0 2
24 86 0 2
25 86 0 2
26 86 0 2
27 86 0 2
28 86 0 2
29 86 0 2
30 86 0 2
31 86 0 2
32 86 0 2
66 86 0 1
67 86 0 1
68 86 0 1
69 86 0 1
70 86 0 1
71 86 0 1
72 86 0 1
73 86 0 1
74 86 0 1
96 86 0 2
97 86 0 2
98 86 0 2
99 86 0 2
100 86 0 2
101 86 0 2
102 86 0 2
103 86 0 2
104 86 0 2
105 86 0 2
106 86 0 2
107 86 0 1
108 86 0 1
109 86 0 1
110 86 0 1
121 86 0 1
122 86 0 1
123 86 0 1
124 86 0 1
125 86 0 1
203 86 0 2
204 86 0 2
205 86 0 2
206 86 0 2
207 86 0 2
208 86 0 2
209 86 0 2
210 86 0 2
211 86 0 2
212 86 0 2
213 86 0 2
214 86 0 2
215 86 0 2
216 86 0 2
217 86 0 2
18 85 0 2
19 85 0 2
20 85 0 2
21 85 0 2
22 85 0 2
23 85 0 2
24 85 0 2
25 85 0 2
26 85 0 2
27 85 0 2
28 85 0 2
29 85 0 2
30 85 0 2
31 85 0 2
32 85 0 2
65 85 0 1
66 85 0 1
67 85 0 1
68 85 0 1
69 85 0 1
70 85 0 1
71 85 0 1
72 85 0 1
73 85 0 1
74 85 0 1
75 85 0 1
96 85 0 2
97 85 0 2
98 85 0 2
99 85 0 2
100 85 0 2
101 85 0 2
102 85 0 2
103 85 0 2
104 85 0 2
105 85 0 2
106 85 0 2
107 85 0 2
108 85 0 2
109 85 0 2
110 85 0 2
120 85 0 1
121 85 0 1
122 85 0 1
123 85 0 1
124 85 0 1
125 85 0 1
126 85 0 1
127 85 0 2
128 85 0 2
203 85 0 2
204 85 0 2
205 85 0 2
206 85 0 2
207 85 0 2
208 85 0 2
209 85 0 2
210 85 0 2
211 85 0 2
212 85 0 2
213 85 0 2
214 85 0 2
215 85 0 2
216 85 0 2
217 85 0 2
18 84 0 2
19 84 0 2
20 84 0 2
21 84 0 1
22 84 0 1
23 84 0 1
24 84 0 1
25 84 0 1
26 84 0 1
27 84 0 1
28 84 0 1
29 84 0 1
30 84 0 1
31 84 0 1
65 84 0 1
66 84 0 1
67 84 0 1
68 84 0 1
69 84 0 1
70 84 0 1
71 84 0 1
72 84 0 1
73 84 0 1
74 84 0 1
75 84 0 1
96 84 0 2
97 84 0 2
98 84 0 2
99 84 0 2
100 84 0 2
101 84 0 2
102 84 0 2
103 84 0 2
104 84 0 2
105 84 0 2
106 84 0 2
107 84 0 2
108 84 0 2
109 84 0 2
110 84 0 2
120 84 0 2
121 84 0 2
122 84 0 2
123 84 0 2
124 84 0 2
125 84 0 2
126 84 0 2
127 84 0 2
128 84 0 2
129 84 0 2
130 84 0 2
203 84 0 2
204 84 0 2
205 84 0 2
206 84 0 2
207 84 0 2
208 84 0 2
209 84 0 2
210 84 0 2
211 84 0 2
212 84 0 2
213 84 0 2
214 84 0 2
215 84 0 2
216 84 0 2
217 84 0 2
18 83 0 2
19 83 0 2
20 83 0 1
21 83 0 1
22 83 0 1
23 83 0 1
24 83 0 1
25 83 0 1
26 83 0 1
27 83 0 1
28 83 0 1
29 83 0 1
30 83 0 1
64 83 0 1
65 83 0 1
66 83 0 1
67 83 0 1
68 83 0 1
69 83 0 1
70 83 0 1
71 83 0 1
72 83 0 1
73 83 0 1
74 83 0 1
75 83 0 1
76 83 0 1
96 83 0 2
97 83 0 2
98 83 0 2
99 83 0 2
100 83 0 2
101 83 0 2
102 83 0 2
103 83 0 2
104 83 0 2
105 83 0 2
106 83 0 2
107 83 0 2
108 83 0 2
109 83 0 2
110 83 0 2
120 83 0 2
121 83 0 2
122 83 0 2
123 83 0 2
124 83 0 2
125 83 0 2
126 83 0 2
127 83 0 2
128 83 0 2
129 83 0 2
130 83 0 2
131 83 0 2
132 83 0 2
203 83 0 2
204 83 0 2
205 83 0 2
206 83 0 2
207 83 0 2
208 83 0 2
209 83 0 2
210 83 0 2
211 83 0 2
212 83 0 2
213 83 0 2
214 83 0 2
215 83 0 2
216 83 0 2
217 83 0 2
19 82 0 1
20 82 0 1
21 82 0 1
22 82 0 1
23 82 0 1
24 82 0 1
25 82 0 1
26 82 0 1
27 82 0 1
28 82 0 1
29 82 0 1
64 82 0 1
65 82 0 1
66 82 0 1
67 82 0 1
68 82 0 1
69 82 0 1
70 82 0 1
71 82 0 1
72 82 0 1
73 82 0 1
74 82 0 1
75 82 0 1
76 82 0 1
96 82 0 1
97 82 0 2
98 82 0 2
99 82 0 2
100 82 0 2
101 82 0 2
102 82 0 2
103 82 0 2
104 82 0 2
105 82 0 2
106 82 0 2
107 82 0 2
108 82 0 2
109 82 0 2
110 82 0 2
120 82 0 2
121 82 0 2
122 82 0 2
123 82 0 2
124 82 0 2
125 82 0 2
126 82 0 2
127 82 0 2
128 82 0 2
129 82 0 2
130 82 0 2
131 82 0 2
132 82 0 2
133 82 0 2
203 82 0 2
204 82 0 2
205 82 0 2
206 82 0 2
207 82 0 2
208 82 0 2
209 82 0 2
210 82 0 2
211 82 0 2
212 82 0 2
213 82 0 2
214 82 0 2
215 82 0 2
216 82 0 1
217 82 0 1
64 81 0 1
65 81 0 1
66 81 0 1
67 81 0 1
68 81 0 1
69 81 0 1
70 81 0 1
71 81 0 1
72 81 0 1
73 81 0 1
74 81 0 1
75 81 0 1
76 81 0 1
96 81 0 1
97 81 0 1
98 81 0 1
99 81 0 2
100 81 0 2
101 81 0 2
102 81 0 2
103 81 0 2
104 81 0 2
105 81 0 2
106 81 0 2
107 81 0 2
108 81 0 2
109 81 0 2
110 81 0 2
120 81 0 2
121 81 0 2
122 81 0 2
123 81 0 2
124 81 0 2
125 81 0 2
126 81 0 2
127 81 0 2
128 81 0 2
129 81 0 2
130 81 0 2
131 81 0 2
132 81 0 2
133 81 0 2
203 81 0 1
204 81 0 2
205 81 0 2
206 81 0 2
207 81 0 2
208 81 0 2
209 81 0 2
210 81 0 2
211 81 0 2
212 81 0 2
213 81 0 2
214 81 0 1
215 81 0 1
216 81 0 1
217 81 0 1
64 80 0 1
65 80 0 1
66 80 0 1
67 80 0 1
68 80 0 1
69 80 0 1
70 80 0 1
71 80 0 1
72 80 0 1
73 80 0 1
74 80 0 1
75 80 0 1
76 80 0 1
96 80 0 1
97 80 0 1
98 80 0 1
99 80 0 1
100 80 0 1
101 80 0 1
102 80 0 1
103 80 0 1
104 80 0 2
105 80 0 2
106 80 0 2
107 80 0 2
108 80 0 2
109 80 0 2
120 80 0 2
121 80 0 2
122 80 0 2
123 80 0 2
124 80 0 2
125 80 0 2
126 80 0 2
127 80 0 2
128 80 0 2
129 80 0 2
130 80 0 2
131 80 0 1
132 80 0 1
133 80 0 1
203 80 0 1
204 80 0 1
205 80 0 1
206 80 0 2
207 80 0 2
208 80 0 2
209 80 0 2
210 80 0 2
211 80 0 2
212 80 0 2
213 80 0 2
214 80 0 1
215 80 0 1
216 80 0 1
217 80 0 1
65 79 0 1
66 79 0 1
67 79 0 1
68 79 0 1
69 79 0 1
70 79 0 1
71 79 0 1
72 79 0 1
73 79 0 1
74 79 0 1
75 79 0 1
98 79 0 1
99 79 0 1
100 79 0 1
101 79 0 1
102 79 0 1
103 79 0 1
104 79 0 1
105 79 0 2
106 79 0 2
107 79 0 2
108 79 0 2
120 79 0 2
121 79 0 2
122 79 0 2
123 79 0 2
124 79 0 2
125 79 0 2
126 79 0 2
127 79 0 2
128 79 0 1
129 79 0 1
130 79 0 1
131 79 0 1
132 79 0 1
133 79 0 1
203 79 0 1
204 79 0 1
205 79 0 1
206 79 0 2
207 79 0 2
208 79 0 2
209 79 0 2
210 79 0 2
211 79 0 2
212 79 0 2
213 79 0 2
214 79 0 2
215 79 0 2
216 79 0 1
217 79 0 1
65 78 0 1
66 78 0 1
67 78 0 1
68 78 0 1
69 78 0 1
70 78 0 1
71 78 0 1
72 78 0 1
73 78 0 1
74 78 0 1
75 78 0 1
103 78 0 1
104 78 0 1
105 78 0 1
106 78 0 1
107 78 0 1
120 78 0 2
121 78 0 2
122 78 0 2
123 78 0 2
124 78 0 2
125 78 0 1
126 78 0 1
127 78 0 1
128 78 0 1
129 78 0 1
130 78 0 1
131 78 0 1
132 78 0 1
133 78 0 1
203 78 0 1
204 78 0 1
205 78 0 1
206 78 0 1
207 78 0 2
208 78 0 2
209 78 0 2
210 78 0 2
211 78 0 2
212 78 0 2
213 78 0 2
214 78 0 2
215 78 0 2
216 78 0 2
217 78 0 2
66 77 0 1
67 77 0 1
68 77 0 1
69 77 0 1
70 77 0 1
71 77 0 1
72 77 0 1
73 77 0 1
74 77 0 1
120 77 0 2
121 77 0 2
122 77 0 1
123 77 0 1
124 77 0 1
125 77 0 1
126 77 0 1
127 77 0 1
128 77 0 1
129 77 0 1
130 77 0 1
131 77 0 1
132 77 0 1
133 77 0 1
204 77 0 1
205 77 0 1
206 77 0 1
207 77 0 1
208 77 0 1
209 77 0 1
210 77 0 2
211 77 0 2
212 77 0 2
213 77 0 2
214 77 0 2
215 77 0 2
216 77 0 2
217 77 0 2
68 76 0 1
69 76 0 1
70 76 0 1
71 76 0 1
72 76 0 1
120 76 0 1
121 76 0 1
122 76 0 1
123 76 0 1
124 76 0 1
125 76 0 1
126 76 0 1
127 76 0 1
128 76 0 1
129 76 0 1
130 76 0 1
205 76 0 1
206 76 0 1
207 76 0 1
208 76 0 1
209 76 0 1
210 76 0 1
211 76 0 1
212 76 0 1
213 76 0 2
214 76 0 2
215 76 0 2
216 76 0 2
217 76 0 2
120 75 0 1
121 75 0 1
122 75 0 1
123 75 0 1
124 75 0 1
125 75 0 1
126 75 0 1
127 75 0 1
128 75 0 1
129 75 0 1
207 75 0 1
208 75 0 1
209 75 0 1
210 75 0 1
211 75 0 1
212 75 0 1
213 75 0 2
214 75 0 2
215 75 0 2
216 75 0 2
217 75 0 2
105 70 0 2
106 70 0 2
107 70 0 2
108 70 0 2
109 70 0 1
110 70 0 1
111 70 0 1
112 70 0 1
113 70 0 1
114 70 0 1
115 70 0 1
116 70 0 1
117 70 0 1
104 69 0 2
105 69 0 2
106 69 0 2
107 69 0 2
108 69 0 2
109 69 0 2
110 69 0 2
111 69 0 1
112 69 0 1
113 69 0 1
114 69 0 1
115 69 0 1
116 69 0 1
117 69 0 1
118 69 0 1
229 69 0 2
230 69 0 2
231 69 0 1
232 69 0 1
233 69 0 1
234 69 0 1
235 69 0 1
236 69 0 1
103 68 0 2
104 68 0 2
105 68 0 2
106 68 0 2
107 68 0 2
108 68 0 2
109 68 0 2
110 68 0 2
111 68 0 2
112 68 0 2
113 68 0 2
114 68 0 2
115 68 0 2
116 68 0 2
117 68 0 2
118 68 0 1
227 68 0 2
228 68 0 2
229 68 0 2
230 68 0 2
231 68 0 2
232 68 0 1
233 68 0 1
234 68 0 1
235 68 0 1
236 68 0 1
237 68 0 1
9 67 0 1
10 67 0 1
11 67 0 1
12 67 0 1
103 67 0 2
104 67 0 2
105 67 0 2
106 67 0 2
107 67 0 2
108 67 0 2
109 67 0 2
110 67 0 2
111 67 0 2
112 67 0 2
113 67 0 2
114 67 0 2
115 67 0 2
116 67 0 2
117 67 0 2
118 67 0 2
226 67 0 2
227 67 0 2
228 67 0 2
229 67 0 2
230 67 0 2
231 67 0 2
232 67 0 2
233 67 0 2
234 67 0 2
235 67 0 1
236 67 0 1
237 67 0 1
238 67 0 1
8 66 0 2
9 66 0 2
10 66 0 1
11 66 0 1
12 66 0 1
13 66 0 1
14 66 0 1
103 66 0 2
104 66 0 2
105 66 0 2
106 66 0 2
107 66 0 2
108 66 0 2
109 66 0 2
110 66 0 2
111 66 0 2
112 66 0 2
113 66 0 2
114 66 0 2
115 66 0 2
116 66 0 2
117 66 0 2
118 66 0 2
226 66 0 2
227 66 0 2
228 66 0 2
229 66 0 2
230 66 0 2
231 66 0 2
232 66 0 2
233 66 0 2
234 66 0 2
235 66 0 2
236 66 0 1
237 66 0 1
238 66 0 1
239 66 0 1
7 65 0 2
8 65 0 2
9 65 0 2
10 65 0 1
11 65 0 1
12 65 0 1
13 65 0 1
14 65 0 1
15 65 0 1
103 65 0 2
104 65 0 2
105 65 0 2
106 65 0 2
107 65 0 2
108 65 0 2
109 65 0 2
110 65 0 2
111 65 0 2
112 65 0 2
113 65 0 2
114 65 0 2
115 65 0 2
116 65 0 2
117 65 0 2
118 65 0 2
226 65 0 2
227 65 0 2
228 65 0 2
229 65 0 2
230 65 0 2
231 65 0 2
232 65 0 2
233 65 0 2
234 65 0 2
235 65 0 2
236 65 0 1
237 65 0 1
238 65 0 1
239 65 0 1
7 64 0 2
8 64 0 2
9 64 0 2
10 64 0 2
11 64 0 1
12 64 0 1
13 64 0 1
14 64 0 1
15 64 0 1
47 64 0 1
48 64 0 1
49 64 0 1
50 64 0 1
51 64 0 1
52 64 0 1
53 64 0 1
54 64 0 1
55 64 0 1
56 64 0 1
103 64 0 1
104 64 0 2
105 64 0 2
106 64 0 2
107 64 0 2
108 64 0 2
109 64 0 2
110 64 0 2
111 64 0 2
112 64 0 2
113 64 0 2
114 64 0 2
115 64 0 2
116 64 0 2
117 64 0 2
118 64 0 2
226 64 0 1
227 64 0 2
228 64 0 2
229 64 0 2
230 64 0 2
231 64 0 2
232 64 0 2
233 64 0 2
234 64 0 2
235 64 0 2
236 64 0 2
237 64 0 2
238 64 0 1
239 64 0 1
7 63 0 2
8 63 0 2
9 63 0 2
10 63 0 2
11 63 0 1
12 63 0 1
13 63 0 1
14 63 0 1
15 63 0 1
16 63 0 1
17 63 0 1
18 63 0 1
19 63 0 1
46 63 0 1
47 63 0 1
48 63 0 1
49 63 0 1
50 63 0 1
51 63 0 1
52 63 0 1
53 63 0 1
54 63 0 1
55 63 0 1
56 63 0 1
57 63 0 1
103 63 0 1
104 63 0 1
105 63 0 1
106 63 0 1
107 63 0 1
108 63 0 2
109 63 0 2
110 63 0 2
111 63 0 2
112 63 0 2
113 63 0 2
114 63 0 2
115 63 0 2
116 63 0 2
117 63 0 2
118 63 0 2
226 63 0 1
227 63 0 1
228 63 0 1
229 63 0 2
230 63 0 2
231 63 0 2
232 63 0 2
233 63 0 2
234 63 0 2
235 63 0 2
236 63 0 2
237 63 0 2
238 63 0 1
239 63 0 1
7 62 0 2
8 62 0 2
9 62 0 2
10 62 0 2
11 62 0 2
12 62 0 2
13 62 0 1
14 62 0 1
15 62 0 1
16 62 0 1
17 62 0 1
18 62 0 1
19 62 0 1
44 62 0 1
45 62 0 1
46 62 0 1
47 62 0 1
48 62 0 2
49 62 0 2
50 62 0 2
51 62 0 2
52 62 0 2
53 62 0 2
54 62 0 2
55 62 0 2
56 62 0 1
57 62 0 1
58 62 0 1
104 62 0 1
105 62 0 1
106 62 0 1
107 62 0 1
108 62 0 1
109 62 0 1
110 62 0 1
111 62 0 2
112 62 0 2
113 62 0 2
114 62 0 2
115 62 0 2
116 62 0 2
117 62 0 2
118 62 0 2
226 62 0 1
227 62 0 1
228 62 0 1
229 62 0 1
230 62 0 2
231 62 0 2
232 62 0 2
233 62 0 2
234 62 0 2
235 62 0 2
236 62 0 2
237 62 0 2
238 62 0 2
239 62 0 2
7 61 0 2
8 61 0 2
9 61 0 2
10 61 0 2
11 61 0 2
12 61 0 2
13 61 0 2
14 61 0 2
15 61 0 2
16 61 0 1
17 61 0 1
18 61 0 1
19 61 0 1
43 61 0 1
44 61 0 1
45 61 0 1
46 61 0 2
47 61 0 2
48 61 0 2
49 61 0 2
50 61 0 2
51 61 0 2
52 61 0 2
53 61 0 2
54 61 0 2
55 61 0 2
56 61 0 2
57 61 0 2
58 61 0 2
108 61 0 1
109 61 0 1
110 61 0 1
111 61 0 2
112 61 0 2
113 61 0 2
114 61 0 2
115 61 0 2
116 61 0 2
117 61 0 2
118 61 0 2
134 61 0 1
135 61 0 1
137 61 0 1
138 61 0 1
139 61 0 1
140 61 0 1
141 61 0 2
142 61 0 2
143 61 0 2
226 61 0 1
227 61 0 1
228 61 0 1
229 61 0 1
230 61 0 1
231 61 0 2
232 61 0 2
233 61 0 2
234 61 0 2
235 61 0 2
236 61 0 2
237 61 0 2
238 61 0 2
239 61 0 2
7 60 0 2
8 60 0 2
9 60 0 2
10 60 0 2
11 60 0 2
12 60 0 2
13 60 0 2
14 60 0 2
15 60 0 2
16 60 0 2
17 60 0 2
18 60 0 2
19 60 0 1
43 60 0 2
44 60 0 2
45 60 0 2
46 60 0 2
47 60 0 2
48 60 0 2
49 60 0 2
50 60 0 2
51 60 0 2
52 60 0 2
53 60 0 2
54 60 0 2
55 60 0 2
56 60 0 2
57 60 0 2
58 60 0 2
108 60 0 1
109 60 0 1
110 60 0 1
111 60 0 1
112 60 0 1
113 60 0 1
114 60 0 1
115 60 0 2
116 60 0 2
117 60 0 2
118 60 0 2
133 60 0 2
134 60 0 1
135 60 0 1
136 60 0 1
137 60 0 1
138 60 0 2
139 60 0 2
140 60 0 2
141 60 0 2
142 60 0 2
143 60 0 2
144 60 0 2
145 60 0 2
226 60 0 1
227 60 0 1
228 60 0 1
229 60 0 1
230 60 0 1
231 60 0 1
232 60 0 2
233 60 0 2
234 60 0 2
235 60 0 2
236 60 0 2
237 60 0 2
238 60 0 2
7 59 0 2
8 59 0 2
9 59 0 2
10 59 0 2
11 59 0 2
12 59 0 2
13 59 0 2
14 59 0 2
15 59 0 2
16 59 0 2
17 59 0 2
18 59 0 2
19 59 0 1
43 59 0 2
44 59 0 2
45 59 0 2
46 59 0 2
47 59 0 2
48 59 0 2
49 59 0 2
50 59 0 2
51 59 0 2
52 59 0 2
53 59 0 2
54 59 0 2
55 59 0 2
56 59 0 2
57 59 0 2
58 59 0 2
111 59 0 1
112 59 0 1
113 59 0 1
114 59 0 1
115 59 0 1
116 59 0 1
117 59 0 1
118 59 0 2
132 59 0 2
133 59 0 2
134 59 0 1
135 59 0 1
136 59 0 1
137 59 0 1
138 59 0 2
139 59 0 2
140 59 0 2
141 59 0 2
142 59 0 2
143 59 0 2
144 59 0 2
145 59 0 2
146 59 0 2
227 59 0 1
228 59 0 1
229 59 0 1
230 59 0 1
231 59 0 1
232 59 0 1
233 59 0 1
234 59 0 2
235 59 0 2
236 59 0 2
237 59 0 2
238 59 0 2
7 58 0 1
8 58 0 2
9 58 0 2
10 58 0 2
11 58 0 2
12 58 0 2
13 58 0 2
14 58 0 2
15 58 0 2
16 58 0 2
17 58 0 2
18 58 0 2
19 58 0 2
43 58 0 2
44 58 0 2
45 58 0 2
46 58 0 2
47 58 0 2
48 58 0 2
49 58 0 2
50 58 0 2
51 58 0 2
52 58 0 2
53 58 0 2
54 58 0 2
55 58 0 2
56 58 0 2
57 58 0 2
58 58 0 2
115 58 0 1
116 58 0 1
117 58 0 1
118 58 0 1
132 58 0 2
133 58 0 2
134 58 0 2
135 58 0 2
136 58 0 2
137 58 0 2
138 58 0 2
139 58 0 2
140 58 0 2
141 58 0 2
142 58 0 2
143 58 0 2
144 58 0 2
145 58 0 2
146 58 0 1
166 58 0 1
167 58 0 1
168 58 0 1
169 58 0 1
170 58 0 1
171 58 0 1
172 58 0 1
173 58 0 1
228 58 0 1
229 58 0 1
230 58 0 1
231 58 0 1
232 58 0 1
233 58 0 1
234 58 0 1
235 58 0 2
236 58 0 2
237 58 0 2
7 57 0 1
8 57 0 1
9 57 0 2
10 57 0 2
11 57 0 2
12 57 0 2
13 57 0 2
14 57 0 2
15 57 0 2
16 57 0 2
17 57 0 2
18 57 0 2
19 57 0 2
43 57 0 2
44 57 0 2
45 57 0 2
46 57 0 2
47 57 0 2
48 57 0 2
49 57 0 2
50 57 0 2
51 57 0 2
52 57 0 2
53 57 0 2
54 57 0 2
55 57 0 2
56 57 0 2
57 57 0 2
58 57 0 2
118 57 0 1
132 57 0 2
133 57 0 2
134 57 0 2
135 57 0 2
136 57 0 2
137 57 0 2
138 57 0 2
139 57 0 2
140 57 0 2
141 57 0 2
142 57 0 2
143 57 0 2
144 57 0 2
145 57 0 2
146 57 0 1
165 57 0 1
166 57 0 1
167 57 0 1
168 57 0 1
169 57 0 1
170 57 0 1
171 57 0 1
172 57 0 1
173 57 0 1
174 57 0 1
229 57 0 1
230 57 0 1
231 57 0 1
232 57 0 1
233 57 0 1
234 57 0 1
235 57 0 1
236 57 0 1
7 56 0 1
8 56 0 1
9 56 0 1
10 56 0 1
11 56 0 1
12 56 0 1
13 56 0 2
14 56 0 2
15 56 0 2
16 56 0 2
17 56 0 2
18 56 0 2
19 56 0 2
43 56 0 2
44 56 0 2
45 56 0 2
46 56 0 2
47 56 0 2
48 56 0 2
49 56 0 2
50 56 0 2
51 56 0 2
52 56 0 2
53 56 0 2
54 56 0 2
55 56 0 2
56 56 0 2
57 56 0 2
58 56 0 2
132 56 0 2
133 56 0 2
134 56 0 2
135 56 0 2
136 56 0 2
137 56 0 2
138 56 0 2
139 56 0 2
140 56 0 2
141 56 0 2
142 56 0 2
143 56 0 1
144 56 0 1
145 56 0 1
146 56 0 1
164 56 0 1
165 56 0 1
166 56 0 1
167 56 0 1
168 56 0 1
169 56 0 1
170 56 0 1
171 56 0 1
172 56 0 1
173 56 0 1
174 56 0 1
175 56 0 1
201 56 0 2
202 56 0 2
203 56 0 2
204 56 0 2
205 56 0 2
206 56 0 1
207 56 0 1
208 56 0 1
8 55 0 1
9 55 0 1
10 55 0 1
11 55 0 1
12 55 0 1
13 55 0 1
14 55 0 1
15 55 0 2
16 55 0 2
17 55 0 2
18 55 0 2
43 55 0 2
44 55 0 2
45 55 0 2
46 55 0 2
47 55 0 2
48 55 0 2
49 55 0 2
50 55 0 2
51 55 0 2
52 55 0 2
53 55 0 2
54 55 0 2
55 55 0 2
56 55 0 2
57 55 0 2
58 55 0 2
132 55 0 2
133 55 0 2
134 55 0 2
135 55 0 2
136 55 0 2
137 55 0 2
138 55 0 2
139 55 0 2
140 55 0 2
141 55 0 2
142 55 0 2
143 55 0 1
144 55 0 1
145 55 0 1
163 55 0 1
164 55 0 1
165 55 0 1
166 55 0 1
167 55 0 1
168 55 0 1
169 55 0 1
170 55 0 1
171 55 0 1
172 55 0 1
173 55 0 1
174 55 0 1
175 55 0 1
176 55 0 1
199 55 0 2
200 55 0 2
201 55 0 2
202 55 0 2
203 55 0 2
204 55 0 2
205 55 0 2
206 55 0 1
207 55 0 1
208 55 0 1
209 55 0 1
10 54 0 1
11 54 0 1
12 54 0 1
13 54 0 1
14 54 0 1
15 54 0 1
16 54 0 1
17 54 0 2
43 54 0 2
44 54 0 1
45 54 0 1
46 54 0 1
47 54 0 1
48 54 0 2
49 54 0 2
50 54 0 2
51 54 0 2
52 54 0 2
53 54 0 2
54 54 0 2
55 54 0 2
56 54 0 2
57 54 0 1
58 54 0 1
132 54 0 2
133 54 0 2
134 54 0 2
135 54 0 2
136 54 0 2
137 54 0 2
138 54 0 2
139 54 0 2
140 54 0 2
141 54 0 2
142 54 0 2
143 54 0 1
144 54 0 1
145 54 0 1
163 54 0 1
164 54 0 1
165 54 0 1
166 54 0 1
167 54 0 1
168 54 0 1
169 54 0 1
170 54 0 1
171 54 0 1
172 54 0 1
173 54 0 1
174 54 0 1
175 54 0 1
176 54 0 1
198 54 0 2
199 54 0 2
200 54 0 2
201 54 0 2
202 54 0 2
203 54 0 2
204 54 0 2
205 54 0 2
206 54 0 2
207 54 0 1
208 54 0 1
209 54 0 1
210 54 0 1
43 53 0 1
44 53 0 1
45 53 0 1
46 53 0 1
47 53 0 1
48 53 0 2
49 53 0 2
50 53 0 2
51 53 0 2
52 53 0 2
53 53 0 2
54 53 0 2
55 53 0 1
56 53 0 1
57 53 0 1
132 53 0 1
133 53 0 1
134 53 0 2
135 53 0 2
136 53 0 2
137 53 0 2
138 53 0 2
139 53 0 2
140 53 0 2
141 53 0 2
142 53 0 2
143 53 0 2
144 53 0 1
145 53 0 1
146 53 0 1
163 53 0 1
164 53 0 1
165 53 0 1
166 53 0 1
167 53 0 1
168 53 0 1
169 53 0 1
170 53 0 1
171 53 0 1
172 53 0 1
173 53 0 1
174 53 0 1
175 53 0 1
176 53 0 1
198 53 0 1
199 53 0 2
200 53 0 2
201 53 0 2
202 53 0 2
203 53 0 2
204 53 0 2
205 53 0 2
206 53 0 2
207 53 0 2
208 53 0 1
209 53 0 1
210 53 0 1
211 53 0 1
44 52 0 1
45 52 0 1
46 52 0 1
47 52 0 2
48 52 0 2
49 52 0 2
50 52 0 2
51 52 0 2
52 52 0 2
53 52 0 2
54 52 0 2
55 52 0 1
56 52 0 1
132 52 0 1
133 52 0 1
134 52 0 1
135 52 0 1
136 52 0 2
137 52 0 2
138 52 0 2
139 52 0 2
140 52 0 2
141 52 0 2
142 52 0 2
143 52 0 2
144 52 0 2
145 52 0 1
146 52 0 1
163 52 0 1
164 52 0 1
165 52 0 1
166 52 0 1
167 52 0 1
168 52 0 1
169 52 0 1
170 52 0 1
171 52 0 1
172 52 0 1
173 52 0 1
174 52 0 1
175 52 0 1
176 52 0 1
198 52 0 1
199 52 0 1
200 52 0 1
201 52 0 2
202 52 0 2
203 52 0 2
204 52 0 2
205 52 0 2
206 52 0 2
207 52 0 2
208 52 0 2
209 52 0 1
210 52 0 1
211 52 0 1
212 52 0 1
45 51 0 1
46 51 0 2
47 51 0 2
48 51 0 2
49 51 0 2
50 51 0 2
51 51 0 2
52 51 0 2
53 51 0 2
54 51 0 1
55 51 0 1
132 51 0 1
133 51 0 1
134 51 0 1
135 51 0 1
136 51 0 1
137 51 0 2
138 51 0 2
139 51 0 2
140 51 0 2
141 51 0 2
142 51 0 2
143 51 0 2
144 51 0 2
145 51 0 1
146 51 0 1
163 51 0 1
164 51 0 1
165 51 0 1
166 51 0 1
167 51 0 1
168 51 0 1
169 51 0 1
170 51 0 1
171 51 0 1
172 51 0 1
173 51 0 1
174 51 0 1
175 51 0 1
176 51 0 1
198 51 0 1
199 51 0 1
200 51 0 1
201 51 0 1
202 51 0 2
203 51 0 2
204 51 0 2
205 51 0 2
206 51 0 2
207 51 0 2
208 51 0 2
209 51 0 2
210 51 0 1
211 51 0 1
212 51 0 1
132 50 0 1
133 50 0 1
134 50 0 1
135 50 0 1
136 50 0 1
137 50 0 2
138 50 0 2
139 50 0 2
140 50 0 2
141 50 0 2
142 50 0 2
143 50 0 2
144 50 0 2
145 50 0 2
146 50 0 2
163 50 0 1
164 50 0 1
165 50 0 1
166 50 0 1
167 50 0 1
168 50 0 1
169 50 0 1
170 50 0 1
171 50 0 1
172 50 0 1
173 50 0 1
174 50 0 1
175 50 0 1
176 50 0 1
198 50 0 2
199 50 0 2
200 50 0 2
201 50 0 2
202 50 0 2
203 50 0 2
204 50 0 2
205 50 0 2
206 50 0 2
207 50 0 2
208 50 0 2
209 50 0 2
210 50 0 1
211 50 0 1
212 50 0 1
133 49 0 1
134 49 0 1
135 49 0 1
136 49 0 1
137 49 0 2
138 49 0 2
139 49 0 2
140 49 0 2
141 49 0 2
142 49 0 2
143 49 0 2
144 49 0 2
145 49 0 2
163 49 0 1
164 49 0 1
165 49 0 1
166 49 0 1
167 49 0 1
168 49 0 1
169 49 0 1
170 49 0 1
171 49 0 1
172 49 0 1
173 49 0 1
174 49 0 1
175 49 0 1
176 49 0 1
198 49 0 2
199 49 0 2
200 49 0 2
201 49 0 2
202 49 0 2
203 49 0 2
204 49 0 2
205 49 0 2
206 49 0 2
207 49 0 2
208 49 0 2
209 49 0 2
210 49 0 2
211 49 0 1
212 49 0 1
76 48 0 1
77 48 0 1
78 48 0 1
79 48 0 1
80 48 0 1
81 48 0 1
82 48 0 1
83 48 0 1
84 48 0 1
135 48 0 1
136 48 0 1
137 48 0 1
138 48 0 1
139 48 0 2
140 48 0 2
141 48 0 2
142 48 0 2
143 48 0 2
144 48 0 2
164 48 0 1
165 48 0 1
166 48 0 1
167 48 0 1
168 48 0 1
169 48 0 1
170 48 0 1
171 48 0 1
172 48 0 1
173 48 0 1
174 48 0 1
175 48 0 1
198 48 0 2
199 48 0 2
200 48 0 2
201 48 0 2
202 48 0 2
203 48 0 2
204 48 0 2
205 48 0 2
206 48 0 2
207 48 0 2
208 48 0 2
209 48 0 2
210 48 0 2
211 48 0 2
212 48 0 2
74 47 0 1
75 47 0 1
76 47 0 1
77 47 0 1
78 47 0 2
79 47 0 2
80 47 0 2
81 47 0 2
82 47 0 1
83 47 0 1
84 47 0 1
85 47 0 1
86 47 0 1
87 47 0 1
165 47 0 1
166 47 0 1
167 47 0 1
168 47 0 1
169 47 0 1
170 47 0 1
171 47 0 1
172 47 0 1
173 47 0 1
174 47 0 1
198 47 0 2
199 47 0 2
200 47 0 2
201 47 0 2
202 47 0 2
203 47 0 2
204 47 0 2
205 47 0 2
206 47 0 2
207 47 0 2
208 47 0 2
209 47 0 2
210 47 0 2
211 47 0 2
212 47 0 2
73 46 0 1
74 46 0 1
75 46 0 1
76 46 0 1
77 46 0 2
78 46 0 2
79 46 0 2
80 46 0 2
81 46 0 2
82 46 0 1
83 46 0 1
84 46 0 1
85 46 0 1
86 46 0 1
87 46 0 1
166 46 0 1
167 46 0 1
168 46 0 1
169 46 0 1
170 46 0 1
171 46 0 1
172 46 0 1
173 46 0 1
198 46 0 2
199 46 0 2
200 46 0 2
201 46 0 2
202 46 0 2
203 46 0 2
204 46 0 2
205 46 0 2
206 46 0 2
207 46 0 2
208 46 0 2
209 46 0 2
210 46 0 2
211 46 0 2
212 46 0 2
73 45 0 1
74 45 0 2
75 45 0 2
76 45 0 2
77 45 0 2
78 45 0 2
79 45 0 2
80 45 0 2
81 45 0 2
82 45 0 2
83 45 0 2
84 45 0 2
85 45 0 1
86 45 0 1
87 45 0 2
198 45 0 2
199 45 0 2
200 45 0 2
201 45 0 2
202 45 0 2
203 45 0 2
204 45 0 2
205 45 0 2
206 45 0 2
207 45 0 2
208 45 0 2
209 45 0 2
210 45 0 2
211 45 0 2
212 45 0 2
73 44 0 1
74 44 0 2
75 44 0 2
76 44 0 2
77 44 0 2
78 44 0 2
79 44 0 2
80 44 0 2
81 44 0 2
82 44 0 2
83 44 0 2
84 44 0 2
85 44 0 2
86 44 0 2
87 44 0 2
198 44 0 2
199 44 0 2
200 44 0 2
201 44 0 2
202 44 0 2
203 44 0 2
204 44 0 2
205 44 0 2
206 44 0 2
207 44 0 2
208 44 0 2
209 44 0 2
210 44 0 2
211 44 0 2
73 43 0 2
74 43 0 2
75 43 0 2
76 43 0 2
77 43 0 2
78 43 0 2
79 43 0 2
80 43 0 2
81 43 0 2
82 43 0 2
83 43 0 2
84 43 0 2
85 43 0 2
86 43 0 2
87 43 0 2
199 43 0 2
200 43 0 2
201 43 0 2
202 43 0 2
203 43 0 2
204 43 0 2
205 43 0 2
206 43 0 2
207 43 0 2
208 43 0 2
209 43 0 2
210 43 0 2
211 43 0 2
73 42 0 2
74 42 0 2
75 42 0 2
76 42 0 2
77 42 0 2
78 42 0 2
79 42 0 2
80 42 0 2
81 42 0 2
82 42 0 2
83 42 0 2
84 42 0 2
85 42 0 2
86 42 0 2
87 42 0 2
104 42 0 1
105 42 0 1
106 42 0 1
107 42 0 1
108 42 0 1
109 42 0 1
110 42 0 1
111 42 0 1
112 42 0 1
113 42 0 1
114 42 0 1
200 42 0 1
201 42 0 1
202 42 0 1
203 42 0 1
204 42 0 1
205 42 0 1
206 42 0 2
207 42 0 2
208 42 0 2
209 42 0 2
210 42 0 2
73 41 0 2
74 41 0 2
75 41 0 2
76 41 0 2
77 41 0 2
78 41 0 2
79 41 0 2
80 41 0 2
81 41 0 2
82 41 0 2
83 41 0 2
84 41 0 2
85 41 0 2
86 41 0 2
87 41 0 2
103 41 0 1
104 41 0 1
105 41 0 1
106 41 0 1
107 41 0 1
108 41 0 1
109 41 0 1
110 41 0 1
111 41 0 1
112 41 0 1
113 41 0 1
114 41 0 1
115 41 0 1
201 41 0 1
202 41 0 1
203 41 0 1
204 41 0 1
73 40 0 2
74 40 0 2
75 40 0 2
76 40 0 2
77 40 0 2
78 40 0 2
79 40 0 2
80 40 0 2
81 40 0 2
82 40 0 2
83 40 0 2
84 40 0 2
85 40 0 2
86 40 0 2
87 40 0 2
103 40 0 2
104 40 0 2
105 40 0 1
106 40 0 1
107 40 0 1
108 40 0 1
109 40 0 1
110 40 0 1
111 40 0 1
112 40 0 1
113 40 0 1
114 40 0 1
115 40 0 1
116 40 0 1
117 40 0 1
118 40 0 1
237 40 0 1
238 40 0 1
239 40 0 1
240 40 0 1
73 39 0 2
74 39 0 2
75 39 0 2
76 39 0 2
77 39 0 2
78 39 0 2
79 39 0 1
80 39 0 1
81 39 0 1
82 39 0 2
83 39 0 2
84 39 0 2
85 39 0 2
86 39 0 2
87 39 0 2
102 39 0 2
103 39 0 2
104 39 0 2
105 39 0 2
106 39 0 2
107 39 0 2
108 39 0 2
109 39 0 2
110 39 0 2
111 39 0 2
112 39 0 2
113 39 0 1
114 39 0 1
115 39 0 1
116 39 0 1
117 39 0 1
118 39 0 1
228 39 0 1
236 39 0 1
237 39 0 1
238 39 0 1
239 39 0 1
240 39 0 2
241 39 0 2
73 38 0 2
74 38 0 2
75 38 0 2
76 38 0 1
77 38 0 1
78 38 0 1
79 38 0 1
80 38 0 1
81 38 0 1
82 38 0 1
83 38 0 1
84 38 0 1
85 38 0 1
86 38 0 1
87 38 0 1
102 38 0 2
103 38 0 2
104 38 0 2
105 38 0 2
106 38 0 2
107 38 0 2
108 38 0 2
109 38 0 2
110 38 0 2
111 38 0 2
112 38 0 2
113 38 0 2
114 38 0 2
115 38 0 1
116 38 0 1
117 38 0 1
118 38 0 1
228 38 0 1
229 38 0 1
235 38 0 1
236 38 0 1
237 38 0 1
238 38 0 1
239 38 0 2
240 38 0 2
241 38 0 2
242 38 0 2
73 37 0 1
74 37 0 1
75 37 0 1
76 37 0 1
77 37 0 1
78 37 0 1
79 37 0 1
81 37 0 1
82 37 0 1
83 37 0 1
84 37 0 1
85 37 0 1
86 37 0 1
87 37 0 1
102 37 0 2
103 37 0 2
104 37 0 2
105 37 0 2
106 37 0 2
107 37 0 2
108 37 0 2
109 37 0 2
110 37 0 2
111 37 0 2
112 37 0 2
113 37 0 2
114 37 0 2
115 37 0 2
116 37 0 1
117 37 0 1
118 37 0 1
148 37 0 1
149 37 0 2
150 37 0 2
151 37 0 2
152 37 0 2
153 37 0 2
154 37 0 2
155 37 0 2
156 37 0 1
157 37 0 1
158 37 0 1
228 37 0 1
229 37 0 1
230 37 0 1
234 37 0 1
235 37 0 1
236 37 0 1
237 37 0 2
238 37 0 2
239 37 0 2
240 37 0 2
241 37 0 2
242 37 0 2
73 36 0 1
74 36 0 1
75 36 0 1
102 36 0 2
103 36 0 2
104 36 0 2
105 36 0 2
106 36 0 2
107 36 0 2
108 36 0 2
109 36 0 2
110 36 0 2
111 36 0 2
112 36 0 2
113 36 0 2
114 36 0 2
115 36 0 2
116 36 0 2
117 36 0 2
118 36 0 2
148 36 0 1
149 36 0 2
150 36 0 2
151 36 0 2
152 36 0 2
153 36 0 2
154 36 0 2
155 36 0 2
156 36 0 1
157 36 0 1
158 36 0 1
159 36 0 2
228 36 0 2
229 36 0 1
230 36 0 1
231 36 0 1
232 36 0 1
233 36 0 1
234 36 0 1
235 36 0 1
236 36 0 2
237 36 0 2
238 36 0 2
239 36 0 2
240 36 0 2
241 36 0 2
242 36 0 2
243 36 0 2
102 35 0 2
103 35 0 2
104 35 0 2
105 35 0 2
106 35 0 2
107 35 0 2
108 35 0 2
109 35 0 2
110 35 0 2
111 35 0 2
112 35 0 2
113 35 0 2
114 35 0 2
115 35 0 2
116 35 0 2
117 35 0 2
118 35 0 2
148 35 0 1
149 35 0 1
150 35 0 2
151 35 0 2
152 35 0 2
153 35 0 2
154 35 0 2
155 35 0 2
156 35 0 1
157 35 0 1
158 35 0 2
159 35 0 2
160 35 0 2
228 35 0 2
229 35 0 2
230 35 0 1
231 35 0 1
232 35 0 1
233 35 0 1
234 35 0 1
235 35 0 1
236 35 0 2
237 35 0 2
238 35 0 2
239 35 0 2
240 35 0 2
241 35 0 2
242 35 0 2
243 35 0 2
35 34 0 1
36 34 0 1
37 34 0 1
38 34 0 2
39 34 0 2
40 34 0 2
41 34 0 2
42 34 0 2
43 34 0 1
44 34 0 1
45 34 0 1
46 34 0 1
102 34 0 2
103 34 0 2
104 34 0 2
105 34 0 2
106 34 0 2
107 34 0 2
108 34 0 2
109 34 0 2
110 34 0 2
111 34 0 2
112 34 0 2
113 34 0 2
114 34 0 2
115 34 0 2
116 34 0 2
117 34 0 2
118 34 0 2
148 34 0 1
149 34 0 1
150 34 0 2
151 34 0 2
152 34 0 2
153 34 0 2
154 34 0 2
155 34 0 2
156 34 0 2
157 34 0 2
158 34 0 2
159 34 0 2
160 34 0 2
161 34 0 2
228 34 0 2
229 34 0 2
230 34 0 2
231 34 0 2
232 34 0 2
233 34 0 2
234 34 0 2
235 34 0 2
236 34 0 2
237 34 0 2
238 34 0 2
239 34 0 2
240 34 0 2
241 34 0 2
242 34 0 2
243 34 0 2
34 33 0 1
35 33 0 1
36 33 0 2
37 33 0 2
38 33 0 2
39 33 0 2
40 33 0 2
41 33 0 2
42 33 0 2
43 33 0 2
44 33 0 1
45 33 0 1
46 33 0 2
102 33 0 2
103 33 0 2
104 33 0 2
105 33 0 2
106 33 0 2
107 33 0 2
108 33 0 2
109 33 0 2
110 33 0 2
111 33 0 2
112 33 0 2
113 33 0 2
114 33 0 2
115 33 0 2
116 33 0 2
117 33 0 2
118 33 0 2
148 33 0 1
149 33 0 1
150 33 0 2
151 33 0 2
152 33 0 2
153 33 0 2
154 33 0 2
155 33 0 2
156 33 0 2
157 33 0 2
158 33 0 2
159 33 0 2
160 33 0 2
161 33 0 2
228 33 0 2
229 33 0 2
230 33 0 2
231 33 0 2
232 33 0 2
233 33 0 2
234 33 0 2
235 33 0 2
236 33 0 2
237 33 0 2
238 33 0 2
239 33 0 2
240 33 0 2
241 33 0 2
242 33 0 2
243 33 0 1
33 32 0 1
34 32 0 1
35 32 0 1
36 32 0 2
37 32 0 2
38 32 0 2
39 32 0 2
40 32 0 2
41 32 0 2
42 32 0 2
43 32 0 2
44 32 0 2
45 32 0 2
46 32 0 2
102 32 0 2
103 32 0 2
104 32 0 2
105 32 0 2
106 32 0 2
107 32 0 2
108 32 0 2
109 32 0 2
110 32 0 2
111 32 0 2
112 32 0 2
113 32 0 2
114 32 0 2
115 32 0 2
116 32 0 2
117 32 0 2
118 32 0 2
148 32 0 1
149 32 0 1
150 32 0 2
151 32 0 2
152 32 0 2
153 32 0 2
154 32 0 2
155 32 0 2
156 32 0 2
157 32 0 2
158 32 0 2
159 32 0 2
160 32 0 2
161 32 0 2
228 32 0 2
229 32 0 2
230 32 0 2
231 32 0 2
232 32 0 2
233 32 0 2
234 32 0 2
235 32 0 2
236 32 0 2
237 32 0 2
238 32 0 2
239 32 0 2
240 32 0 2
241 32 0 2
242 32 0 2
243 32 0 1
32 31 0 1
33 31 0 1
34 31 0 2
35 31 0 2
36 31 0 2
37 31 0 2
38 31 0 2
39 31 0 2
40 31 0 2
41 31 0 2
42 31 0 2
43 31 0 2
44 31 0 2
45 31 0 2
46 31 0 2
102 31 0 1
103 31 0 1
104 31 0 1
105 31 0 1
106 31 0 1
107 31 0 1
108 31 0 2
109 31 0 2
110 31 0 2
111 31 0 2
112 31 0 2
113 31 0 2
114 31 0 2
115 31 0 2
116 31 0 2
117 31 0 2
118 31 0 2
147 31 0 1
148 31 0 1
149 31 0 1
150 31 0 2
151 31 0 2
152 31 0 2
153 31 0 2
154 31 0 2
155 31 0 2
156 31 0 2
157 31 0 2
158 31 0 2
159 31 0 2
160 31 0 2
161 31 0 2
228 31 0 2
229 31 0 2
230 31 0 2
231 31 0 2
232 31 0 2
233 31 0 2
234 31 0 2
235 31 0 2
236 31 0 2
237 31 0 2
238 31 0 2
239 31 0 2
240 31 0 2
241 31 0 2
242 31 0 1
243 31 0 1
32 30 0 1
33 30 0 1
34 30 0 2
35 30 0 2
36 30 0 2
37 30 0 2
38 30 0 2
39 30 0 2
40 30 0 2
41 30 0 2
42 30 0 2
43 30 0 2
44 30 0 2
45 30 0 2
46 30 0 2
102 30 0 1
103 30 0 1
104 30 0 1
105 30 0 1
106 30 0 1
107 30 0 1
108 30 0 1
109 30 0 2
110 30 0 2
111 30 0 2
112 30 0 2
113 30 0 2
114 30 0 2
115 30 0 2
116 30 0 2
117 30 0 2
147 30 0 1
148 30 0 1
149 30 0 2
150 30 0 2
151 30 0 2
152 30 0 2
153 30 0 2
154 30 0 2
155 30 0 2
156 30 0 2
157 30 0 2
158 30 0 2
159 30 0 2
160 30 0 2
161 30 0 2
228 30 0 2
229 30 0 2
230 30 0 2
231 30 0 2
232 30 0 2
233 30 0 2
234 30 0 2
235 30 0 2
236 30 0 2
237 30 0 2
238 30 0 2
239 30 0 2
240 30 0 2
241 30 0 1
242 30 0 1
243 30 0 1
31 29 0 1
32 29 0 2
33 29 0 2
34 29 0 2
35 29 0 2
36 29 0 2
37 29 0 2
38 29 0 2
39 29 0 2
40 29 0 2
41 29 0 2
42 29 0 2
43 29 0 2
44 29 0 2
45 29 0 2
46 29 0 2
103 29 0 1
104 29 0 1
105 29 0 1
106 29 0 1
107 29 0 1
108 29 0 1
109 29 0 1
110 29 0 1
111 29 0 1
112 29 0 1
113 29 0 2
114 29 0 2
115 29 0 2
116 29 0 2
117 29 0 2
147 29 0 2
148 29 0 2
149 29 0 2
150 29 0 2
151 29 0 2
152 29 0 2
153 29 0 2
154 29 0 2
155 29 0 2
156 29 0 2
157 29 0 2
158 29 0 2
159 29 0 2
160 29 0 2
161 29 0 2
228 29 0 2
229 29 0 2
230 29 0 2
231 29 0 2
232 29 0 2
233 29 0 2
234 29 0 2
235 29 0 2
236 29 0 2
237 29 0 2
238 29 0 2
239 29 0 2
240 29 0 1
241 29 0 1
242 29 0 1
31 28 0 1
32 28 0 2
33 28 0 2
34 28 0 2
35 28 0 2
36 28 0 2
37 28 0 2
38 28 0 2
39 28 0 2
40 28 0 2
41 28 0 2
42 28 0 2
43 28 0 2
44 28 0 2
45 28 0 2
46 28 0 2
104 28 0 1
105 28 0 1
106 28 0 1
107 28 0 1
108 28 0 1
109 28 0 1
110 28 0 1
111 28 0 1
112 28 0 1
113 28 0 1
114 28 0 1
115 28 0 1
116 28 0 1
147 28 0 2
148 28 0 2
149 28 0 2
150 28 0 2
151 28 0 2
152 28 0 2
153 28 0 2
154 28 0 2
155 28 0 2
156 28 0 2
157 28 0 2
158 28 0 2
159 28 0 2
160 28 0 1
161 28 0 1
228 28 0 1
229 28 0 2
230 28 0 2
231 28 0 2
232 28 0 2
233 28 0 2
234 28 0 2
235 28 0 1
236 28 0 1
237 28 0 1
238 28 0 1
239 28 0 1
240 28 0 1
241 28 0 1
31 27 0 2
32 27 0 2
33 27 0 2
34 27 0 2
35 27 0 2
36 27 0 2
37 27 0 2
38 27 0 2
39 27 0 2
40 27 0 2
41 27 0 2
42 27 0 2
43 27 0 2
44 27 0 2
45 27 0 2
46 27 0 2
106 27 0 1
107 27 0 1
108 27 0 1
109 27 0 1
110 27 0 1
111 27 0 1
112 27 0 1
113 27 0 1
114 27 0 1
115 27 0 1
116 27 0 1
147 27 0 2
148 27 0 2
149 27 0 2
150 27 0 2
151 27 0 2
152 27 0 2
153 27 0 2
154 27 0 2
155 27 0 2
156 27 0 2
157 27 0 2
158 27 0 2
159 27 0 1
160 27 0 1
161 27 0 1
228 27 0 1
229 27 0 1
230 27 0 1
231 27 0 1
232 27 0 1
233 27 0 1
234 27 0 1
235 27 0 1
236 27 0 1
237 27 0 1
238 27 0 1
239 27 0 1
240 27 0 1
241 27 0 1
31 26 0 2
32 26 0 2
33 26 0 2
34 26 0 2
35 26 0 2
36 26 0 2
37 26 0 2
38 26 0 2
39 26 0 2
40 26 0 2
41 26 0 2
42 26 0 2
43 26 0 2
44 26 0 2
45 26 0 2
46 26 0 2
107 26 0 1
108 26 0 1
109 26 0 1
110 26 0 1
111 26 0 1
112 26 0 1
113 26 0 1
114 26 0 1
147 26 0 2
148 26 0 2
149 26 0 2
150 26 0 2
151 26 0 2
152 26 0 2
153 26 0 2
154 26 0 2
155 26 0 2
156 26 0 2
157 26 0 2
158 26 0 1
159 26 0 1
160 26 0 1
229 26 0 1
230 26 0 1
231 26 0 1
232 26 0 1
233 26 0 1
234 26 0 1
31 25 0 2
32 25 0 2
33 25 0 2
34 25 0 2
35 25 0 2
36 25 0 2
37 25 0 2
38 25 0 2
39 25 0 1
40 25 0 2
41 25 0 2
42 25 0 1
43 25 0 1
44 25 0 1
45 25 0 1
46 25 0 1
148 25 0 2
149 25 0 2
150 25 0 2
151 25 0 2
152 25 0 2
153 25 0 2
154 25 0 1
155 25 0 1
156 25 0 1
157 25 0 1
158 25 0 1
159 25 0 1
160 25 0 1
31 24 0 2
32 24 0 2
33 24 0 2
34 24 0 2
35 24 0 2
36 24 0 2
37 24 0 2
38 24 0 1
39 24 0 1
40 24 0 1
41 24 0 1
42 24 0 1
43 24 0 1
44 24 0 1
45 24 0 1
46 24 0 1
149 24 0 2
150 24 0 2
151 24 0 2
152 24 0 2
153 24 0 2
154 24 0 1
155 24 0 1
156 24 0 1
157 24 0 1
158 24 0 1
159 24 0 1
160 24 0 1
31 23 0 2
32 23 0 2
33 23 0 2
34 23 0 1
35 23 0 1
36 23 0 1
37 23 0 1
38 23 0 1
39 23 0 1
150 23 0 2
151 23 0 2
152 23 0 2
153 23 0 1
154 23 0 1
155 23 0 1
156 23 0 1
157 23 0 1
158 23 0 1
31 22 0 2
32 22 0 1
33 22 0 1
34 22 0 1
35 22 0 1
36 22 0 1
37 22 0 1
38 22 0 1
31 21 0 2
32 21 0 1
33 21 0 1
190 15 0 1
191 15 0 1
192 15 0 1
193 15 0 1
194 15 0 1
195 15 0 1
196 15 0 1
197 15 0 1
198 15 0 1
199 15 0 1
200 15 0 1
190 14 0 1
191 14 0 1
192 14 0 1
193 14 0 1
194 14 0 1
195 14 0 1
196 14 0 1
197 14 0 1
198 14 0 1
199 14 0 1
200 14 0 1
201 14 0 1
99 13 0 1
100 13 0 1
101 13 0 1
102 13 0 1
103 13 0 1
189 13 0 1
190 13 0 1
191 13 0 1
192 13 0 1
193 13 0 1
194 13 0 1
195 13 0 1
196 13 0 2
197 13 0 2
198 13 0 2
199 13 0 2
200 13 0 2
201 13 0 2
97 12 0 1
98 12 0 1
99 12 0 1
100 12 0 1
101 12 0 1
102 12 0 1
103 12 0 1
104 12 0 1
126 12 0 1
127 12 0 1
189 12 0 2
190 12 0 2
191 12 0 2
192 12 0 2
193 12 0 2
194 12 0 2
195 12 0 2
196 12 0 2
197 12 0 2
198 12 0 2
199 12 0 2
200 12 0 2
201 12 0 2
202 12 0 2
229 12 0 1
230 12 0 1
231 12 0 1
232 12 0 1
233 12 0 1
95 11 0 1
96 11 0 1
97 11 0 1
98 11 0 1
99 11 0 1
100 11 0 1
101 11 0 1
102 11 0 1
103 11 0 1
104 11 0 1
123 11 0 1
124 11 0 1
125 11 0 1
126 11 0 1
127 11 0 1
128 11 0 1
188 11 0 2
189 11 0 2
190 11 0 2
191 11 0 2
192 11 0 2
193 11 0 2
194 11 0 2
195 11 0 2
196 11 0 2
197 11 0 2
198 11 0 2
199 11 0 2
200 11 0 2
201 11 0 2
202 11 0 2
228 11 0 1
229 11 0 1
230 11 0 1
231 11 0 1
232 11 0 1
233 11 0 1
234 11 0 1
235 11 0 1
93 10 0 1
94 10 0 1
95 10 0 1
96 10 0 1
97 10 0 1
98 10 0 1
99 10 0 1
100 10 0 1
101 10 0 1
102 10 0 2
103 10 0 2
104 10 0 2
122 10 0 1
123 10 0 1
124 10 0 1
125 10 0 1
126 10 0 2
127 10 0 2
128 10 0 1
129 10 0 1
130 10 0 1
131 10 0 1
132 10 0 1
133 10 0 1
187 10 0 2
188 10 0 2
189 10 0 2
190 10 0 2
191 10 0 2
192 10 0 2
193 10 0 2
194 10 0 2
195 10 0 2
196 10 0 2
197 10 0 2
198 10 0 2
199 10 0 2
200 10 0 2
201 10 0 2
202 10 0 2
228 10 0 2
229 10 0 2
230 10 0 1
231 10 0 1
232 10 0 1
233 10 0 1
234 10 0 1
235 10 0 1
236 10 0 1
91 9 0 1
92 9 0 1
93 9 0 1
94 9 0 1
95 9 0 1
96 9 0 1
97 9 0 1
98 9 0 1
99 9 0 2
100 9 0 2
101 9 0 2
102 9 0 2
103 9 0 2
104 9 0 2
122 9 0 2
123 9 0 2
124 9 0 2
125 9 0 2
126 9 0 2
127 9 0 2
128 9 0 1
129 9 0 1
130 9 0 1
131 9 0 1
132 9 0 1
133 9 0 1
134 9 0 1
135 9 0 1
187 9 0 2
188 9 0 2
189 9 0 2
190 9 0 2
191 9 0 2
192 9 0 2
193 9 0 2
194 9 0 2
195 9 0 2
196 9 0 2
197 9 0 2
198 9 0 2
199 9 0 2
200 9 0 2
201 9 0 2
202 9 0 2
227 9 0 2
228 9 0 2
229 9 0 2
230 9 0 2
231 9 0 1
232 9 0 1
233 9 0 1
234 9 0 1
235 9 0 1
236 9 0 1
237 9 0 1
90 8 0 1
91 8 0 1
92 8 0 1
93 8 0 1
94 8 0 1
95 8 0 1
96 8 0 1
97 8 0 2
98 8 0 2
99 8 0 2
100 8 0 2
101 8 0 2
102 8 0 2
103 8 0 2
104 8 0 2
122 8 0 2
123 8 0 2
124 8 0 2
125 8 0 2
126 8 0 2
127 8 0 2
128 8 0 2
129 8 0 2
130 8 0 2
131 8 0 2
132 8 0 2
133 8 0 2
134 8 0 1
135 8 0 1
136 8 0 1
187 8 0 2
188 8 0 2
189 8 0 2
190 8 0 2
191 8 0 2
192 8 0 2
193 8 0 2
194 8 0 2
195 8 0 2
196 8 0 2
197 8 0 2
198 8 0 2
199 8 0 2
200 8 0 2
201 8 0 2
202 8 0 2
227 8 0 2
228 8 0 2
229 8 0 2
230 8 0 2
231 8 0 2
232 8 0 2
233 8 0 2
234 8 0 1
235 8 0 1
236 8 0 1
237 8 0 1
238 8 0 1
89 7 0 1
90 7 0 1
91 7 0 1
92 7 0 1
93 7 0 1
94 7 0 1
95 7 0 2
96 7 0 2
97 7 0 2
98 7 0 2
99 7 0 2
100 7 0 2
101 7 0 2
102 7 0 2
103 7 0 2
104 7 0 2
122 7 0 2
123 7 0 2
124 7 0 2
125 7 0 2
126 7 0 2
127 7 0 2
128 7 0 2
129 7 0 2
130 7 0 2
131 7 0 2
132 7 0 2
133 7 0 2
134 7 0 2
135 7 0 2
136 7 0 2
187 7 0 2
188 7 0 2
189 7 0 2
190 7 0 2
191 7 0 2
192 7 0 2
193 7 0 2
194 7 0 2
195 7 0 2
196 7 0 2
197 7 0 2
198 7 0 2
199 7 0 2
200 7 0 2
201 7 0 2
202 7 0 2
227 7 0 2
228 7 0 2
229 7 0 2
230 7 0 2
231 7 0 2
232 7 0 2
233 7 0 2
234 7 0 2
235 7 0 2
236 7 0 1
237 7 0 1
238 7 0 1
89 6 0 1
90 6 0 1
91 6 0 1
92 6 0 1
93 6 0 2
94 6 0 2
95 6 0 2
96 6 0 2
97 6 0 2
98 6 0 2
99 6 0 2
100 6 0 2
101 6 0 2
102 6 0 2
103 6 0 2
104 6 0 2
122 6 0 2
123 6 0 2
124 6 0 2
125 6 0 2
126 6 0 2
127 6 0 2
128 6 0 2
129 6 0 2
130 6 0 2
131 6 0 2
132 6 0 2
133 6 0 2
134 6 0 2
135 6 0 2
136 6 0 2
187 6 0 2
188 6 0 2
189 6 0 2
190 6 0 2
191 6 0 2
192 6 0 2
193 6 0 2
194 6 0 2
195 6 0 2
196 6 0 2
197 6 0 2
198 6 0 2
199 6 0 2
200 6 0 2
201 6 0 2
227 6 0 2
228 6 0 2
229 6 0 2
230 6 0 2
231 6 0 2
232 6 0 2
233 6 0 2
234 6 0 2
235 6 0 2
236 6 0 1
237 6 0 1
238 6 0 1
239 6 0 1
89 5 0 1
90 5 0 1
91 5 0 2
92 5 0 2
93 5 0 2
94 5 0 2
95 5 0 2
96 5 0 2
97 5 0 2
98 5 0 2
99 5 0 2
100 5 0 2
101 5 0 2
102 5 0 2
103 5 0 2
104 5 0 2
122 5 0 2
123 5 0 2
124 5 0 2
125 5 0 2
126 5 0 2
127 5 0 2
128 5 0 2
129 5 0 2
130 5 0 2
131 5 0 2
132 5 0 2
133 5 0 2
134 5 0 2
135 5 0 2
136 5 0 2
188 5 0 2
189 5 0 2
190 5 0 2
191 5 0 2
192 5 0 2
193 5 0 1
194 5 0 1
195 5 0 1
196 5 0 1
197 5 0 1
198 5 0 1
199 5 0 1
200 5 0 1
201 5 0 1
227 5 0 2
228 5 0 2
229 5 0 2
230 5 0 2
231 5 0 2
232 5 0 2
233 5 0 2
234 5 0 2
235 5 0 2
236 5 0 2
237 5 0 1
238 5 0 1
239 5 0 1
89 4 0 2
90 4 0 2
91 4 0 2
92 4 0 2
93 4 0 2
94 4 0 2
95 4 0 2
96 4 0 2
97 4 0 2
98 4 0 2
99 4 0 2
100 4 0 2
101 4 0 2
102 4 0 2
103 4 0 2
104 4 0 2
122 4 0 2
123 4 0 2
124 4 0 2
125 4 0 2
126 4 0 2
127 4 0 2
128 4 0 2
129 4 0 2
130 4 0 2
131 4 0 2
132 4 0 2
133 4 0 2
134 4 0 2
135 4 0 2
136 4 0 2
189 4 0 1
190 4 0 1
191 4 0 1
192 4 0 1
193 4 0 1
194 4 0 1
195 4 0 1
196 4 0 1
197 4 0 1
198 4 0 1
199 4 0 1
200 4 0 1
227 4 0 1
228 4 0 2
229 4 0 2
230 4 0 2
231 4 0 2
232 4 0 2
233 4 0 2
234 4 0 2
235 4 0 2
236 4 0 2
237 4 0 2
238 4 0 2
239 4 0 2
89 3 0 2
90 3 0 2
91 3 0 2
92 3 0 2
93 3 0 2
94 3 0 2
95 3 0 2
96 3 0 2
97 3 0 2
98 3 0 2
99 3 0 2
100 3 0 1
101 3 0 2
102 3 0 2
103 3 0 1
104 3 0 1
122 3 0 1
123 3 0 1
124 3 0 1
125 3 0 1
126 3 0 1
127 3 0 2
128 3 0 2
129 3 0 2
130 3 0 2
131 3 0 2
132 3 0 2
133 3 0 2
134 3 0 2
135 3 0 2
136 3 0 2
227 3 0 1
228 3 0 1
229 3 0 1
230 3 0 2
231 3 0 2
232 3 0 2
233 3 0 2
234 3 0 2
235 3 0 2
236 3 0 2
237 3 0 2
238 3 0 2
239 3 0 2
89 2 0 2
90 2 0 2
91 2 0 2
92 2 0 2
93 2 0 2
94 2 0 2
95 2 0 2
96 2 0 2
97 2 0 1
98 2 0 1
99 2 0 1
100 2 0 1
101 2 0 1
102 2 0 1
103 2 0 1
104 2 0 1
123 2 0 1
124 2 0 1
125 2 0 1
126 2 0 1
127 2 0 1
128 2 0 1
129 2 0 1
130 2 0 1
131 2 0 1
132 2 0 1
133 2 0 1
134 2 0 2
135 2 0 2
227 2 0 1
228 2 0 1
229 2 0 1
230 2 0 1
231 2 0 1
232 2 0 1
233 2 0 2
234 2 0 2
235 2 0 2
236 2 0 2
237 2 0 2
238 2 0 2
239 2 0 2
90 1 0 2
91 1 0 2
92 1 0 2
93 1 0 2
94 1 0 2
95 1 0 2
96 1 0 2
97 1 0 1
98 1 0 1
99 1 0 1
100 1 0 1
101 1 0 1
102 1 0 1
103 1 0 1
127 1 0 1
128 1 0 1
129 1 0 1
130 1 0 1
131 1 0 1
132 1 0 1
133 1 0 1
134 1 0 1
228 1 0 1
229 1 0 1
230 1 0 1
231 1 0 1
232 1 0 1
233 1 0 1
234 1 0 2
235 1 0 2
236 1 0 2
237 1 0 2
238 1 0 2
91 0 0 2
92 0 0 2
93 0 0 2
94 0 0 1
95 0 0 1
96 0 0 1
97 0 0 1
98 0 0 1
99 0 0 1
100 0 0 1
230 0 0 1
231 0 0 1
232 0 0 1
233 0 0 1
234 0 0 1
235 0 0 1
236 0 0 2
237 0 0 2
