69 246 0 1
70 246 0 1
71 246 0 1
72 246 0 1
68 245 0 1
69 245 0 1
70 245 0 1
71 245 0 1
72 245 0 1
73 245 0 1
67 244 0 1
68 244 0 1
69 244 0 1
70 244 0 1
71 244 0 1
72 244 0 1
73 244 0 1
74 244 0 1
66 243 0 1
67 243 0 1
68 243 0 1
69 243 0 1
70 243 0 1
71 243 0 1
72 243 0 1
73 243 0 1
74 243 0 1
75 243 0 1
66 242 0 1
67 242 0 1
68 242 0 1
69 242 0 1
70 242 0 1
71 242 0 1
72 242 0 1
73 242 0 1
74 242 0 1
75 242 0 1
66 241 0 1
67 241 0 1
68 241 0 1
69 241 0 1
70 241 0 1
71 241 0 1
72 241 0 1
73 241 0 1
74 241 0 1
75 241 0 1
66 240 0 1
67 240 0 1
68 240 0 1
69 240 0 1
70 240 0 1
71 240 0 1
72 240 0 1
73 240 0 1
74 240 0 1
75 240 0 1
66 239 0 1
67 239 0 1
68 239 0 1
69 239 0 1
70 239 0 1
71 239 0 1
72 239 0 1
73 239 0 1
74 239 0 1
75 239 0 1
67 238 0 1
68 238 0 1
69 238 0 1
70 238 0 1
71 238 0 1
72 238 0 1
73 238 0 1
74 238 0 1
29 237 0 1
30 237 0 1
31 237 0 1
32 237 0 1
68 237 0 1
69 237 0 1
70 237 0 1
71 237 0 1
72 237 0 1
73 237 0 1
28 236 0 1
29 236 0 1
30 236 0 1
31 236 0 1
32 236 0 1
33 236 0 1
69 236 0 1
70 236 0 1
71 236 0 1
72 236 0 1
27 235 0 1
28 235 0 1
29 235 0 1
30 235 0 1
31 235 0 1
32 235 0 1
33 235 0 1
34 235 0 1
187 235 0 1
188 235 0 1
189 235 0 1
190 235 0 1
191 235 0 1
192 235 0 1
193 235 0 2
194 235 0 2
26 234 0 1
27 234 0 1
28 234 0 1
29 234 0 1
30 234 0 1
31 234 0 1
32 234 0 1
33 234 0 1
34 234 0 1
35 234 0 1
186 234 0 1
187 234 0 1
188 234 0 1
189 234 0 1
190 234 0 1
191 234 0 1
192 234 0 2
193 234 0 2
194 234 0 2
195 234 0 2
26 233 0 1
27 233 0 1
28 233 0 1
29 233 0 1
30 233 0 1
31 233 0 1
32 233 0 1
33 233 0 1
34 233 0 1
35 233 0 1
142 233 0 1
143 233 0 1
144 233 0 1
145 233 0 1
146 233 0 1
185 233 0 1
186 233 0 1
187 233 0 1
188 233 0 2
189 233 0 2
190 233 0 2
191 233 0 2
192 233 0 2
193 233 0 2
194 233 0 2
195 233 0 2
196 233 0 2
26 232 0 1
27 232 0 1
28 232 0 1
29 232 0 1
30 232 0 1
31 232 0 1
32 232 0 1
33 232 0 1
34 232 0 1
35 232 0 1
141 232 0 2
142 232 0 2
143 232 0 1
144 232 0 1
145 232 0 1
146 232 0 1
147 232 0 1
148 232 0 1
149 232 0 1
150 232 0 1
184 232 0 1
185 232 0 1
186 232 0 1
187 232 0 1
188 232 0 2
189 232 0 2
190 232 0 2
191 232 0 2
192 232 0 2
193 232 0 2
194 232 0 2
195 232 0 2
196 232 0 2
234 232 0 1
235 232 0 1
236 232 0 1
237 232 0 1
238 232 0 1
239 232 0 1
240 232 0 1
241 232 0 1
242 232 0 1
26 231 0 1
27 231 0 1
28 231 0 1
29 231 0 1
30 231 0 1
31 231 0 1
32 231 0 1
33 231 0 1
34 231 0 1
35 231 0 1
140 231 0 2
141 231 0 2
142 231 0 2
143 231 0 2
144 231 0 2
145 231 0 1
146 231 0 1
147 231 0 1
148 231 0 1
149 231 0 1
150 231 0 1
151 231 0 1
184 231 0 1
185 231 0 1
186 231 0 2
187 231 0 2
188 231 0 2
189 231 0 2
190 231 0 2
191 231 0 2
192 231 0 2
193 231 0 2
194 231 0 2
195 231 0 2
196 231 0 2
233 231 0 1
234 231 0 1
235 231 0 1
236 231 0 1
237 231 0 1
238 231 0 1
239 231 0 1
240 231 0 1
241 231 0 1
242 231 0 1
243 231 0 1
27 230 0 1
28 230 0 1
29 230 0 1
30 230 0 1
31 230 0 1
32 230 0 1
33 230 0 1
34 230 0 1
139 230 0 2
140 230 0 2
141 230 0 2
142 230 0 2
143 230 0 2
144 230 0 2
145 230 0 2
146 230 0 2
147 230 0 2
148 230 0 1
149 230 0 1
150 230 0 1
151 230 0 1
152 230 0 1
184 230 0 2
185 230 0 2
186 230 0 2
187 230 0 2
188 230 0 2
189 230 0 2
190 230 0 2
191 230 0 2
192 230 0 2
193 230 0 2
194 230 0 2
195 230 0 2
196 230 0 1
232 230 0 2
233 230 0 2
234 230 0 2
235 230 0 1
236 230 0 1
237 230 0 1
238 230 0 1
239 230 0 1
240 230 0 1
241 230 0 1
242 230 0 1
243 230 0 1
244 230 0 1
28 229 0 1
29 229 0 1
30 229 0 1
31 229 0 1
32 229 0 1
33 229 0 1
139 229 0 2
140 229 0 2
141 229 0 2
142 229 0 2
143 229 0 2
144 229 0 2
145 229 0 2
146 229 0 2
147 229 0 2
148 229 0 2
149 229 0 1
150 229 0 1
151 229 0 1
152 229 0 1
184 229 0 2
185 229 0 2
186 229 0 2
187 229 0 2
188 229 0 2
189 229 0 2
190 229 0 2
191 229 0 2
192 229 0 2
193 229 0 2
194 229 0 2
195 229 0 1
196 229 0 1
231 229 0 2
232 229 0 2
233 229 0 2
234 229 0 2
235 229 0 2
236 229 0 2
237 229 0 2
238 229 0 2
239 229 0 2
240 229 0 2
241 229 0 2
242 229 0 2
243 229 0 2
244 229 0 2
245 229 0 2
29 228 0 1
30 228 0 1
31 228 0 1
32 228 0 1
139 228 0 2
140 228 0 2
141 228 0 2
142 228 0 2
143 228 0 2
144 228 0 2
145 228 0 2
146 228 0 2
147 228 0 2
148 228 0 2
149 228 0 2
150 228 0 1
151 228 0 1
152 228 0 1
184 228 0 2
185 228 0 2
186 228 0 2
187 228 0 2
188 228 0 2
189 228 0 2
190 228 0 2
191 228 0 2
192 228 0 2
193 228 0 1
194 228 0 1
195 228 0 1
196 228 0 1
231 228 0 2
232 228 0 2
233 228 0 2
234 228 0 2
235 228 0 2
236 228 0 2
237 228 0 2
238 228 0 2
239 228 0 2
240 228 0 2
241 228 0 2
242 228 0 2
243 228 0 2
244 228 0 2
245 228 0 2
68 227 0 1
69 227 0 1
70 227 0 1
71 227 0 1
72 227 0 2
73 227 0 2
74 227 0 2
139 227 0 2
140 227 0 2
141 227 0 2
142 227 0 2
143 227 0 2
144 227 0 2
145 227 0 2
146 227 0 2
147 227 0 2
148 227 0 2
149 227 0 2
150 227 0 2
151 227 0 2
152 227 0 2
184 227 0 2
185 227 0 2
186 227 0 2
187 227 0 2
188 227 0 2
189 227 0 2
190 227 0 2
191 227 0 2
192 227 0 1
193 227 0 1
194 227 0 1
195 227 0 1
196 227 0 1
231 227 0 2
232 227 0 2
233 227 0 2
234 227 0 2
235 227 0 2
236 227 0 2
237 227 0 2
238 227 0 2
239 227 0 2
240 227 0 2
241 227 0 2
242 227 0 2
243 227 0 2
244 227 0 2
245 227 0 2
67 226 0 1
68 226 0 1
69 226 0 1
70 226 0 1
71 226 0 1
72 226 0 2
73 226 0 2
74 226 0 2
75 226 0 2
109 226 0 1
110 226 0 1
111 226 0 1
112 226 0 1
113 226 0 1
139 226 0 2
140 226 0 2
141 226 0 2
142 226 0 2
143 226 0 2
144 226 0 2
145 226 0 2
146 226 0 2
147 226 0 2
148 226 0 2
149 226 0 2
150 226 0 2
151 226 0 2
152 226 0 2
184 226 0 2
185 226 0 2
186 226 0 2
187 226 0 2
188 226 0 2
189 226 0 2
190 226 0 1
191 226 0 1
192 226 0 1
193 226 0 1
194 226 0 1
195 226 0 1
231 226 0 2
232 226 0 2
233 226 0 2
234 226 0 2
235 226 0 2
236 226 0 2
237 226 0 2
238 226 0 2
239 226 0 2
240 226 0 2
241 226 0 2
242 226 0 2
243 226 0 2
244 226 0 2
245 226 0 2
66 225 0 1
67 225 0 1
68 225 0 1
69 225 0 2
70 225 0 2
71 225 0 2
72 225 0 2
73 225 0 2
74 225 0 2
75 225 0 2
108 225 0 1
109 225 0 1
110 225 0 1
111 225 0 1
112 225 0 1
113 225 0 1
114 225 0 1
139 225 0 1
140 225 0 2
141 225 0 2
142 225 0 2
143 225 0 2
144 225 0 2
145 225 0 2
146 225 0 2
147 225 0 2
148 225 0 2
149 225 0 2
150 225 0 2
151 225 0 2
152 225 0 2
185 225 0 2
186 225 0 2
187 225 0 2
188 225 0 1
189 225 0 1
190 225 0 1
191 225 0 1
192 225 0 1
193 225 0 1
194 225 0 1
231 225 0 2
232 225 0 2
233 225 0 2
234 225 0 2
235 225 0 2
236 225 0 2
237 225 0 2
238 225 0 2
239 225 0 2
240 225 0 2
241 225 0 2
242 225 0 2
243 225 0 2
244 225 0 2
245 225 0 2
66 224 0 1
67 224 0 2
68 224 0 2
69 224 0 2
70 224 0 2
71 224 0 2
72 224 0 2
73 224 0 2
74 224 0 2
75 224 0 2
76 224 0 2
107 224 0 1
108 224 0 1
109 224 0 1
110 224 0 1
111 224 0 1
112 224 0 1
113 224 0 1
114 224 0 1
115 224 0 1
139 224 0 1
140 224 0 1
141 224 0 2
142 224 0 2
143 224 0 2
144 224 0 2
145 224 0 2
146 224 0 2
147 224 0 2
148 224 0 2
149 224 0 2
150 224 0 2
151 224 0 2
152 224 0 2
186 224 0 2
187 224 0 1
188 224 0 1
189 224 0 1
190 224 0 1
191 224 0 1
192 224 0 1
231 224 0 2
232 224 0 2
233 224 0 2
234 224 0 2
235 224 0 2
236 224 0 2
237 224 0 2
238 224 0 2
239 224 0 2
240 224 0 2
241 224 0 2
242 224 0 2
243 224 0 2
244 224 0 2
245 224 0 2
66 223 0 2
67 223 0 2
68 223 0 2
69 223 0 2
70 223 0 2
71 223 0 2
72 223 0 2
73 223 0 2
74 223 0 2
75 223 0 2
76 223 0 2
106 223 0 1
107 223 0 1
108 223 0 1
109 223 0 1
110 223 0 1
111 223 0 1
112 223 0 1
113 223 0 1
114 223 0 1
115 223 0 1
116 223 0 1
139 223 0 1
140 223 0 1
141 223 0 1
142 223 0 1
143 223 0 1
144 223 0 2
145 223 0 2
146 223 0 2
147 223 0 2
148 223 0 2
149 223 0 2
150 223 0 2
151 223 0 2
152 223 0 2
231 223 0 2
232 223 0 2
233 223 0 2
234 223 0 2
235 223 0 2
236 223 0 2
237 223 0 2
238 223 0 2
239 223 0 2
240 223 0 2
241 223 0 2
242 223 0 2
243 223 0 2
244 223 0 2
245 223 0 2
66 222 0 2
67 222 0 2
68 222 0 2
69 222 0 2
70 222 0 2
71 222 0 2
72 222 0 2
73 222 0 2
74 222 0 2
75 222 0 2
76 222 0 2
106 222 0 1
107 222 0 1
108 222 0 1
109 222 0 1
110 222 0 1
111 222 0 1
112 222 0 1
113 222 0 1
114 222 0 1
115 222 0 1
116 222 0 1
140 222 0 1
141 222 0 1
142 222 0 1
143 222 0 1
144 222 0 1
145 222 0 1
146 222 0 1
147 222 0 1
148 222 0 2
149 222 0 2
150 222 0 2
151 222 0 2
231 222 0 1
232 222 0 2
233 222 0 2
234 222 0 2
235 222 0 2
236 222 0 2
237 222 0 2
238 222 0 2
239 222 0 2
240 222 0 2
241 222 0 2
242 222 0 2
243 222 0 2
244 222 0 2
245 222 0 2
66 221 0 2
67 221 0 2
68 221 0 2
69 221 0 2
70 221 0 2
71 221 0 2
72 221 0 2
73 221 0 2
74 221 0 2
75 221 0 2
76 221 0 2
106 221 0 1
107 221 0 1
108 221 0 1
109 221 0 1
110 221 0 1
111 221 0 1
112 221 0 1
113 221 0 1
114 221 0 1
115 221 0 1
116 221 0 1
141 221 0 1
142 221 0 1
143 221 0 1
144 221 0 1
145 221 0 1
146 221 0 1
147 221 0 1
148 221 0 1
149 221 0 1
150 221 0 2
231 221 0 1
232 221 0 1
233 221 0 1
234 221 0 2
235 221 0 1
236 221 0 2
237 221 0 2
238 221 0 2
239 221 0 2
240 221 0 2
241 221 0 2
242 221 0 1
243 221 0 1
244 221 0 1
245 221 0 1
66 220 0 2
67 220 0 2
68 220 0 2
69 220 0 2
70 220 0 2
71 220 0 2
72 220 0 2
73 220 0 2
74 220 0 2
75 220 0 2
76 220 0 2
106 220 0 1
107 220 0 1
108 220 0 1
109 220 0 1
110 220 0 1
111 220 0 1
112 220 0 1
113 220 0 1
114 220 0 1
115 220 0 1
116 220 0 1
145 220 0 1
146 220 0 1
147 220 0 1
148 220 0 1
149 220 0 1
232 220 0 1
233 220 0 1
234 220 0 1
235 220 0 1
236 220 0 1
237 220 0 1
238 220 0 1
239 220 0 1
240 220 0 1
241 220 0 1
242 220 0 1
243 220 0 1
244 220 0 1
66 219 0 2
67 219 0 2
68 219 0 2
69 219 0 2
70 219 0 2
71 219 0 2
72 219 0 2
73 219 0 2
74 219 0 2
75 219 0 2
76 219 0 2
106 219 0 1
107 219 0 1
108 219 0 1
109 219 0 1
110 219 0 1
111 219 0 1
112 219 0 1
113 219 0 1
114 219 0 1
115 219 0 1
116 219 0 1
233 219 0 1
234 219 0 1
235 219 0 1
236 219 0 1
237 219 0 1
238 219 0 1
239 219 0 1
240 219 0 1
241 219 0 1
242 219 0 1
243 219 0 1
66 218 0 2
67 218 0 2
68 218 0 2
69 218 0 2
70 218 0 2
71 218 0 2
72 218 0 2
73 218 0 2
74 218 0 2
75 218 0 2
76 218 0 2
106 218 0 1
107 218 0 1
108 218 0 1
109 218 0 1
110 218 0 1
111 218 0 1
112 218 0 1
113 218 0 1
114 218 0 1
115 218 0 1
116 218 0 1
66 217 0 2
67 217 0 2
68 217 0 2
69 217 0 2
70 217 0 2
71 217 0 2
72 217 0 2
73 217 0 2
74 217 0 2
75 217 0 2
107 217 0 1
108 217 0 1
109 217 0 1
110 217 0 1
111 217 0 1
112 217 0 1
113 217 0 1
114 217 0 1
115 217 0 1
66 216 0 1
67 216 0 1
68 216 0 1
69 216 0 1
70 216 0 1
71 216 0 2
72 216 0 2
73 216 0 2
74 216 0 2
75 216 0 2
108 216 0 1
109 216 0 1
110 216 0 1
111 216 0 1
112 216 0 1
113 216 0 1
114 216 0 1
67 215 0 1
68 215 0 1
69 215 0 1
70 215 0 1
71 215 0 1
72 215 0 1
73 215 0 2
74 215 0 2
109 215 0 1
110 215 0 1
111 215 0 1
112 215 0 1
113 215 0 1
40 211 0 1
41 211 0 1
42 211 0 1
43 211 0 2
44 211 0 2
45 211 0 2
39 210 0 1
40 210 0 1
41 210 0 1
42 210 0 2
43 210 0 2
44 210 0 2
45 210 0 2
46 210 0 2
166 210 0 1
167 210 0 1
168 210 0 1
169 210 0 1
170 210 0 1
171 210 0 1
172 210 0 1
39 209 0 2
40 209 0 2
41 209 0 2
42 209 0 2
43 209 0 2
44 209 0 2
45 209 0 2
46 209 0 2
47 209 0 2
165 209 0 1
166 209 0 1
167 209 0 1
168 209 0 1
169 209 0 1
170 209 0 1
171 209 0 1
172 209 0 1
173 209 0 1
39 208 0 2
40 208 0 2
41 208 0 2
42 208 0 2
43 208 0 2
44 208 0 2
45 208 0 2
46 208 0 2
47 208 0 2
48 208 0 2
164 208 0 1
165 208 0 1
166 208 0 1
167 208 0 1
168 208 0 1
169 208 0 1
170 208 0 1
171 208 0 1
172 208 0 1
173 208 0 1
174 208 0 1
193 208 0 1
194 208 0 1
195 208 0 1
196 208 0 1
197 208 0 1
198 208 0 1
199 208 0 1
200 208 0 1
201 208 0 1
39 207 0 2
40 207 0 2
41 207 0 2
42 207 0 2
43 207 0 2
44 207 0 2
45 207 0 2
46 207 0 2
47 207 0 2
48 207 0 2
163 207 0 1
164 207 0 1
165 207 0 1
166 207 0 1
167 207 0 1
168 207 0 1
169 207 0 1
170 207 0 1
171 207 0 1
172 207 0 1
173 207 0 1
174 207 0 1
175 207 0 1
192 207 0 1
193 207 0 1
194 207 0 1
195 207 0 1
196 207 0 1
197 207 0 1
198 207 0 1
199 207 0 1
200 207 0 1
201 207 0 1
202 207 0 1
203 207 0 1
39 206 0 2
40 206 0 2
41 206 0 2
42 206 0 2
43 206 0 2
44 206 0 2
45 206 0 2
46 206 0 2
47 206 0 2
48 206 0 1
163 206 0 1
164 206 0 1
165 206 0 1
166 206 0 1
167 206 0 1
168 206 0 1
169 206 0 1
170 206 0 1
171 206 0 1
172 206 0 1
173 206 0 1
174 206 0 1
175 206 0 1
192 206 0 1
193 206 0 1
194 206 0 2
195 206 0 2
196 206 0 2
197 206 0 2
198 206 0 2
199 206 0 2
200 206 0 2
201 206 0 2
202 206 0 1
203 206 0 1
204 206 0 1
39 205 0 2
40 205 0 2
41 205 0 2
42 205 0 2
43 205 0 2
44 205 0 2
45 205 0 2
46 205 0 1
47 205 0 1
48 205 0 1
163 205 0 1
164 205 0 1
165 205 0 1
166 205 0 1
167 205 0 1
168 205 0 1
169 205 0 1
170 205 0 1
171 205 0 1
172 205 0 1
173 205 0 1
174 205 0 1
175 205 0 1
192 205 0 2
193 205 0 2
194 205 0 2
195 205 0 2
196 205 0 2
197 205 0 2
198 205 0 2
199 205 0 2
200 205 0 2
201 205 0 2
202 205 0 2
203 205 0 2
204 205 0 2
40 204 0 2
41 204 0 2
42 204 0 2
43 204 0 2
44 204 0 1
45 204 0 1
46 204 0 1
47 204 0 1
48 204 0 1
163 204 0 1
164 204 0 1
165 204 0 1
166 204 0 1
167 204 0 1
168 204 0 1
169 204 0 1
170 204 0 1
171 204 0 1
172 204 0 1
173 204 0 1
174 204 0 1
175 204 0 1
192 204 0 2
193 204 0 2
194 204 0 2
195 204 0 2
196 204 0 2
197 204 0 2
198 204 0 2
199 204 0 2
200 204 0 2
201 204 0 2
202 204 0 2
203 204 0 2
204 204 0 2
205 204 0 2
41 203 0 2
42 203 0 2
43 203 0 1
44 203 0 1
45 203 0 1
46 203 0 1
47 203 0 1
163 203 0 1
164 203 0 1
165 203 0 1
166 203 0 1
167 203 0 1
168 203 0 1
169 203 0 1
170 203 0 1
171 203 0 1
172 203 0 1
173 203 0 1
174 203 0 1
175 203 0 1
192 203 0 2
193 203 0 2
194 203 0 2
195 203 0 2
196 203 0 2
197 203 0 2
198 203 0 2
199 203 0 2
200 203 0 2
201 203 0 2
202 203 0 2
203 203 0 2
204 203 0 2
205 203 0 2
163 202 0 1
164 202 0 1
165 202 0 1
166 202 0 1
167 202 0 1
168 202 0 1
169 202 0 1
170 202 0 1
171 202 0 1
172 202 0 1
173 202 0 1
174 202 0 1
175 202 0 1
192 202 0 2
193 202 0 2
194 202 0 2
195 202 0 2
196 202 0 2
197 202 0 2
198 202 0 2
199 202 0 2
200 202 0 2
201 202 0 2
202 202 0 2
203 202 0 2
204 202 0 2
205 202 0 2
230 202 0 1
231 202 0 1
232 202 0 1
91 201 0 1
92 201 0 1
93 201 0 1
94 201 0 1
164 201 0 1
165 201 0 1
166 201 0 1
167 201 0 1
168 201 0 1
169 201 0 1
170 201 0 1
171 201 0 1
172 201 0 1
173 201 0 1
174 201 0 1
192 201 0 2
193 201 0 2
194 201 0 2
195 201 0 2
196 201 0 2
197 201 0 2
198 201 0 2
199 201 0 2
200 201 0 2
201 201 0 2
202 201 0 2
203 201 0 2
204 201 0 2
205 201 0 2
229 201 0 1
230 201 0 1
231 201 0 1
232 201 0 1
233 201 0 1
234 201 0 1
90 200 0 1
91 200 0 1
92 200 0 1
93 200 0 1
94 200 0 1
95 200 0 1
165 200 0 1
166 200 0 1
167 200 0 1
168 200 0 1
169 200 0 1
170 200 0 1
171 200 0 1
172 200 0 1
173 200 0 1
192 200 0 2
193 200 0 2
194 200 0 2
195 200 0 2
196 200 0 2
197 200 0 2
198 200 0 2
199 200 0 2
200 200 0 2
201 200 0 2
202 200 0 2
203 200 0 2
204 200 0 2
205 200 0 2
228 200 0 2
229 200 0 2
230 200 0 2
231 200 0 2
232 200 0 2
233 200 0 1
234 200 0 1
235 200 0 1
236 200 0 1
237 200 0 1
238 200 0 1
89 199 0 1
90 199 0 1
91 199 0 1
92 199 0 1
93 199 0 1
94 199 0 1
95 199 0 1
96 199 0 1
166 199 0 1
167 199 0 1
168 199 0 1
169 199 0 1
170 199 0 1
171 199 0 1
172 199 0 1
192 199 0 2
193 199 0 2
194 199 0 2
195 199 0 2
196 199 0 2
197 199 0 2
198 199 0 2
199 199 0 2
200 199 0 2
201 199 0 2
202 199 0 2
203 199 0 2
204 199 0 2
205 199 0 2
227 199 0 2
228 199 0 2
229 199 0 2
230 199 0 2
231 199 0 2
232 199 0 2
233 199 0 2
234 199 0 2
235 199 0 2
236 199 0 1
237 199 0 1
238 199 0 1
239 199 0 1
240 199 0 1
13 198 0 1
14 198 0 1
15 198 0 1
16 198 0 1
88 198 0 1
89 198 0 1
90 198 0 1
91 198 0 1
92 198 0 1
93 198 0 1
94 198 0 1
95 198 0 1
96 198 0 1
97 198 0 1
192 198 0 2
193 198 0 2
194 198 0 2
195 198 0 2
196 198 0 2
197 198 0 2
198 198 0 2
199 198 0 2
200 198 0 2
201 198 0 2
202 198 0 2
203 198 0 2
204 198 0 2
227 198 0 2
228 198 0 2
229 198 0 2
230 198 0 2
231 198 0 2
232 198 0 2
233 198 0 2
234 198 0 2
235 198 0 2
236 198 0 2
237 198 0 2
238 198 0 1
239 198 0 1
240 198 0 1
11 197 0 1
12 197 0 1
13 197 0 1
14 197 0 1
15 197 0 1
16 197 0 1
17 197 0 1
18 197 0 1
88 197 0 1
89 197 0 1
90 197 0 1
91 197 0 1
92 197 0 1
93 197 0 1
94 197 0 1
95 197 0 1
96 197 0 1
97 197 0 1
193 197 0 2
194 197 0 2
195 197 0 2
196 197 0 1
197 197 0 1
198 197 0 1
199 197 0 1
200 197 0 1
201 197 0 1
202 197 0 1
203 197 0 1
204 197 0 1
227 197 0 2
228 197 0 2
229 197 0 2
230 197 0 2
231 197 0 2
232 197 0 2
233 197 0 2
234 197 0 2
235 197 0 2
236 197 0 2
237 197 0 2
238 197 0 2
239 197 0 2
240 197 0 2
10 196 0 1
11 196 0 1
12 196 0 1
13 196 0 1
14 196 0 1
15 196 0 1
16 196 0 1
17 196 0 1
18 196 0 1
19 196 0 1
88 196 0 1
89 196 0 1
90 196 0 1
91 196 0 1
92 196 0 1
93 196 0 1
94 196 0 1
95 196 0 1
96 196 0 1
97 196 0 1
194 196 0 1
195 196 0 1
196 196 0 1
197 196 0 1
198 196 0 1
199 196 0 1
200 196 0 1
201 196 0 1
202 196 0 1
203 196 0 1
227 196 0 2
228 196 0 2
229 196 0 2
230 196 0 2
231 196 0 2
232 196 0 2
233 196 0 2
234 196 0 2
235 196 0 2
236 196 0 2
237 196 0 2
238 196 0 2
239 196 0 2
240 196 0 2
10 195 0 1
11 195 0 1
12 195 0 1
13 195 0 1
14 195 0 1
15 195 0 1
16 195 0 1
17 195 0 1
18 195 0 1
19 195 0 1
88 195 0 1
89 195 0 1
90 195 0 1
91 195 0 1
92 195 0 1
93 195 0 1
94 195 0 1
95 195 0 1
96 195 0 1
97 195 0 1
227 195 0 2
228 195 0 2
229 195 0 2
230 195 0 2
231 195 0 2
232 195 0 2
233 195 0 2
234 195 0 2
235 195 0 2
236 195 0 2
237 195 0 2
238 195 0 2
239 195 0 2
240 195 0 2
9 194 0 1
10 194 0 1
11 194 0 1
12 194 0 1
13 194 0 1
14 194 0 1
15 194 0 1
16 194 0 1
17 194 0 1
18 194 0 1
19 194 0 1
20 194 0 1
89 194 0 1
90 194 0 1
91 194 0 1
92 194 0 1
93 194 0 1
94 194 0 1
95 194 0 1
96 194 0 1
227 194 0 2
228 194 0 2
229 194 0 2
230 194 0 2
231 194 0 2
232 194 0 2
233 194 0 2
234 194 0 2
235 194 0 2
236 194 0 2
237 194 0 2
238 194 0 2
239 194 0 2
240 194 0 2
9 193 0 1
10 193 0 1
11 193 0 1
12 193 0 1
13 193 0 1
14 193 0 1
15 193 0 1
16 193 0 1
17 193 0 1
18 193 0 1
19 193 0 1
20 193 0 1
90 193 0 1
91 193 0 1
92 193 0 1
93 193 0 1
94 193 0 1
95 193 0 1
227 193 0 1
228 193 0 1
229 193 0 1
230 193 0 2
231 193 0 2
232 193 0 2
233 193 0 2
234 193 0 2
235 193 0 2
236 193 0 2
237 193 0 2
238 193 0 2
239 193 0 2
240 193 0 2
9 192 0 1
10 192 0 1
11 192 0 1
12 192 0 1
13 192 0 1
14 192 0 1
15 192 0 1
16 192 0 1
17 192 0 1
18 192 0 1
19 192 0 1
20 192 0 1
91 192 0 1
92 192 0 1
93 192 0 1
94 192 0 1
228 192 0 1
229 192 0 1
230 192 0 1
231 192 0 2
232 192 0 2
233 192 0 2
234 192 0 2
235 192 0 2
236 192 0 2
237 192 0 2
238 192 0 2
239 192 0 2
240 192 0 2
9 191 0 1
10 191 0 1
11 191 0 1
12 191 0 1
13 191 0 1
14 191 0 1
15 191 0 1
16 191 0 1
17 191 0 1
18 191 0 1
19 191 0 1
20 191 0 1
229 191 0 1
230 191 0 1
231 191 0 1
232 191 0 1
233 191 0 1
234 191 0 1
235 191 0 2
236 191 0 2
237 191 0 1
238 191 0 2
239 191 0 2
10 190 0 1
11 190 0 1
12 190 0 1
13 190 0 1
14 190 0 1
15 190 0 1
16 190 0 1
17 190 0 1
18 190 0 1
19 190 0 1
232 190 0 1
233 190 0 1
234 190 0 1
235 190 0 1
236 190 0 1
237 190 0 1
238 190 0 1
10 189 0 1
11 189 0 1
12 189 0 1
13 189 0 1
14 189 0 1
15 189 0 1
16 189 0 1
17 189 0 1
18 189 0 1
19 189 0 1
11 188 0 1
12 188 0 1
13 188 0 1
14 188 0 1
15 188 0 1
16 188 0 1
17 188 0 1
18 188 0 1
138 188 0 1
139 188 0 1
140 188 0 1
141 188 0 1
142 188 0 1
143 188 0 1
144 188 0 1
145 188 0 1
13 187 0 1
14 187 0 1
15 187 0 1
16 187 0 1
135 187 0 1
136 187 0 1
137 187 0 1
138 187 0 1
139 187 0 1
140 187 0 1
141 187 0 1
142 187 0 1
143 187 0 2
144 187 0 2
145 187 0 2
146 187 0 2
134 186 0 1
135 186 0 1
136 186 0 1
137 186 0 1
138 186 0 1
139 186 0 2
140 186 0 2
141 186 0 2
142 186 0 2
143 186 0 2
144 186 0 2
145 186 0 2
146 186 0 2
147 186 0 2
134 185 0 1
135 185 0 1
136 185 0 2
137 185 0 2
138 185 0 2
139 185 0 2
140 185 0 2
141 185 0 2
142 185 0 2
143 185 0 2
144 185 0 2
145 185 0 2
146 185 0 2
147 185 0 2
134 184 0 2
135 184 0 2
136 184 0 2
137 184 0 2
138 184 0 2
139 184 0 2
140 184 0 2
141 184 0 2
142 184 0 2
143 184 0 2
144 184 0 2
145 184 0 2
146 184 0 2
147 184 0 2
134 183 0 2
135 183 0 2
136 183 0 2
137 183 0 2
138 183 0 2
139 183 0 2
140 183 0 2
141 183 0 2
142 183 0 2
143 183 0 2
144 183 0 2
145 183 0 2
146 183 0 2
147 183 0 2
183 183 0 1
184 183 0 1
185 183 0 1
186 183 0 1
187 183 0 1
188 183 0 1
134 182 0 2
135 182 0 2
136 182 0 2
137 182 0 2
138 182 0 2
139 182 0 2
140 182 0 2
141 182 0 2
142 182 0 2
143 182 0 2
144 182 0 2
145 182 0 2
146 182 0 2
147 182 0 2
181 182 0 1
182 182 0 1
183 182 0 1
184 182 0 1
185 182 0 1
186 182 0 1
187 182 0 1
188 182 0 1
189 182 0 1
190 182 0 1
35 181 0 1
36 181 0 1
37 181 0 1
38 181 0 1
39 181 0 2
40 181 0 2
41 181 0 2
134 181 0 2
135 181 0 2
136 181 0 2
137 181 0 2
138 181 0 2
139 181 0 2
140 181 0 2
141 181 0 2
142 181 0 2
143 181 0 2
144 181 0 2
145 181 0 2
146 181 0 2
147 181 0 1
180 181 0 1
181 181 0 1
182 181 0 1
183 181 0 1
184 181 0 1
185 181 0 1
186 181 0 1
187 181 0 1
188 181 0 1
189 181 0 1
190 181 0 1
191 181 0 1
34 180 0 1
35 180 0 1
36 180 0 1
37 180 0 2
38 180 0 2
39 180 0 2
40 180 0 2
41 180 0 2
42 180 0 2
134 180 0 2
135 180 0 2
136 180 0 2
137 180 0 2
138 180 0 2
139 180 0 2
140 180 0 2
141 180 0 2
142 180 0 2
143 180 0 2
144 180 0 2
145 180 0 1
146 180 0 1
147 180 0 1
180 180 0 1
181 180 0 1
182 180 0 1
183 180 0 1
184 180 0 1
185 180 0 1
186 180 0 1
187 180 0 1
188 180 0 1
189 180 0 1
190 180 0 1
191 180 0 1
33 179 0 2
34 179 0 2
35 179 0 2
36 179 0 2
37 179 0 2
38 179 0 2
39 179 0 2
40 179 0 2
41 179 0 2
42 179 0 2
43 179 0 2
135 179 0 2
136 179 0 2
137 179 0 2
138 179 0 2
139 179 0 2
140 179 0 2
141 179 0 2
142 179 0 2
143 179 0 1
144 179 0 1
145 179 0 1
146 179 0 1
147 179 0 1
179 179 0 1
180 179 0 1
181 179 0 1
182 179 0 1
183 179 0 1
184 179 0 1
185 179 0 1
186 179 0 1
187 179 0 1
188 179 0 1
189 179 0 1
190 179 0 1
191 179 0 1
192 179 0 1
33 178 0 2
34 178 0 2
35 178 0 2
36 178 0 2
37 178 0 2
38 178 0 2
39 178 0 2
40 178 0 2
41 178 0 2
42 178 0 2
43 178 0 2
136 178 0 2
137 178 0 2
138 178 0 1
139 178 0 1
140 178 0 1
141 178 0 1
142 178 0 1
143 178 0 1
144 178 0 1
145 178 0 1
146 178 0 1
179 178 0 1
180 178 0 1
181 178 0 1
182 178 0 1
183 178 0 1
184 178 0 1
185 178 0 1
186 178 0 1
187 178 0 1
188 178 0 1
189 178 0 1
190 178 0 1
191 178 0 1
192 178 0 1
33 177 0 2
34 177 0 2
35 177 0 2
36 177 0 2
37 177 0 2
38 177 0 2
39 177 0 2
40 177 0 2
41 177 0 2
42 177 0 2
43 177 0 2
137 177 0 1
138 177 0 1
139 177 0 1
140 177 0 1
141 177 0 1
142 177 0 1
143 177 0 1
144 177 0 1
179 177 0 1
180 177 0 1
181 177 0 1
182 177 0 1
183 177 0 1
184 177 0 1
185 177 0 1
186 177 0 1
187 177 0 1
188 177 0 1
189 177 0 1
190 177 0 1
191 177 0 1
192 177 0 1
235 177 0 2
236 177 0 2
237 177 0 1
238 177 0 1
239 177 0 1
240 177 0 1
241 177 0 1
33 176 0 2
34 176 0 2
35 176 0 2
36 176 0 2
37 176 0 2
38 176 0 2
39 176 0 2
40 176 0 2
41 176 0 2
42 176 0 2
43 176 0 1
179 176 0 1
180 176 0 1
181 176 0 1
182 176 0 1
183 176 0 1
184 176 0 1
185 176 0 1
186 176 0 1
187 176 0 1
188 176 0 1
189 176 0 1
190 176 0 1
191 176 0 1
192 176 0 1
234 176 0 2
235 176 0 2
236 176 0 2
237 176 0 2
238 176 0 1
239 176 0 1
240 176 0 1
241 176 0 1
242 176 0 1
243 176 0 1
244 176 0 1
33 175 0 2
34 175 0 2
35 175 0 2
36 175 0 2
37 175 0 2
38 175 0 2
39 175 0 2
40 175 0 2
41 175 0 1
42 175 0 1
43 175 0 1
108 175 0 2
109 175 0 2
110 175 0 2
111 175 0 2
112 175 0 2
179 175 0 1
180 175 0 1
181 175 0 1
182 175 0 1
183 175 0 1
184 175 0 1
185 175 0 1
186 175 0 1
187 175 0 1
188 175 0 1
189 175 0 1
190 175 0 1
191 175 0 1
192 175 0 1
233 175 0 2
234 175 0 2
235 175 0 2
236 175 0 2
237 175 0 2
238 175 0 2
239 175 0 2
240 175 0 2
241 175 0 2
242 175 0 1
243 175 0 1
244 175 0 1
245 175 0 1
246 175 0 1
33 174 0 2
34 174 0 2
35 174 0 2
36 174 0 2
37 174 0 2
38 174 0 2
39 174 0 1
40 174 0 1
41 174 0 1
42 174 0 1
43 174 0 1
107 174 0 2
108 174 0 2
109 174 0 2
110 174 0 2
111 174 0 2
112 174 0 2
113 174 0 2
180 174 0 1
181 174 0 1
182 174 0 1
183 174 0 1
184 174 0 1
185 174 0 1
186 174 0 1
187 174 0 1
188 174 0 1
189 174 0 1
190 174 0 1
191 174 0 1
233 174 0 2
234 174 0 2
235 174 0 2
236 174 0 2
237 174 0 2
238 174 0 2
239 174 0 2
240 174 0 2
241 174 0 2
242 174 0 2
243 174 0 1
244 174 0 1
245 174 0 1
246 174 0 1
247 174 0 1
33 173 0 2
34 173 0 2
35 173 0 1
36 173 0 1
37 173 0 1
38 173 0 1
39 173 0 1
40 173 0 1
41 173 0 1
42 173 0 1
106 173 0 2
107 173 0 2
108 173 0 2
109 173 0 2
110 173 0 2
111 173 0 2
112 173 0 2
113 173 0 2
114 173 0 2
180 173 0 1
181 173 0 1
182 173 0 1
183 173 0 1
184 173 0 1
185 173 0 1
186 173 0 1
187 173 0 1
188 173 0 1
189 173 0 1
190 173 0 1
191 173 0 1
233 173 0 2
234 173 0 2
235 173 0 2
236 173 0 2
237 173 0 2
238 173 0 2
239 173 0 2
240 173 0 2
241 173 0 2
242 173 0 2
243 173 0 2
244 173 0 2
245 173 0 1
246 173 0 1
247 173 0 1
33 172 0 1
34 172 0 1
35 172 0 1
36 172 0 1
37 172 0 1
38 172 0 1
39 172 0 1
40 172 0 1
41 172 0 1
105 172 0 2
106 172 0 2
107 172 0 2
108 172 0 2
109 172 0 2
110 172 0 2
111 172 0 2
112 172 0 2
113 172 0 2
114 172 0 2
115 172 0 2
181 172 0 1
182 172 0 1
183 172 0 1
184 172 0 1
185 172 0 1
186 172 0 1
187 172 0 1
188 172 0 1
189 172 0 1
190 172 0 1
233 172 0 2
234 172 0 2
235 172 0 2
236 172 0 2
237 172 0 2
238 172 0 2
239 172 0 2
240 172 0 2
241 172 0 2
242 172 0 2
243 172 0 2
244 172 0 2
245 172 0 2
246 172 0 2
247 172 0 1
34 171 0 1
35 171 0 1
36 171 0 1
37 171 0 1
38 171 0 1
39 171 0 1
40 171 0 1
105 171 0 2
106 171 0 2
107 171 0 2
108 171 0 2
109 171 0 2
110 171 0 2
111 171 0 2
112 171 0 2
113 171 0 2
114 171 0 2
115 171 0 2
183 171 0 1
184 171 0 1
185 171 0 1
186 171 0 1
187 171 0 1
188 171 0 1
233 171 0 2
234 171 0 2
235 171 0 2
236 171 0 2
237 171 0 2
238 171 0 2
239 171 0 2
240 171 0 2
241 171 0 2
242 171 0 2
243 171 0 2
244 171 0 2
245 171 0 2
246 171 0 2
247 171 0 1
105 170 0 2
106 170 0 2
107 170 0 2
108 170 0 2
109 170 0 2
110 170 0 2
111 170 0 2
112 170 0 2
113 170 0 2
114 170 0 2
115 170 0 2
233 170 0 1
234 170 0 1
235 170 0 2
236 170 0 2
237 170 0 2
238 170 0 2
239 170 0 2
240 170 0 2
241 170 0 2
242 170 0 2
243 170 0 2
244 170 0 2
245 170 0 2
246 170 0 2
247 170 0 2
105 169 0 2
106 169 0 2
107 169 0 2
108 169 0 2
109 169 0 2
110 169 0 2
111 169 0 2
112 169 0 2
113 169 0 2
114 169 0 2
115 169 0 2
233 169 0 1
234 169 0 1
235 169 0 2
236 169 0 2
237 169 0 2
238 169 0 2
239 169 0 2
240 169 0 2
241 169 0 2
242 169 0 2
243 169 0 2
244 169 0 2
245 169 0 2
246 169 0 2
247 169 0 2
105 168 0 2
106 168 0 2
107 168 0 2
108 168 0 2
109 168 0 2
110 168 0 2
111 168 0 2
112 168 0 2
113 168 0 2
114 168 0 2
115 168 0 2
234 168 0 1
235 168 0 1
236 168 0 2
237 168 0 2
238 168 0 2
239 168 0 2
240 168 0 2
241 168 0 2
242 168 0 2
243 168 0 2
244 168 0 2
245 168 0 2
246 168 0 2
247 168 0 2
105 167 0 2
106 167 0 2
107 167 0 2
108 167 0 2
109 167 0 2
110 167 0 2
111 167 0 2
112 167 0 2
113 167 0 2
114 167 0 2
115 167 0 2
235 167 0 1
236 167 0 1
237 167 0 1
238 167 0 1
239 167 0 2
240 167 0 1
241 167 0 2
242 167 0 2
243 167 0 2
244 167 0 2
245 167 0 2
246 167 0 2
247 167 0 2
106 166 0 2
107 166 0 2
108 166 0 1
109 166 0 1
110 166 0 1
111 166 0 1
112 166 0 1
113 166 0 1
114 166 0 1
115 166 0 1
235 166 0 1
236 166 0 1
237 166 0 1
238 166 0 1
239 166 0 1
240 166 0 1
241 166 0 1
242 166 0 1
243 166 0 2
244 166 0 2
245 166 0 2
246 166 0 2
107 165 0 1
108 165 0 1
109 165 0 1
110 165 0 1
111 165 0 1
112 165 0 1
113 165 0 1
114 165 0 1
238 165 0 1
239 165 0 1
240 165 0 1
241 165 0 1
242 165 0 1
243 165 0 1
244 165 0 2
245 165 0 2
108 164 0 1
109 164 0 1
110 164 0 1
111 164 0 1
112 164 0 1
240 164 0 1
241 164 0 1
242 164 0 1
243 164 0 1
244 164 0 1
81 160 0 1
82 160 0 1
83 160 0 1
84 160 0 1
85 160 0 1
86 160 0 1
87 160 0 1
88 160 0 1
80 159 0 1
81 159 0 1
82 159 0 1
83 159 0 1
84 159 0 1
85 159 0 1
86 159 0 2
87 159 0 2
88 159 0 2
89 159 0 2
80 158 0 1
81 158 0 1
82 158 0 2
83 158 0 2
84 158 0 2
85 158 0 2
86 158 0 2
87 158 0 2
88 158 0 2
89 158 0 2
90 158 0 2
152 158 0 1
153 158 0 1
80 157 0 2
81 157 0 2
82 157 0 2
83 157 0 2
84 157 0 2
85 157 0 2
86 157 0 2
87 157 0 2
88 157 0 2
89 157 0 2
90 157 0 2
151 157 0 2
152 157 0 1
153 157 0 1
154 157 0 1
155 157 0 1
156 157 0 1
157 157 0 1
158 157 0 1
159 157 0 1
160 157 0 1
161 157 0 1
162 157 0 1
163 157 0 1
164 157 0 1
219 157 0 1
220 157 0 1
221 157 0 1
222 157 0 1
223 157 0 1
224 157 0 1
80 156 0 2
81 156 0 2
82 156 0 2
83 156 0 2
84 156 0 2
85 156 0 2
86 156 0 2
87 156 0 2
88 156 0 2
89 156 0 2
90 156 0 2
150 156 0 2
151 156 0 2
152 156 0 2
153 156 0 1
154 156 0 1
155 156 0 1
156 156 0 1
157 156 0 1
158 156 0 1
159 156 0 1
160 156 0 1
161 156 0 1
162 156 0 1
163 156 0 1
164 156 0 2
217 156 0 1
218 156 0 1
219 156 0 1
220 156 0 1
221 156 0 1
222 156 0 1
223 156 0 1
224 156 0 1
225 156 0 1
226 156 0 1
80 155 0 2
81 155 0 2
82 155 0 2
83 155 0 2
84 155 0 2
85 155 0 2
86 155 0 2
87 155 0 2
88 155 0 2
89 155 0 2
90 155 0 2
150 155 0 2
151 155 0 2
152 155 0 2
153 155 0 2
154 155 0 2
155 155 0 1
156 155 0 1
157 155 0 1
158 155 0 1
159 155 0 1
160 155 0 1
161 155 0 2
162 155 0 2
163 155 0 2
164 155 0 2
216 155 0 1
217 155 0 1
218 155 0 1
219 155 0 1
220 155 0 1
221 155 0 1
222 155 0 1
223 155 0 1
224 155 0 1
225 155 0 1
226 155 0 1
227 155 0 1
44 154 0 1
45 154 0 1
46 154 0 1
47 154 0 1
48 154 0 1
49 154 0 1
50 154 0 1
51 154 0 1
52 154 0 1
53 154 0 1
80 154 0 2
81 154 0 2
82 154 0 2
83 154 0 2
84 154 0 2
85 154 0 2
86 154 0 2
87 154 0 2
88 154 0 2
89 154 0 2
90 154 0 2
150 154 0 2
151 154 0 2
152 154 0 2
153 154 0 2
154 154 0 2
155 154 0 2
156 154 0 2
157 154 0 2
158 154 0 2
159 154 0 2
160 154 0 2
161 154 0 2
162 154 0 2
163 154 0 2
164 154 0 2
216 154 0 1
217 154 0 1
218 154 0 1
219 154 0 1
220 154 0 1
221 154 0 1
222 154 0 1
223 154 0 1
224 154 0 1
225 154 0 1
226 154 0 1
227 154 0 1
43 153 0 1
44 153 0 1
45 153 0 1
46 153 0 1
47 153 0 1
48 153 0 1
49 153 0 1
50 153 0 1
51 153 0 1
52 153 0 1
53 153 0 1
54 153 0 1
80 153 0 2
81 153 0 2
82 153 0 2
83 153 0 2
84 153 0 2
85 153 0 2
86 153 0 2
87 153 0 2
88 153 0 2
89 153 0 2
90 153 0 2
150 153 0 2
151 153 0 2
152 153 0 2
153 153 0 2
154 153 0 2
155 153 0 2
156 153 0 2
157 153 0 2
158 153 0 2
159 153 0 2
160 153 0 2
161 153 0 2
162 153 0 2
163 153 0 2
164 153 0 2
215 153 0 1
216 153 0 1
217 153 0 1
218 153 0 1
219 153 0 1
220 153 0 1
221 153 0 1
222 153 0 1
223 153 0 1
224 153 0 1
225 153 0 1
226 153 0 1
227 153 0 1
228 153 0 1
43 152 0 1
44 152 0 1
45 152 0 1
46 152 0 2
47 152 0 2
48 152 0 2
49 152 0 2
50 152 0 2
51 152 0 2
52 152 0 2
53 152 0 2
54 152 0 2
80 152 0 2
81 152 0 2
82 152 0 2
83 152 0 2
84 152 0 2
85 152 0 2
86 152 0 2
87 152 0 2
88 152 0 1
89 152 0 1
90 152 0 1
150 152 0 2
151 152 0 2
152 152 0 2
153 152 0 2
154 152 0 2
155 152 0 2
156 152 0 2
157 152 0 2
158 152 0 2
159 152 0 2
160 152 0 2
161 152 0 2
162 152 0 2
163 152 0 2
164 152 0 2
215 152 0 1
216 152 0 1
217 152 0 1
218 152 0 1
219 152 0 1
220 152 0 1
221 152 0 1
222 152 0 1
223 152 0 1
224 152 0 1
225 152 0 1
226 152 0 1
227 152 0 1
228 152 0 1
43 151 0 2
44 151 0 2
45 151 0 2
46 151 0 2
47 151 0 2
48 151 0 2
49 151 0 2
50 151 0 2
51 151 0 2
52 151 0 2
53 151 0 2
54 151 0 2
81 151 0 2
82 151 0 2
83 151 0 2
84 151 0 2
85 151 0 1
86 151 0 1
87 151 0 1
88 151 0 1
89 151 0 1
90 151 0 1
150 151 0 2
151 151 0 2
152 151 0 2
153 151 0 2
154 151 0 2
155 151 0 2
156 151 0 2
157 151 0 2
158 151 0 2
159 151 0 2
160 151 0 2
161 151 0 2
162 151 0 2
163 151 0 2
164 151 0 2
215 151 0 1
216 151 0 1
217 151 0 1
218 151 0 1
219 151 0 1
220 151 0 1
221 151 0 1
222 151 0 1
223 151 0 1
224 151 0 1
225 151 0 1
226 151 0 1
227 151 0 1
228 151 0 1
43 150 0 2
44 150 0 2
45 150 0 2
46 150 0 2
47 150 0 2
48 150 0 2
49 150 0 2
50 150 0 2
51 150 0 2
52 150 0 2
53 150 0 2
54 150 0 2
83 150 0 1
84 150 0 1
85 150 0 1
86 150 0 1
87 150 0 1
88 150 0 1
150 150 0 2
151 150 0 2
152 150 0 2
153 150 0 2
154 150 0 2
155 150 0 2
156 150 0 2
157 150 0 2
158 150 0 2
159 150 0 2
160 150 0 2
161 150 0 2
162 150 0 2
163 150 0 2
164 150 0 2
215 150 0 1
216 150 0 1
217 150 0 1
218 150 0 1
219 150 0 1
220 150 0 1
221 150 0 1
222 150 0 1
223 150 0 1
224 150 0 1
225 150 0 1
226 150 0 1
227 150 0 1
228 150 0 1
43 149 0 2
44 149 0 2
45 149 0 2
46 149 0 2
47 149 0 2
48 149 0 2
49 149 0 2
50 149 0 2
51 149 0 2
52 149 0 2
53 149 0 2
54 149 0 2
150 149 0 1
151 149 0 2
152 149 0 2
153 149 0 2
154 149 0 2
155 149 0 2
156 149 0 2
157 149 0 2
158 149 0 2
159 149 0 2
160 149 0 2
161 149 0 2
162 149 0 2
163 149 0 2
215 149 0 1
216 149 0 1
217 149 0 1
218 149 0 1
219 149 0 1
220 149 0 1
221 149 0 1
222 149 0 1
223 149 0 1
224 149 0 1
225 149 0 1
226 149 0 1
227 149 0 1
228 149 0 1
43 148 0 2
44 148 0 2
45 148 0 2
46 148 0 2
47 148 0 2
48 148 0 2
49 148 0 2
50 148 0 2
51 148 0 2
52 148 0 2
53 148 0 2
54 148 0 2
150 148 0 1
151 148 0 1
152 148 0 1
153 148 0 1
154 148 0 1
155 148 0 1
156 148 0 1
157 148 0 1
158 148 0 1
159 148 0 1
160 148 0 1
161 148 0 1
162 148 0 1
215 148 0 1
216 148 0 1
217 148 0 1
218 148 0 1
219 148 0 1
220 148 0 1
221 148 0 1
222 148 0 1
223 148 0 1
224 148 0 1
225 148 0 1
226 148 0 1
227 148 0 1
228 148 0 1
43 147 0 2
44 147 0 2
45 147 0 2
46 147 0 2
47 147 0 2
48 147 0 2
49 147 0 2
50 147 0 2
51 147 0 2
52 147 0 2
53 147 0 2
54 147 0 2
151 147 0 1
152 147 0 1
153 147 0 1
154 147 0 1
155 147 0 1
156 147 0 1
157 147 0 1
158 147 0 1
159 147 0 1
160 147 0 1
161 147 0 1
216 147 0 1
217 147 0 1
218 147 0 1
219 147 0 1
220 147 0 1
221 147 0 1
222 147 0 1
223 147 0 1
224 147 0 1
225 147 0 1
226 147 0 1
227 147 0 1
43 146 0 2
44 146 0 2
45 146 0 2
46 146 0 2
47 146 0 2
48 146 0 2
49 146 0 2
50 146 0 2
51 146 0 2
52 146 0 2
53 146 0 2
54 146 0 2
216 146 0 1
217 146 0 1
218 146 0 1
219 146 0 1
220 146 0 1
221 146 0 1
222 146 0 1
223 146 0 1
224 146 0 1
225 146 0 1
226 146 0 1
227 146 0 1
44 145 0 2
45 145 0 2
46 145 0 2
47 145 0 2
48 145 0 2
49 145 0 2
50 145 0 2
51 145 0 2
52 145 0 2
53 145 0 2
54 145 0 2
217 145 0 1
218 145 0 1
219 145 0 1
220 145 0 1
221 145 0 1
222 145 0 1
223 145 0 1
224 145 0 1
225 145 0 1
226 145 0 1
15 144 0 1
16 144 0 1
17 144 0 1
18 144 0 1
19 144 0 1
20 144 0 1
45 144 0 1
46 144 0 1
47 144 0 1
48 144 0 1
49 144 0 1
50 144 0 1
51 144 0 1
52 144 0 1
53 144 0 1
219 144 0 1
220 144 0 1
221 144 0 1
222 144 0 1
223 144 0 1
224 144 0 1
14 143 0 1
15 143 0 1
16 143 0 1
17 143 0 1
18 143 0 1
19 143 0 1
20 143 0 1
21 143 0 1
46 143 0 1
47 143 0 1
48 143 0 1
49 143 0 1
50 143 0 1
51 143 0 1
52 143 0 1
13 142 0 1
14 142 0 1
15 142 0 1
16 142 0 1
17 142 0 1
18 142 0 1
19 142 0 1
20 142 0 1
21 142 0 1
22 142 0 1
125 142 0 1
126 142 0 1
127 142 0 1
128 142 0 1
129 142 0 1
130 142 0 1
131 142 0 1
13 141 0 1
14 141 0 1
15 141 0 1
16 141 0 1
17 141 0 1
18 141 0 1
19 141 0 1
20 141 0 1
21 141 0 1
22 141 0 1
123 141 0 1
124 141 0 1
125 141 0 1
126 141 0 1
127 141 0 1
128 141 0 1
129 141 0 1
130 141 0 1
131 141 0 1
132 141 0 1
133 141 0 1
13 140 0 1
14 140 0 1
15 140 0 1
16 140 0 1
17 140 0 1
18 140 0 1
19 140 0 1
20 140 0 1
21 140 0 1
22 140 0 1
122 140 0 1
123 140 0 1
124 140 0 1
125 140 0 1
126 140 0 1
127 140 0 1
128 140 0 1
129 140 0 1
130 140 0 1
131 140 0 1
132 140 0 1
133 140 0 1
134 140 0 1
13 139 0 1
14 139 0 1
15 139 0 1
16 139 0 1
17 139 0 1
18 139 0 1
19 139 0 1
20 139 0 1
21 139 0 1
22 139 0 1
122 139 0 1
123 139 0 1
124 139 0 1
125 139 0 1
126 139 0 1
127 139 0 1
128 139 0 1
129 139 0 1
130 139 0 1
131 139 0 1
132 139 0 1
133 139 0 1
134 139 0 1
13 138 0 1
14 138 0 1
15 138 0 1
16 138 0 1
17 138 0 1
18 138 0 1
19 138 0 1
20 138 0 1
21 138 0 1
22 138 0 1
121 138 0 1
122 138 0 1
123 138 0 1
124 138 0 1
125 138 0 1
126 138 0 1
127 138 0 1
128 138 0 1
129 138 0 1
130 138 0 1
131 138 0 1
132 138 0 1
133 138 0 1
134 138 0 1
135 138 0 1
13 137 0 1
14 137 0 1
15 137 0 1
16 137 0 1
17 137 0 1
18 137 0 1
19 137 0 1
20 137 0 1
21 137 0 1
22 137 0 1
121 137 0 1
122 137 0 1
123 137 0 1
124 137 0 1
125 137 0 1
126 137 0 1
127 137 0 1
128 137 0 1
129 137 0 1
130 137 0 1
131 137 0 1
132 137 0 1
133 137 0 1
134 137 0 1
135 137 0 1
187 137 0 1
188 137 0 1
189 137 0 1
190 137 0 1
191 137 0 1
192 137 0 1
193 137 0 1
194 137 0 1
195 137 0 1
196 137 0 1
197 137 0 1
13 136 0 1
14 136 0 1
15 136 0 1
16 136 0 1
17 136 0 1
18 136 0 1
19 136 0 1
20 136 0 1
21 136 0 1
22 136 0 1
121 136 0 1
122 136 0 1
123 136 0 1
124 136 0 1
125 136 0 1
126 136 0 1
127 136 0 1
128 136 0 1
129 136 0 1
130 136 0 1
131 136 0 1
132 136 0 1
133 136 0 1
134 136 0 1
135 136 0 1
186 136 0 1
187 136 0 1
188 136 0 1
189 136 0 1
190 136 0 1
191 136 0 1
192 136 0 1
193 136 0 1
194 136 0 1
195 136 0 1
196 136 0 1
197 136 0 1
198 136 0 2
14 135 0 1
15 135 0 1
16 135 0 1
17 135 0 1
18 135 0 1
19 135 0 1
20 135 0 1
21 135 0 1
121 135 0 1
122 135 0 1
123 135 0 1
124 135 0 1
125 135 0 1
126 135 0 1
127 135 0 1
128 135 0 1
129 135 0 1
130 135 0 1
131 135 0 1
132 135 0 1
133 135 0 1
134 135 0 1
135 135 0 1
185 135 0 1
186 135 0 1
187 135 0 1
188 135 0 1
189 135 0 2
190 135 0 2
191 135 0 2
192 135 0 2
193 135 0 2
194 135 0 2
195 135 0 2
196 135 0 2
197 135 0 2
198 135 0 2
199 135 0 2
15 134 0 1
16 134 0 1
17 134 0 1
18 134 0 1
19 134 0 1
20 134 0 1
121 134 0 1
122 134 0 1
123 134 0 1
124 134 0 1
125 134 0 1
126 134 0 1
127 134 0 1
128 134 0 1
129 134 0 1
130 134 0 1
131 134 0 1
132 134 0 1
133 134 0 1
134 134 0 1
135 134 0 1
185 134 0 1
186 134 0 1
187 134 0 2
188 134 0 2
189 134 0 2
190 134 0 2
191 134 0 2
192 134 0 2
193 134 0 2
194 134 0 2
195 134 0 2
196 134 0 2
197 134 0 2
198 134 0 2
199 134 0 2
121 133 0 1
122 133 0 1
123 133 0 1
124 133 0 1
125 133 0 1
126 133 0 1
127 133 0 1
128 133 0 1
129 133 0 1
130 133 0 1
131 133 0 1
132 133 0 1
133 133 0 1
134 133 0 1
135 133 0 1
185 133 0 2
186 133 0 2
187 133 0 2
188 133 0 2
189 133 0 2
190 133 0 2
191 133 0 2
192 133 0 2
193 133 0 2
194 133 0 2
195 133 0 2
196 133 0 2
197 133 0 2
198 133 0 2
199 133 0 2
122 132 0 1
123 132 0 1
124 132 0 1
125 132 0 1
126 132 0 1
127 132 0 1
128 132 0 1
129 132 0 1
130 132 0 1
131 132 0 1
132 132 0 1
133 132 0 1
134 132 0 1
185 132 0 2
186 132 0 2
187 132 0 2
188 132 0 2
189 132 0 2
190 132 0 2
191 132 0 2
192 132 0 2
193 132 0 2
194 132 0 2
195 132 0 2
196 132 0 2
197 132 0 2
198 132 0 2
199 132 0 2
122 131 0 1
123 131 0 1
124 131 0 1
125 131 0 1
126 131 0 1
127 131 0 1
128 131 0 1
129 131 0 1
130 131 0 1
131 131 0 1
132 131 0 1
133 131 0 1
134 131 0 1
185 131 0 2
186 131 0 2
187 131 0 2
188 131 0 2
189 131 0 2
190 131 0 2
191 131 0 2
192 131 0 2
193 131 0 2
194 131 0 2
195 131 0 2
196 131 0 2
197 131 0 2
198 131 0 2
199 131 0 2
123 130 0 1
124 130 0 1
125 130 0 1
126 130 0 1
127 130 0 1
128 130 0 1
129 130 0 1
130 130 0 1
131 130 0 1
132 130 0 1
133 130 0 1
185 130 0 2
186 130 0 2
187 130 0 2
188 130 0 2
189 130 0 2
190 130 0 2
191 130 0 2
192 130 0 2
193 130 0 2
194 130 0 2
195 130 0 2
196 130 0 2
197 130 0 2
198 130 0 2
199 130 0 2
125 129 0 1
126 129 0 1
127 129 0 1
128 129 0 1
129 129 0 1
130 129 0 1
131 129 0 1
185 129 0 2
186 129 0 2
187 129 0 2
188 129 0 2
189 129 0 2
190 129 0 2
191 129 0 2
192 129 0 2
193 129 0 2
194 129 0 2
195 129 0 2
196 129 0 2
197 129 0 1
198 129 0 1
199 129 0 1
186 128 0 2
187 128 0 1
188 128 0 1
189 128 0 1
190 128 0 1
191 128 0 1
192 128 0 1
193 128 0 1
194 128 0 1
195 128 0 1
196 128 0 1
197 128 0 1
198 128 0 1
199 128 0 1
187 127 0 1
188 127 0 1
189 127 0 1
190 127 0 1
191 127 0 1
192 127 0 1
193 127 0 1
194 127 0 1
195 127 0 1
196 127 0 1
197 127 0 1
198 127 0 1
103 123 0 2
104 123 0 2
105 123 0 2
106 123 0 2
107 123 0 2
108 123 0 2
109 123 0 2
110 123 0 2
111 123 0 2
112 123 0 1
113 123 0 1
114 123 0 1
115 123 0 1
116 123 0 1
102 122 0 2
103 122 0 2
104 122 0 2
105 122 0 2
106 122 0 2
107 122 0 2
108 122 0 2
109 122 0 2
110 122 0 2
111 122 0 2
112 122 0 1
113 122 0 1
114 122 0 1
115 122 0 1
116 122 0 1
101 121 0 2
102 121 0 2
103 121 0 2
104 121 0 2
105 121 0 2
106 121 0 2
107 121 0 2
108 121 0 2
109 121 0 2
110 121 0 2
111 121 0 2
112 121 0 2
113 121 0 2
114 121 0 2
115 121 0 2
116 121 0 2
208 121 0 1
209 121 0 1
210 121 0 1
211 121 0 1
212 121 0 1
213 121 0 1
214 121 0 1
101 120 0 2
102 120 0 2
103 120 0 2
104 120 0 2
105 120 0 2
106 120 0 2
107 120 0 2
108 120 0 2
109 120 0 2
110 120 0 2
111 120 0 2
112 120 0 2
113 120 0 2
114 120 0 2
115 120 0 2
116 120 0 2
206 120 0 1
207 120 0 1
208 120 0 1
209 120 0 1
210 120 0 1
211 120 0 1
212 120 0 1
213 120 0 1
214 120 0 1
215 120 0 1
216 120 0 1
52 119 0 1
53 119 0 1
54 119 0 1
55 119 0 1
101 119 0 2
102 119 0 2
103 119 0 2
104 119 0 2
105 119 0 2
106 119 0 2
107 119 0 2
108 119 0 2
109 119 0 2
110 119 0 2
111 119 0 2
112 119 0 2
113 119 0 2
114 119 0 2
115 119 0 2
116 119 0 2
205 119 0 1
206 119 0 1
207 119 0 1
208 119 0 1
209 119 0 1
210 119 0 1
211 119 0 1
212 119 0 1
213 119 0 1
214 119 0 1
215 119 0 1
216 119 0 1
217 119 0 1
12 118 0 1
13 118 0 1
14 118 0 1
15 118 0 1
16 118 0 1
17 118 0 1
18 118 0 1
50 118 0 2
51 118 0 1
52 118 0 1
53 118 0 1
54 118 0 1
55 118 0 1
56 118 0 1
57 118 0 1
101 118 0 2
102 118 0 2
103 118 0 2
104 118 0 2
105 118 0 2
106 118 0 2
107 118 0 2
108 118 0 2
109 118 0 2
110 118 0 2
111 118 0 2
112 118 0 2
113 118 0 2
114 118 0 2
115 118 0 2
116 118 0 2
205 118 0 1
206 118 0 1
207 118 0 1
208 118 0 1
209 118 0 1
210 118 0 1
211 118 0 1
212 118 0 1
213 118 0 1
214 118 0 1
215 118 0 1
216 118 0 1
217 118 0 1
10 117 0 1
11 117 0 1
12 117 0 1
13 117 0 1
14 117 0 1
15 117 0 1
16 117 0 1
17 117 0 1
18 117 0 1
19 117 0 1
20 117 0 1
49 117 0 2
50 117 0 2
51 117 0 2
52 117 0 2
53 117 0 1
54 117 0 1
55 117 0 1
56 117 0 1
57 117 0 1
58 117 0 1
101 117 0 1
102 117 0 1
103 117 0 2
104 117 0 2
105 117 0 2
106 117 0 2
107 117 0 2
108 117 0 2
109 117 0 2
110 117 0 2
111 117 0 2
112 117 0 2
113 117 0 2
114 117 0 2
115 117 0 2
116 117 0 2
204 117 0 1
205 117 0 1
206 117 0 1
207 117 0 1
208 117 0 1
209 117 0 1
210 117 0 1
211 117 0 1
212 117 0 1
213 117 0 1
214 117 0 1
215 117 0 1
216 117 0 1
217 117 0 1
218 117 0 1
9 116 0 1
10 116 0 1
11 116 0 1
12 116 0 1
13 116 0 1
14 116 0 1
15 116 0 1
16 116 0 1
17 116 0 1
18 116 0 1
19 116 0 1
20 116 0 1
21 116 0 1
49 116 0 2
50 116 0 2
51 116 0 2
52 116 0 2
53 116 0 2
54 116 0 2
55 116 0 1
56 116 0 1
57 116 0 1
58 116 0 1
59 116 0 1
101 116 0 1
102 116 0 1
103 116 0 1
104 116 0 1
105 116 0 2
106 116 0 2
107 116 0 2
108 116 0 2
109 116 0 2
110 116 0 2
111 116 0 2
112 116 0 2
113 116 0 2
114 116 0 2
115 116 0 2
116 116 0 2
164 116 0 1
165 116 0 1
166 116 0 1
167 116 0 1
168 116 0 1
169 116 0 1
170 116 0 1
204 116 0 1
205 116 0 1
206 116 0 1
207 116 0 1
208 116 0 1
209 116 0 1
210 116 0 1
211 116 0 1
212 116 0 1
213 116 0 1
214 116 0 1
215 116 0 1
216 116 0 1
217 116 0 1
218 116 0 1
9 115 0 1
10 115 0 1
11 115 0 1
12 115 0 1
13 115 0 1
14 115 0 1
15 115 0 1
16 115 0 1
17 115 0 1
18 115 0 1
19 115 0 1
20 115 0 1
21 115 0 1
49 115 0 2
50 115 0 2
51 115 0 2
52 115 0 2
53 115 0 2
54 115 0 2
55 115 0 2
56 115 0 1
57 115 0 1
58 115 0 1
59 115 0 1
60 115 0 1
101 115 0 1
102 115 0 1
103 115 0 1
104 115 0 1
105 115 0 2
106 115 0 2
107 115 0 2
108 115 0 2
109 115 0 1
110 115 0 2
111 115 0 1
112 115 0 2
113 115 0 2
114 115 0 1
115 115 0 1
116 115 0 1
162 115 0 1
163 115 0 1
164 115 0 1
165 115 0 1
166 115 0 1
167 115 0 1
168 115 0 1
169 115 0 1
170 115 0 1
171 115 0 1
172 115 0 1
204 115 0 1
205 115 0 1
206 115 0 1
207 115 0 1
208 115 0 1
209 115 0 1
210 115 0 1
211 115 0 1
212 115 0 1
213 115 0 1
214 115 0 1
215 115 0 1
216 115 0 1
217 115 0 1
218 115 0 1
8 114 0 1
9 114 0 1
10 114 0 1
11 114 0 1
12 114 0 1
13 114 0 1
14 114 0 1
15 114 0 1
16 114 0 1
17 114 0 1
18 114 0 1
19 114 0 1
20 114 0 1
21 114 0 1
22 114 0 1
49 114 0 2
50 114 0 2
51 114 0 2
52 114 0 2
53 114 0 2
54 114 0 2
55 114 0 2
56 114 0 2
57 114 0 1
58 114 0 1
59 114 0 1
60 114 0 1
102 114 0 1
103 114 0 1
104 114 0 1
105 114 0 1
106 114 0 1
107 114 0 1
108 114 0 1
109 114 0 1
110 114 0 1
111 114 0 1
112 114 0 1
113 114 0 1
114 114 0 1
115 114 0 1
116 114 0 1
161 114 0 1
162 114 0 1
163 114 0 1
164 114 0 1
165 114 0 1
166 114 0 1
167 114 0 1
168 114 0 1
169 114 0 1
170 114 0 1
171 114 0 1
172 114 0 1
173 114 0 1
204 114 0 1
205 114 0 1
206 114 0 1
207 114 0 1
208 114 0 1
209 114 0 1
210 114 0 1
211 114 0 1
212 114 0 1
213 114 0 1
214 114 0 1
215 114 0 1
216 114 0 1
217 114 0 1
218 114 0 1
8 113 0 1
9 113 0 1
10 113 0 1
11 113 0 1
12 113 0 1
13 113 0 1
14 113 0 1
15 113 0 1
16 113 0 1
17 113 0 1
18 113 0 1
19 113 0 1
20 113 0 1
21 113 0 1
22 113 0 1
49 113 0 2
50 113 0 2
51 113 0 2
52 113 0 2
53 113 0 2
54 113 0 2
55 113 0 2
56 113 0 2
57 113 0 2
58 113 0 1
59 113 0 1
60 113 0 1
104 113 0 1
105 113 0 1
106 113 0 1
107 113 0 1
108 113 0 1
109 113 0 1
110 113 0 1
111 113 0 1
112 113 0 1
113 113 0 1
114 113 0 1
115 113 0 1
116 113 0 1
161 113 0 1
162 113 0 1
163 113 0 1
164 113 0 1
165 113 0 1
166 113 0 1
167 113 0 1
168 113 0 1
169 113 0 1
170 113 0 1
171 113 0 1
172 113 0 1
173 113 0 1
204 113 0 1
205 113 0 1
206 113 0 1
207 113 0 1
208 113 0 1
209 113 0 1
210 113 0 1
211 113 0 1
212 113 0 1
213 113 0 1
214 113 0 1
215 113 0 1
216 113 0 1
217 113 0 1
218 113 0 1
8 112 0 1
9 112 0 1
10 112 0 1
11 112 0 1
12 112 0 1
13 112 0 1
14 112 0 1
15 112 0 1
16 112 0 1
17 112 0 1
18 112 0 1
19 112 0 1
20 112 0 1
21 112 0 1
22 112 0 1
49 112 0 2
50 112 0 2
51 112 0 2
52 112 0 2
53 112 0 2
54 112 0 2
55 112 0 2
56 112 0 2
57 112 0 2
58 112 0 2
59 112 0 2
60 112 0 2
105 112 0 1
106 112 0 1
107 112 0 1
108 112 0 1
160 112 0 1
161 112 0 1
162 112 0 1
163 112 0 1
164 112 0 1
165 112 0 1
166 112 0 1
167 112 0 1
168 112 0 1
169 112 0 1
170 112 0 1
171 112 0 1
172 112 0 1
173 112 0 1
174 112 0 1
204 112 0 1
205 112 0 1
206 112 0 1
207 112 0 1
208 112 0 1
209 112 0 1
210 112 0 1
211 112 0 1
212 112 0 1
213 112 0 1
214 112 0 1
215 112 0 1
216 112 0 1
217 112 0 1
218 112 0 1
8 111 0 1
9 111 0 1
10 111 0 1
11 111 0 1
12 111 0 1
13 111 0 1
14 111 0 1
15 111 0 1
16 111 0 1
17 111 0 1
18 111 0 1
19 111 0 1
20 111 0 1
21 111 0 1
22 111 0 1
49 111 0 2
50 111 0 2
51 111 0 2
52 111 0 2
53 111 0 2
54 111 0 2
55 111 0 2
56 111 0 2
57 111 0 2
58 111 0 2
59 111 0 2
60 111 0 2
160 111 0 1
161 111 0 1
162 111 0 1
163 111 0 1
164 111 0 1
165 111 0 1
166 111 0 1
167 111 0 1
168 111 0 1
169 111 0 1
170 111 0 1
171 111 0 1
172 111 0 1
173 111 0 1
174 111 0 1
205 111 0 1
206 111 0 1
207 111 0 1
208 111 0 1
209 111 0 1
210 111 0 1
211 111 0 1
212 111 0 1
213 111 0 1
214 111 0 1
215 111 0 1
216 111 0 1
217 111 0 1
8 110 0 1
9 110 0 1
10 110 0 1
11 110 0 1
12 110 0 1
13 110 0 1
14 110 0 1
15 110 0 1
16 110 0 1
17 110 0 1
18 110 0 1
19 110 0 1
20 110 0 1
21 110 0 1
22 110 0 1
49 110 0 1
50 110 0 1
51 110 0 1
52 110 0 2
53 110 0 2
54 110 0 2
55 110 0 2
56 110 0 2
57 110 0 2
58 110 0 2
59 110 0 2
60 110 0 2
160 110 0 1
161 110 0 1
162 110 0 1
163 110 0 1
164 110 0 1
165 110 0 1
166 110 0 1
167 110 0 1
168 110 0 1
169 110 0 1
170 110 0 1
171 110 0 1
172 110 0 1
173 110 0 1
174 110 0 1
205 110 0 1
206 110 0 1
207 110 0 1
208 110 0 1
209 110 0 1
210 110 0 1
211 110 0 1
212 110 0 1
213 110 0 1
214 110 0 1
215 110 0 1
216 110 0 1
217 110 0 1
8 109 0 1
9 109 0 1
10 109 0 1
11 109 0 1
12 109 0 1
13 109 0 1
14 109 0 1
15 109 0 1
16 109 0 1
17 109 0 1
18 109 0 1
19 109 0 1
20 109 0 1
21 109 0 1
22 109 0 1
49 109 0 1
50 109 0 1
51 109 0 1
52 109 0 1
53 109 0 1
54 109 0 1
55 109 0 1
56 109 0 2
57 109 0 2
58 109 0 2
59 109 0 2
60 109 0 2
160 109 0 1
161 109 0 1
162 109 0 1
163 109 0 1
164 109 0 1
165 109 0 1
166 109 0 1
167 109 0 1
168 109 0 1
169 109 0 1
170 109 0 1
171 109 0 1
172 109 0 1
173 109 0 1
174 109 0 1
206 109 0 1
207 109 0 1
208 109 0 1
209 109 0 1
210 109 0 1
211 109 0 1
212 109 0 1
213 109 0 1
214 109 0 1
215 109 0 1
216 109 0 1
9 108 0 1
10 108 0 1
11 108 0 1
12 108 0 1
13 108 0 1
14 108 0 1
15 108 0 1
16 108 0 1
17 108 0 1
18 108 0 1
19 108 0 1
20 108 0 1
21 108 0 1
50 108 0 1
51 108 0 1
52 108 0 1
53 108 0 1
54 108 0 1
55 108 0 1
56 108 0 2
57 108 0 2
58 108 0 2
59 108 0 2
126 108 0 1
127 108 0 1
128 108 0 1
129 108 0 1
130 108 0 1
131 108 0 1
160 108 0 1
161 108 0 1
162 108 0 1
163 108 0 1
164 108 0 1
165 108 0 1
166 108 0 1
167 108 0 1
168 108 0 1
169 108 0 1
170 108 0 1
171 108 0 1
172 108 0 1
173 108 0 1
174 108 0 1
208 108 0 1
209 108 0 1
210 108 0 1
211 108 0 1
212 108 0 1
213 108 0 1
214 108 0 1
9 107 0 1
10 107 0 1
11 107 0 1
12 107 0 1
13 107 0 1
14 107 0 1
15 107 0 1
16 107 0 1
17 107 0 1
18 107 0 1
19 107 0 1
20 107 0 1
21 107 0 1
52 107 0 1
53 107 0 1
54 107 0 1
55 107 0 1
56 107 0 1
57 107 0 1
58 107 0 2
125 107 0 2
126 107 0 1
127 107 0 1
128 107 0 1
129 107 0 1
130 107 0 1
131 107 0 1
161 107 0 1
162 107 0 1
163 107 0 1
164 107 0 1
165 107 0 1
166 107 0 1
167 107 0 1
168 107 0 1
169 107 0 1
170 107 0 1
171 107 0 1
172 107 0 1
173 107 0 1
10 106 0 1
11 106 0 1
12 106 0 1
13 106 0 1
14 106 0 1
15 106 0 1
16 106 0 1
17 106 0 1
18 106 0 1
19 106 0 1
20 106 0 1
54 106 0 1
55 106 0 1
56 106 0 1
124 106 0 2
125 106 0 2
126 106 0 2
127 106 0 2
128 106 0 2
129 106 0 1
130 106 0 1
131 106 0 1
132 106 0 1
133 106 0 1
134 106 0 1
161 106 0 1
162 106 0 1
163 106 0 1
164 106 0 1
165 106 0 1
166 106 0 1
167 106 0 1
168 106 0 1
169 106 0 1
170 106 0 1
171 106 0 1
172 106 0 1
173 106 0 1
12 105 0 1
13 105 0 1
14 105 0 1
15 105 0 1
16 105 0 1
17 105 0 1
18 105 0 1
124 105 0 2
125 105 0 2
126 105 0 2
127 105 0 2
128 105 0 2
129 105 0 2
130 105 0 2
131 105 0 1
132 105 0 1
133 105 0 1
134 105 0 1
135 105 0 1
136 105 0 1
137 105 0 1
162 105 0 1
163 105 0 1
164 105 0 1
165 105 0 1
166 105 0 1
167 105 0 1
168 105 0 1
169 105 0 1
170 105 0 1
171 105 0 1
172 105 0 1
124 104 0 2
125 104 0 2
126 104 0 2
127 104 0 2
128 104 0 2
129 104 0 2
130 104 0 2
131 104 0 2
132 104 0 1
133 104 0 1
134 104 0 1
135 104 0 1
136 104 0 1
137 104 0 1
164 104 0 1
165 104 0 1
166 104 0 1
167 104 0 1
168 104 0 1
169 104 0 1
170 104 0 1
124 103 0 2
125 103 0 2
126 103 0 2
127 103 0 2
128 103 0 2
129 103 0 2
130 103 0 2
131 103 0 2
132 103 0 2
133 103 0 2
134 103 0 2
135 103 0 1
136 103 0 1
137 103 0 2
124 102 0 2
125 102 0 2
126 102 0 2
127 102 0 2
128 102 0 2
129 102 0 2
130 102 0 2
131 102 0 2
132 102 0 2
133 102 0 2
134 102 0 2
135 102 0 2
136 102 0 2
137 102 0 2
124 101 0 2
125 101 0 2
126 101 0 2
127 101 0 2
128 101 0 2
129 101 0 2
130 101 0 2
131 101 0 2
132 101 0 2
133 101 0 2
134 101 0 2
135 101 0 2
136 101 0 2
137 101 0 2
235 101 0 1
236 101 0 1
237 101 0 1
238 101 0 1
239 101 0 1
240 101 0 1
241 101 0 1
242 101 0 1
243 101 0 1
244 101 0 1
124 100 0 2
125 100 0 2
126 100 0 2
127 100 0 2
128 100 0 2
129 100 0 2
130 100 0 2
131 100 0 2
132 100 0 2
133 100 0 2
134 100 0 2
135 100 0 2
136 100 0 2
137 100 0 2
235 100 0 1
236 100 0 1
237 100 0 1
238 100 0 1
239 100 0 1
240 100 0 1
241 100 0 1
242 100 0 1
243 100 0 1
244 100 0 1
124 99 0 2
125 99 0 2
126 99 0 2
127 99 0 2
128 99 0 2
129 99 0 2
130 99 0 2
131 99 0 2
132 99 0 2
133 99 0 2
134 99 0 2
135 99 0 2
136 99 0 2
137 99 0 2
234 99 0 1
235 99 0 1
236 99 0 1
237 99 0 1
238 99 0 1
239 99 0 1
240 99 0 1
241 99 0 2
242 99 0 2
243 99 0 1
244 99 0 1
245 99 0 1
124 98 0 1
125 98 0 1
126 98 0 1
127 98 0 1
128 98 0 2
129 98 0 2
130 98 0 2
131 98 0 2
132 98 0 2
133 98 0 2
134 98 0 2
135 98 0 2
136 98 0 2
137 98 0 2
233 98 0 1
234 98 0 1
235 98 0 1
236 98 0 2
237 98 0 2
238 98 0 2
239 98 0 2
240 98 0 2
241 98 0 2
242 98 0 2
243 98 0 2
244 98 0 2
245 98 0 2
246 98 0 2
124 97 0 1
125 97 0 1
126 97 0 1
127 97 0 1
128 97 0 1
129 97 0 1
130 97 0 1
131 97 0 2
132 97 0 2
133 97 0 2
134 97 0 2
135 97 0 2
136 97 0 2
233 97 0 2
234 97 0 2
235 97 0 2
236 97 0 2
237 97 0 2
238 97 0 2
239 97 0 2
240 97 0 2
241 97 0 2
242 97 0 2
243 97 0 2
244 97 0 2
245 97 0 2
246 97 0 2
125 96 0 1
126 96 0 1
127 96 0 1
128 96 0 1
129 96 0 1
130 96 0 1
131 96 0 1
132 96 0 1
133 96 0 1
134 96 0 1
135 96 0 1
233 96 0 2
234 96 0 2
235 96 0 2
236 96 0 2
237 96 0 2
238 96 0 2
239 96 0 2
240 96 0 2
241 96 0 2
242 96 0 2
243 96 0 2
244 96 0 2
245 96 0 2
246 96 0 2
129 95 0 1
130 95 0 1
131 95 0 1
132 95 0 1
133 95 0 1
134 95 0 1
233 95 0 2
234 95 0 2
235 95 0 2
236 95 0 2
237 95 0 2
238 95 0 2
239 95 0 2
240 95 0 2
241 95 0 2
242 95 0 2
243 95 0 2
244 95 0 2
245 95 0 2
246 95 0 2
20 94 0 1
21 94 0 1
22 94 0 1
23 94 0 1
24 94 0 1
25 94 0 1
26 94 0 1
27 94 0 1
28 94 0 1
29 94 0 1
30 94 0 1
233 94 0 2
234 94 0 2
235 94 0 2
236 94 0 2
237 94 0 2
238 94 0 2
239 94 0 2
240 94 0 2
241 94 0 2
242 94 0 2
243 94 0 2
244 94 0 2
245 94 0 2
246 94 0 2
19 93 0 1
20 93 0 1
21 93 0 1
22 93 0 1
23 93 0 1
24 93 0 1
25 93 0 1
26 93 0 1
27 93 0 2
28 93 0 2
29 93 0 2
30 93 0 2
31 93 0 2
233 93 0 2
234 93 0 2
235 93 0 2
236 93 0 2
237 93 0 2
238 93 0 2
239 93 0 2
240 93 0 2
241 93 0 2
242 93 0 2
243 93 0 2
244 93 0 2
245 93 0 2
246 93 0 2
18 92 0 1
19 92 0 1
20 92 0 1
21 92 0 1
22 92 0 1
23 92 0 1
24 92 0 2
25 92 0 2
26 92 0 2
27 92 0 2
28 92 0 2
29 92 0 2
30 92 0 2
31 92 0 2
32 92 0 2
233 92 0 2
234 92 0 2
235 92 0 1
236 92 0 1
237 92 0 1
238 92 0 1
239 92 0 1
240 92 0 1
241 92 0 1
242 92 0 1
243 92 0 1
244 92 0 1
245 92 0 1
246 92 0 1
18 91 0 1
19 91 0 1
20 91 0 1
21 91 0 2
22 91 0 2
23 91 0 2
24 91 0 2
25 91 0 2
26 91 0 2
27 91 0 2
28 91 0 2
29 91 0 2
30 91 0 2
31 91 0 2
32 91 0 2
233 91 0 2
234 91 0 2
235 91 0 1
236 91 0 1
237 91 0 1
238 91 0 1
239 91 0 1
240 91 0 1
241 91 0 1
242 91 0 1
243 91 0 1
244 91 0 1
245 91 0 1
18 90 0 1
19 90 0 2
20 90 0 2
21 90 0 2
22 90 0 2
23 90 0 2
24 90 0 2
25 90 0 2
26 90 0 2
27 90 0 2
28 90 0 2
29 90 0 2
30 90 0 2
31 90 0 2
32 90 0 2
97 90 0 1
98 90 0 1
99 90 0 1
100 90 0 1
101 90 0 1
102 90 0 1
103 90 0 1
104 90 0 1
105 90 0 1
234 90 0 1
235 90 0 1
236 90 0 1
237 90 0 1
238 90 0 1
239 90 0 1
240 90 0 1
241 90 0 1
242 90 0 1
243 90 0 1
244 90 0 1
18 89 0 2
19 89 0 2
20 89 0 2
21 89 0 2
22 89 0 2
23 89 0 2
24 89 0 2
25 89 0 2
26 89 0 2
27 89 0 2
28 89 0 2
29 89 0 2
30 89 0 2
31 89 0 2
32 89 0 2
96 89 0 2
97 89 0 2
98 89 0 1
99 89 0 1
100 89 0 1
101 89 0 1
102 89 0 1
103 89 0 1
104 89 0 1
105 89 0 1
106 89 0 1
107 89 0 1
209 89 0 1
210 89 0 1
211 89 0 1
18 88 0 2
19 88 0 2
20 88 0 2
21 88 0 2
22 88 0 2
23 88 0 2
24 88 0 2
25 88 0 2
26 88 0 2
27 88 0 2
28 88 0 2
29 88 0 2
30 88 0 2
31 88 0 2
32 88 0 2
96 88 0 2
97 88 0 2
98 88 0 2
99 88 0 2
100 88 0 2
101 88 0 2
102 88 0 1
103 88 0 1
104 88 0 1
105 88 0 1
106 88 0 1
107 88 0 1
108 88 0 1
206 88 0 2
207 88 0 2
208 88 0 2
209 88 0 2
210 88 0 1
211 88 0 2
212 88 0 2
213 88 0 2
214 88 0 2
18 87 0 2
19 87 0 2
20 87 0 2
21 87 0 2
22 87 0 2
23 87 0 2
24 87 0 2
25 87 0 2
26 87 0 2
27 87 0 2
28 87 0 2
29 87 0 2
30 87 0 2
31 87 0 2
32 87 0 2
67 87 0 1
68 87 0 1
69 87 0 1
70 87 0 1
71 87 0 1
72 87 0 1
73 87 0 1
96 87 0 2
97 87 0 2
98 87 0 2
99 87 0 2
100 87 0 2
101 87 0 2
102 87 0 2
103 87 0 2
104 87 0 2
105 87 0 1
106 87 0 1
107 87 0 1
108 87 0 1
109 87 0 1
205 87 0 2
206 87 0 2
207 87 0 2
208 87 0 2
209 87 0 2
210 87 0 2
211 87 0 2
212 87 0 2
213 87 0 2
214 87 0 2
215 87 0 2
18 86 0 2
19 86 0 2
20 86 0 2
21 86 0 2
22 86 0 2
23 86 0 2
24 86 0 2
25 86 0 2
26 86 0 2
27 86 0 2
28 86 0 2
29 86 0 2
30 86 0 2
31 86 0 2
32 86 0 2
66 86 0 1
67 86 0 1
68 86 0 1
69 86 0 1
70 86 0 1
71 86 0 1
72 86 0 1
73 86 0 1
74 86 0 1
96 86 0 2
97 86 0 2
98 86 0 2
99 86 0 2
100 86 0 2
101 86 0 2
102 86 0 2
103 86 0 2
104 86 0 2
105 86 0 2
106 86 0 2
107 86 0 1
108 86 0 1
109 86 0 1
169 86 0 1
170 86 0 1
171 86 0 1
172 86 0 1
173 86 0 1
174 86 0 1
175 86 0 1
176 86 0 1
204 86 0 2
205 86 0 2
206 86 0 2
207 86 0 2
208 86 0 2
209 86 0 2
210 86 0 2
211 86 0 2
212 86 0 2
213 86 0 2
214 86 0 2
215 86 0 2
216 86 0 2
18 85 0 2
19 85 0 2
20 85 0 2
21 85 0 2
22 85 0 2
23 85 0 2
24 85 0 2
25 85 0 2
26 85 0 2
27 85 0 2
28 85 0 2
29 85 0 2
30 85 0 2
31 85 0 2
32 85 0 2
65 85 0 1
66 85 0 1
67 85 0 1
68 85 0 1
69 85 0 1
70 85 0 1
71 85 0 1
72 85 0 1
73 85 0 1
74 85 0 1
75 85 0 1
96 85 0 2
97 85 0 2
98 85 0 2
99 85 0 2
100 85 0 2
101 85 0 2
102 85 0 2
103 85 0 2
104 85 0 2
105 85 0 2
106 85 0 2
107 85 0 2
108 85 0 2
109 85 0 2
168 85 0 1
169 85 0 1
170 85 0 1
171 85 0 1
172 85 0 1
173 85 0 1
174 85 0 1
175 85 0 1
176 85 0 1
177 85 0 1
203 85 0 2
204 85 0 2
205 85 0 2
206 85 0 2
207 85 0 2
208 85 0 2
209 85 0 2
210 85 0 2
211 85 0 2
212 85 0 2
213 85 0 2
214 85 0 2
215 85 0 2
216 85 0 2
217 85 0 2
18 84 0 2
19 84 0 2
20 84 0 2
21 84 0 1
22 84 0 1
23 84 0 1
24 84 0 1
25 84 0 1
26 84 0 1
27 84 0 1
28 84 0 1
29 84 0 1
30 84 0 1
31 84 0 1
32 84 0 1
64 84 0 1
65 84 0 1
66 84 0 1
67 84 0 1
68 84 0 1
69 84 0 1
70 84 0 1
71 84 0 1
72 84 0 1
73 84 0 1
74 84 0 1
75 84 0 1
76 84 0 1
96 84 0 2
97 84 0 2
98 84 0 2
99 84 0 2
100 84 0 2
101 84 0 2
102 84 0 2
103 84 0 2
104 84 0 2
105 84 0 2
106 84 0 2
107 84 0 2
108 84 0 2
109 84 0 2
167 84 0 1
168 84 0 1
169 84 0 1
170 84 0 1
171 84 0 1
172 84 0 1
173 84 0 1
174 84 0 1
175 84 0 1
176 84 0 1
177 84 0 1
178 84 0 1
203 84 0 2
204 84 0 2
205 84 0 2
206 84 0 2
207 84 0 2
208 84 0 2
209 84 0 2
210 84 0 2
211 84 0 2
212 84 0 2
213 84 0 2
214 84 0 2
215 84 0 2
216 84 0 2
217 84 0 2
18 83 0 2
19 83 0 2
20 83 0 1
21 83 0 1
22 83 0 1
23 83 0 1
24 83 0 1
25 83 0 1
26 83 0 1
27 83 0 1
28 83 0 1
29 83 0 1
30 83 0 1
31 83 0 1
32 83 0 1
64 83 0 1
65 83 0 1
66 83 0 1
67 83 0 1
68 83 0 1
69 83 0 1
70 83 0 1
71 83 0 1
72 83 0 1
73 83 0 1
74 83 0 1
75 83 0 1
76 83 0 1
96 83 0 2
97 83 0 2
98 83 0 2
99 83 0 2
100 83 0 2
101 83 0 2
102 83 0 2
103 83 0 2
104 83 0 2
105 83 0 2
106 83 0 2
107 83 0 2
108 83 0 2
109 83 0 2
166 83 0 1
167 83 0 1
168 83 0 1
169 83 0 1
170 83 0 1
171 83 0 1
172 83 0 1
173 83 0 1
174 83 0 1
175 83 0 1
176 83 0 1
177 83 0 1
178 83 0 1
179 83 0 1
203 83 0 2
204 83 0 2
205 83 0 2
206 83 0 2
207 83 0 2
208 83 0 2
209 83 0 2
210 83 0 2
211 83 0 2
212 83 0 2
213 83 0 2
214 83 0 2
215 83 0 2
216 83 0 2
217 83 0 2
19 82 0 1
20 82 0 1
21 82 0 1
22 82 0 1
64 82 0 1
65 82 0 1
66 82 0 1
67 82 0 1
68 82 0 1
69 82 0 1
70 82 0 1
71 82 0 1
72 82 0 1
73 82 0 1
74 82 0 1
75 82 0 1
76 82 0 1
96 82 0 1
97 82 0 2
98 82 0 2
99 82 0 2
100 82 0 2
101 82 0 2
102 82 0 2
103 82 0 2
104 82 0 2
105 82 0 2
106 82 0 2
107 82 0 2
108 82 0 2
166 82 0 1
167 82 0 1
168 82 0 1
169 82 0 1
170 82 0 1
171 82 0 1
172 82 0 1
173 82 0 1
174 82 0 1
175 82 0 1
176 82 0 1
177 82 0 1
178 82 0 1
179 82 0 1
203 82 0 2
204 82 0 2
205 82 0 2
206 82 0 2
207 82 0 2
208 82 0 2
209 82 0 2
210 82 0 2
211 82 0 2
212 82 0 2
213 82 0 2
214 82 0 2
215 82 0 2
216 82 0 1
217 82 0 1
64 81 0 1
65 81 0 1
66 81 0 1
67 81 0 1
68 81 0 1
69 81 0 1
70 81 0 1
71 81 0 1
72 81 0 1
73 81 0 1
74 81 0 1
75 81 0 1
76 81 0 1
96 81 0 1
97 81 0 1
98 81 0 1
99 81 0 2
100 81 0 2
101 81 0 2
102 81 0 2
103 81 0 2
104 81 0 2
105 81 0 2
106 81 0 2
107 81 0 2
166 81 0 1
167 81 0 1
168 81 0 1
169 81 0 1
170 81 0 1
171 81 0 1
172 81 0 1
173 81 0 1
174 81 0 1
175 81 0 1
176 81 0 1
177 81 0 1
178 81 0 1
179 81 0 1
203 81 0 1
204 81 0 2
205 81 0 2
206 81 0 2
207 81 0 2
208 81 0 2
209 81 0 2
210 81 0 2
211 81 0 2
212 81 0 2
213 81 0 2
214 81 0 1
215 81 0 1
216 81 0 1
217 81 0 1
64 80 0 1
65 80 0 1
66 80 0 1
67 80 0 1
68 80 0 1
69 80 0 1
70 80 0 1
71 80 0 1
72 80 0 1
73 80 0 1
74 80 0 1
75 80 0 1
76 80 0 1
96 80 0 1
97 80 0 1
98 80 0 1
99 80 0 1
100 80 0 1
101 80 0 1
102 80 0 1
103 80 0 1
104 80 0 2
105 80 0 2
106 80 0 2
166 80 0 1
167 80 0 1
168 80 0 1
169 80 0 1
170 80 0 1
171 80 0 1
172 80 0 1
173 80 0 1
174 80 0 1
175 80 0 1
176 80 0 1
177 80 0 1
178 80 0 1
179 80 0 1
203 80 0 1
204 80 0 1
205 80 0 1
206 80 0 2
207 80 0 2
208 80 0 2
209 80 0 2
210 80 0 2
211 80 0 2
212 80 0 2
213 80 0 2
214 80 0 1
215 80 0 1
216 80 0 1
217 80 0 1
64 79 0 1
65 79 0 1
66 79 0 1
67 79 0 1
68 79 0 1
69 79 0 1
70 79 0 1
71 79 0 1
72 79 0 1
73 79 0 1
74 79 0 1
75 79 0 1
76 79 0 1
97 79 0 1
98 79 0 1
99 79 0 1
100 79 0 1
101 79 0 1
102 79 0 1
103 79 0 1
104 79 0 1
166 79 0 1
167 79 0 1
168 79 0 1
169 79 0 1
170 79 0 1
171 79 0 1
172 79 0 1
173 79 0 1
174 79 0 1
175 79 0 1
176 79 0 1
177 79 0 1
178 79 0 1
179 79 0 1
203 79 0 1
204 79 0 1
205 79 0 1
206 79 0 2
207 79 0 2
208 79 0 2
209 79 0 2
210 79 0 2
211 79 0 2
212 79 0 2
213 79 0 2
214 79 0 2
215 79 0 2
216 79 0 1
217 79 0 1
65 78 0 1
66 78 0 1
67 78 0 1
68 78 0 1
69 78 0 1
70 78 0 1
71 78 0 1
72 78 0 1
73 78 0 1
74 78 0 1
75 78 0 1
166 78 0 1
167 78 0 1
168 78 0 1
169 78 0 1
170 78 0 1
171 78 0 1
172 78 0 1
173 78 0 1
174 78 0 1
175 78 0 1
176 78 0 1
177 78 0 1
178 78 0 1
179 78 0 1
203 78 0 1
204 78 0 1
205 78 0 1
206 78 0 1
207 78 0 2
208 78 0 2
209 78 0 2
210 78 0 2
211 78 0 2
212 78 0 2
213 78 0 2
214 78 0 2
215 78 0 2
216 78 0 2
217 78 0 2
66 77 0 1
67 77 0 1
68 77 0 1
69 77 0 1
70 77 0 1
71 77 0 1
72 77 0 1
73 77 0 1
74 77 0 1
166 77 0 1
167 77 0 1
168 77 0 1
169 77 0 1
170 77 0 1
171 77 0 1
172 77 0 1
173 77 0 1
174 77 0 1
175 77 0 1
176 77 0 1
177 77 0 1
178 77 0 1
179 77 0 1
204 77 0 1
205 77 0 1
206 77 0 1
207 77 0 1
208 77 0 1
209 77 0 1
210 77 0 2
211 77 0 2
212 77 0 2
213 77 0 2
214 77 0 2
215 77 0 2
216 77 0 2
67 76 0 1
68 76 0 1
69 76 0 1
70 76 0 1
71 76 0 1
72 76 0 1
73 76 0 1
167 76 0 1
168 76 0 1
169 76 0 1
170 76 0 1
171 76 0 1
172 76 0 1
173 76 0 1
174 76 0 1
175 76 0 1
176 76 0 1
177 76 0 1
178 76 0 1
205 76 0 1
206 76 0 1
207 76 0 1
208 76 0 1
209 76 0 1
210 76 0 1
211 76 0 1
212 76 0 1
213 76 0 2
214 76 0 2
215 76 0 2
168 75 0 1
169 75 0 1
170 75 0 1
171 75 0 1
172 75 0 1
173 75 0 1
174 75 0 1
175 75 0 1
176 75 0 1
177 75 0 1
208 75 0 1
209 75 0 1
210 75 0 1
211 75 0 1
212 75 0 1
213 75 0 2
214 75 0 2
169 74 0 1
170 74 0 1
171 74 0 1
172 74 0 1
173 74 0 1
174 74 0 1
175 74 0 1
176 74 0 1
9 67 0 1
10 67 0 1
11 67 0 1
12 67 0 1
8 66 0 2
9 66 0 2
10 66 0 1
11 66 0 1
12 66 0 1
13 66 0 1
7 65 0 2
8 65 0 2
9 65 0 2
10 65 0 1
11 65 0 1
12 65 0 1
13 65 0 1
14 65 0 1
15 65 0 1
16 65 0 1
46 65 0 1
47 65 0 1
48 65 0 1
49 65 0 1
50 65 0 1
51 65 0 1
52 65 0 1
53 65 0 1
54 65 0 1
55 65 0 1
7 64 0 2
8 64 0 2
9 64 0 2
10 64 0 2
11 64 0 1
12 64 0 1
13 64 0 1
14 64 0 1
15 64 0 1
16 64 0 1
17 64 0 1
18 64 0 1
44 64 0 1
45 64 0 1
46 64 0 1
47 64 0 1
48 64 0 1
49 64 0 1
50 64 0 1
51 64 0 1
52 64 0 1
53 64 0 1
54 64 0 1
55 64 0 1
56 64 0 1
7 63 0 2
8 63 0 2
9 63 0 2
10 63 0 2
11 63 0 1
12 63 0 1
13 63 0 1
14 63 0 1
15 63 0 1
16 63 0 1
17 63 0 1
18 63 0 1
19 63 0 1
43 63 0 1
44 63 0 1
45 63 0 1
46 63 0 1
47 63 0 1
48 63 0 1
49 63 0 1
50 63 0 1
51 63 0 1
52 63 0 1
53 63 0 1
54 63 0 1
55 63 0 1
56 63 0 1
57 63 0 1
7 62 0 2
8 62 0 2
9 62 0 2
10 62 0 2
11 62 0 2
12 62 0 2
13 62 0 1
14 62 0 1
15 62 0 1
16 62 0 1
17 62 0 1
18 62 0 1
19 62 0 1
43 62 0 1
44 62 0 1
45 62 0 1
46 62 0 1
47 62 0 1
48 62 0 2
49 62 0 2
50 62 0 2
51 62 0 2
52 62 0 2
53 62 0 2
54 62 0 2
55 62 0 2
56 62 0 1
57 62 0 1
58 62 0 1
7 61 0 2
8 61 0 2
9 61 0 2
10 61 0 2
11 61 0 2
12 61 0 2
13 61 0 2
14 61 0 2
15 61 0 2
16 61 0 1
17 61 0 1
18 61 0 1
19 61 0 1
43 61 0 1
44 61 0 1
45 61 0 1
46 61 0 2
47 61 0 2
48 61 0 2
49 61 0 2
50 61 0 2
51 61 0 2
52 61 0 2
53 61 0 2
54 61 0 2
55 61 0 2
56 61 0 2
57 61 0 2
58 61 0 2
135 61 0 1
136 61 0 1
137 61 0 1
138 61 0 1
139 61 0 1
140 61 0 1
141 61 0 2
142 61 0 2
143 61 0 2
144 61 0 2
7 60 0 2
8 60 0 2
9 60 0 2
10 60 0 2
11 60 0 2
12 60 0 2
13 60 0 2
14 60 0 2
15 60 0 2
16 60 0 2
17 60 0 2
18 60 0 2
19 60 0 1
43 60 0 2
44 60 0 2
45 60 0 2
46 60 0 2
47 60 0 2
48 60 0 2
49 60 0 2
50 60 0 2
51 60 0 2
52 60 0 2
53 60 0 2
54 60 0 2
55 60 0 2
56 60 0 2
57 60 0 2
58 60 0 2
133 60 0 2
134 60 0 1
135 60 0 1
136 60 0 1
137 60 0 1
138 60 0 2
139 60 0 2
140 60 0 2
141 60 0 2
142 60 0 2
143 60 0 2
144 60 0 2
145 60 0 2
7 59 0 2
8 59 0 2
9 59 0 2
10 59 0 2
11 59 0 2
12 59 0 2
13 59 0 2
14 59 0 2
15 59 0 2
16 59 0 2
17 59 0 2
18 59 0 2
19 59 0 1
43 59 0 2
44 59 0 2
45 59 0 2
46 59 0 2
47 59 0 2
48 59 0 2
49 59 0 2
50 59 0 2
51 59 0 2
52 59 0 2
53 59 0 2
54 59 0 2
55 59 0 2
56 59 0 2
57 59 0 2
58 59 0 2
98 59 0 1
99 59 0 1
100 59 0 1
101 59 0 1
102 59 0 1
103 59 0 1
104 59 0 1
105 59 0 1
132 59 0 2
133 59 0 2
134 59 0 1
135 59 0 1
136 59 0 1
137 59 0 1
138 59 0 2
139 59 0 2
140 59 0 2
141 59 0 2
142 59 0 2
143 59 0 2
144 59 0 2
145 59 0 2
7 58 0 1
8 58 0 2
9 58 0 2
10 58 0 2
11 58 0 2
12 58 0 2
13 58 0 2
14 58 0 2
15 58 0 2
16 58 0 2
17 58 0 2
18 58 0 2
19 58 0 2
43 58 0 2
44 58 0 2
45 58 0 2
46 58 0 2
47 58 0 2
48 58 0 2
49 58 0 2
50 58 0 2
51 58 0 2
52 58 0 2
53 58 0 2
54 58 0 2
55 58 0 2
56 58 0 2
57 58 0 2
58 58 0 2
97 58 0 1
98 58 0 1
99 58 0 1
100 58 0 1
101 58 0 1
102 58 0 1
103 58 0 1
104 58 0 1
105 58 0 1
106 58 0 1
132 58 0 2
133 58 0 2
134 58 0 2
135 58 0 2
136 58 0 2
137 58 0 2
138 58 0 2
139 58 0 2
140 58 0 2
141 58 0 2
142 58 0 2
143 58 0 2
144 58 0 2
145 58 0 2
166 58 0 1
167 58 0 1
168 58 0 1
169 58 0 1
170 58 0 1
171 58 0 1
172 58 0 1
173 58 0 1
7 57 0 1
8 57 0 1
9 57 0 2
10 57 0 2
11 57 0 2
12 57 0 2
13 57 0 2
14 57 0 2
15 57 0 2
16 57 0 2
17 57 0 2
18 57 0 2
19 57 0 2
43 57 0 2
44 57 0 2
45 57 0 2
46 57 0 2
47 57 0 2
48 57 0 2
49 57 0 2
50 57 0 2
51 57 0 2
52 57 0 2
53 57 0 2
54 57 0 2
55 57 0 2
56 57 0 2
57 57 0 2
58 57 0 2
96 57 0 1
97 57 0 1
98 57 0 1
99 57 0 1
100 57 0 1
101 57 0 1
102 57 0 1
103 57 0 1
104 57 0 1
105 57 0 1
106 57 0 1
107 57 0 1
132 57 0 2
133 57 0 2
134 57 0 2
135 57 0 2
136 57 0 2
137 57 0 2
138 57 0 2
139 57 0 2
140 57 0 2
141 57 0 2
142 57 0 2
143 57 0 2
144 57 0 2
145 57 0 2
165 57 0 1
166 57 0 1
167 57 0 1
168 57 0 1
169 57 0 1
170 57 0 1
171 57 0 1
172 57 0 1
173 57 0 1
174 57 0 1
7 56 0 1
8 56 0 1
9 56 0 1
10 56 0 1
11 56 0 1
12 56 0 1
13 56 0 2
14 56 0 2
15 56 0 2
16 56 0 2
17 56 0 2
18 56 0 2
19 56 0 2
43 56 0 2
44 56 0 2
45 56 0 2
46 56 0 2
47 56 0 2
48 56 0 2
49 56 0 2
50 56 0 2
51 56 0 2
52 56 0 2
53 56 0 2
54 56 0 2
55 56 0 2
56 56 0 2
57 56 0 2
58 56 0 2
95 56 0 1
96 56 0 1
97 56 0 1
98 56 0 1
99 56 0 1
100 56 0 1
101 56 0 1
102 56 0 1
103 56 0 1
104 56 0 1
105 56 0 1
106 56 0 1
107 56 0 1
108 56 0 1
132 56 0 2
133 56 0 2
134 56 0 2
135 56 0 2
136 56 0 2
137 56 0 2
138 56 0 2
139 56 0 2
140 56 0 2
141 56 0 2
142 56 0 2
143 56 0 1
144 56 0 1
145 56 0 1
164 56 0 1
165 56 0 1
166 56 0 1
167 56 0 1
168 56 0 1
169 56 0 1
170 56 0 1
171 56 0 1
172 56 0 1
173 56 0 1
174 56 0 1
175 56 0 1
8 55 0 1
9 55 0 1
10 55 0 1
11 55 0 1
12 55 0 1
13 55 0 1
14 55 0 1
15 55 0 2
16 55 0 2
17 55 0 2
18 55 0 2
19 55 0 2
43 55 0 2
44 55 0 2
45 55 0 2
46 55 0 2
47 55 0 2
48 55 0 2
49 55 0 2
50 55 0 2
51 55 0 2
52 55 0 2
53 55 0 2
54 55 0 2
55 55 0 2
56 55 0 2
57 55 0 2
58 55 0 1
95 55 0 1
96 55 0 1
97 55 0 1
98 55 0 1
99 55 0 1
100 55 0 1
101 55 0 1
102 55 0 1
103 55 0 1
104 55 0 1
105 55 0 1
106 55 0 1
107 55 0 1
108 55 0 1
132 55 0 2
133 55 0 2
134 55 0 2
135 55 0 2
136 55 0 2
137 55 0 2
138 55 0 2
139 55 0 2
140 55 0 2
141 55 0 2
142 55 0 2
143 55 0 1
144 55 0 1
145 55 0 1
163 55 0 1
164 55 0 1
165 55 0 1
166 55 0 1
167 55 0 1
168 55 0 1
169 55 0 1
170 55 0 1
171 55 0 1
172 55 0 1
173 55 0 1
174 55 0 1
175 55 0 1
176 55 0 1
11 54 0 1
12 54 0 1
13 54 0 1
14 54 0 1
15 54 0 1
16 54 0 1
17 54 0 2
18 54 0 2
43 54 0 2
44 54 0 1
45 54 0 1
46 54 0 1
47 54 0 1
48 54 0 2
49 54 0 2
50 54 0 2
51 54 0 2
52 54 0 2
53 54 0 2
54 54 0 2
55 54 0 2
56 54 0 2
57 54 0 1
58 54 0 1
95 54 0 1
96 54 0 1
97 54 0 1
98 54 0 1
99 54 0 1
100 54 0 1
101 54 0 1
102 54 0 1
103 54 0 1
104 54 0 1
105 54 0 1
106 54 0 1
107 54 0 1
108 54 0 1
132 54 0 2
133 54 0 2
134 54 0 2
135 54 0 2
136 54 0 2
137 54 0 2
138 54 0 2
139 54 0 2
140 54 0 2
141 54 0 2
142 54 0 2
143 54 0 1
144 54 0 1
145 54 0 1
163 54 0 1
164 54 0 1
165 54 0 1
166 54 0 1
167 54 0 1
168 54 0 1
169 54 0 1
170 54 0 1
171 54 0 1
172 54 0 1
173 54 0 1
174 54 0 1
175 54 0 1
176 54 0 1
44 53 0 1
45 53 0 1
46 53 0 1
47 53 0 1
48 53 0 2
49 53 0 2
50 53 0 2
51 53 0 2
52 53 0 2
53 53 0 2
54 53 0 2
55 53 0 1
56 53 0 1
57 53 0 1
95 53 0 1
96 53 0 1
97 53 0 1
98 53 0 1
99 53 0 1
100 53 0 1
101 53 0 1
102 53 0 1
103 53 0 1
104 53 0 1
105 53 0 1
106 53 0 1
107 53 0 1
108 53 0 1
132 53 0 1
133 53 0 1
134 53 0 2
135 53 0 2
136 53 0 2
137 53 0 2
138 53 0 2
139 53 0 2
140 53 0 2
141 53 0 2
142 53 0 2
143 53 0 2
144 53 0 1
145 53 0 1
163 53 0 1
164 53 0 1
165 53 0 1
166 53 0 1
167 53 0 1
168 53 0 1
169 53 0 1
170 53 0 1
171 53 0 1
172 53 0 1
173 53 0 1
174 53 0 1
175 53 0 1
176 53 0 1
45 52 0 1
46 52 0 1
47 52 0 2
48 52 0 2
49 52 0 2
50 52 0 2
51 52 0 2
52 52 0 2
53 52 0 2
54 52 0 2
55 52 0 1
56 52 0 1
95 52 0 1
96 52 0 1
97 52 0 1
98 52 0 1
99 52 0 1
100 52 0 1
101 52 0 1
102 52 0 1
103 52 0 1
104 52 0 1
105 52 0 1
106 52 0 1
107 52 0 1
108 52 0 1
132 52 0 1
133 52 0 1
134 52 0 1
135 52 0 1
136 52 0 2
137 52 0 2
138 52 0 2
139 52 0 2
140 52 0 2
141 52 0 2
142 52 0 2
143 52 0 2
144 52 0 2
145 52 0 1
163 52 0 1
164 52 0 1
165 52 0 1
166 52 0 1
167 52 0 1
168 52 0 1
169 52 0 1
170 52 0 1
171 52 0 1
172 52 0 1
173 52 0 1
174 52 0 1
175 52 0 1
176 52 0 1
46 51 0 2
47 51 0 2
48 51 0 2
49 51 0 2
50 51 0 2
51 51 0 2
52 51 0 2
53 51 0 2
54 51 0 1
55 51 0 1
95 51 0 1
96 51 0 1
97 51 0 1
98 51 0 1
99 51 0 1
100 51 0 1
101 51 0 1
102 51 0 1
103 51 0 1
104 51 0 1
105 51 0 1
106 51 0 1
107 51 0 1
108 51 0 1
132 51 0 1
133 51 0 1
134 51 0 1
135 51 0 1
136 51 0 1
137 51 0 2
138 51 0 2
139 51 0 2
140 51 0 2
141 51 0 2
142 51 0 2
143 51 0 2
144 51 0 2
145 51 0 1
163 51 0 1
164 51 0 1
165 51 0 1
166 51 0 1
167 51 0 1
168 51 0 1
169 51 0 1
170 51 0 1
171 51 0 1
172 51 0 1
173 51 0 1
174 51 0 1
175 51 0 1
176 51 0 1
95 50 0 1
96 50 0 1
97 50 0 1
98 50 0 1
99 50 0 1
100 50 0 1
101 50 0 1
102 50 0 1
103 50 0 1
104 50 0 1
105 50 0 1
106 50 0 1
107 50 0 1
108 50 0 1
133 50 0 1
134 50 0 1
135 50 0 1
136 50 0 1
137 50 0 2
138 50 0 2
139 50 0 2
140 50 0 2
141 50 0 2
142 50 0 2
143 50 0 2
144 50 0 2
145 50 0 2
163 50 0 1
164 50 0 1
165 50 0 1
166 50 0 1
167 50 0 1
168 50 0 1
169 50 0 1
170 50 0 1
171 50 0 1
172 50 0 1
173 50 0 1
174 50 0 1
175 50 0 1
176 50 0 1
96 49 0 1
97 49 0 1
98 49 0 1
99 49 0 1
100 49 0 1
101 49 0 1
102 49 0 1
103 49 0 1
104 49 0 1
105 49 0 1
106 49 0 1
107 49 0 1
134 49 0 1
135 49 0 1
136 49 0 1
137 49 0 2
138 49 0 2
139 49 0 2
140 49 0 2
141 49 0 2
142 49 0 2
143 49 0 2
144 49 0 2
163 49 0 1
164 49 0 1
165 49 0 1
166 49 0 1
167 49 0 1
168 49 0 1
169 49 0 1
170 49 0 1
171 49 0 1
172 49 0 1
173 49 0 1
174 49 0 1
175 49 0 1
176 49 0 1
97 48 0 1
98 48 0 1
99 48 0 1
100 48 0 1
101 48 0 1
102 48 0 1
103 48 0 1
104 48 0 1
105 48 0 1
106 48 0 1
135 48 0 1
136 48 0 1
137 48 0 1
138 48 0 1
139 48 0 2
140 48 0 2
141 48 0 2
142 48 0 2
143 48 0 2
164 48 0 1
165 48 0 1
166 48 0 1
167 48 0 1
168 48 0 1
169 48 0 1
170 48 0 1
171 48 0 1
172 48 0 1
173 48 0 1
174 48 0 1
175 48 0 1
98 47 0 1
99 47 0 1
100 47 0 1
101 47 0 1
102 47 0 1
103 47 0 1
104 47 0 1
105 47 0 1
165 47 0 1
166 47 0 1
167 47 0 1
168 47 0 1
169 47 0 1
170 47 0 1
171 47 0 1
172 47 0 1
173 47 0 1
174 47 0 1
166 46 0 1
167 46 0 1
168 46 0 1
169 46 0 1
170 46 0 1
171 46 0 1
172 46 0 1
173 46 0 1
9 45 0 1
10 45 0 1
11 45 0 1
12 45 0 1
13 45 0 1
14 45 0 1
15 45 0 1
216 45 0 1
217 45 0 1
218 45 0 1
7 44 0 1
8 44 0 1
9 44 0 1
10 44 0 1
11 44 0 1
12 44 0 1
13 44 0 1
14 44 0 1
15 44 0 1
16 44 0 1
17 44 0 1
215 44 0 2
216 44 0 2
217 44 0 1
218 44 0 1
219 44 0 1
6 43 0 1
7 43 0 1
8 43 0 1
9 43 0 1
10 43 0 1
11 43 0 1
12 43 0 1
13 43 0 1
14 43 0 1
15 43 0 1
16 43 0 1
17 43 0 1
18 43 0 1
214 43 0 2
215 43 0 2
216 43 0 2
217 43 0 2
218 43 0 1
219 43 0 1
220 43 0 1
221 43 0 1
222 43 0 1
6 42 0 1
7 42 0 1
8 42 0 1
9 42 0 1
10 42 0 1
11 42 0 1
12 42 0 1
13 42 0 1
14 42 0 1
15 42 0 1
16 42 0 1
17 42 0 1
18 42 0 1
214 42 0 2
215 42 0 2
216 42 0 2
217 42 0 2
218 42 0 1
219 42 0 1
220 42 0 1
221 42 0 1
222 42 0 1
223 42 0 1
224 42 0 1
5 41 0 1
6 41 0 1
7 41 0 1
8 41 0 1
9 41 0 1
10 41 0 1
11 41 0 1
12 41 0 1
13 41 0 1
14 41 0 1
15 41 0 1
16 41 0 1
17 41 0 1
18 41 0 1
19 41 0 1
214 41 0 2
215 41 0 2
216 41 0 2
217 41 0 2
218 41 0 2
219 41 0 2
220 41 0 2
221 41 0 1
222 41 0 1
223 41 0 1
224 41 0 1
225 41 0 1
5 40 0 1
6 40 0 1
7 40 0 1
8 40 0 1
9 40 0 1
10 40 0 1
11 40 0 1
12 40 0 1
13 40 0 1
14 40 0 1
15 40 0 1
16 40 0 1
17 40 0 1
18 40 0 1
19 40 0 1
214 40 0 2
215 40 0 2
216 40 0 2
217 40 0 2
218 40 0 2
219 40 0 2
220 40 0 2
221 40 0 2
222 40 0 2
223 40 0 1
224 40 0 1
225 40 0 1
226 40 0 1
5 39 0 1
6 39 0 1
7 39 0 1
8 39 0 1
9 39 0 1
10 39 0 1
11 39 0 1
12 39 0 1
13 39 0 1
14 39 0 1
15 39 0 1
16 39 0 1
17 39 0 1
18 39 0 1
19 39 0 1
214 39 0 2
215 39 0 2
216 39 0 2
217 39 0 2
218 39 0 2
219 39 0 2
220 39 0 2
221 39 0 2
222 39 0 2
223 39 0 2
224 39 0 1
225 39 0 1
226 39 0 1
227 39 0 1
5 38 0 1
6 38 0 1
7 38 0 1
8 38 0 1
9 38 0 1
10 38 0 1
11 38 0 1
12 38 0 1
13 38 0 1
14 38 0 1
15 38 0 1
16 38 0 1
17 38 0 1
18 38 0 1
19 38 0 1
214 38 0 2
215 38 0 2
216 38 0 2
217 38 0 2
218 38 0 2
219 38 0 2
220 38 0 2
221 38 0 2
222 38 0 2
223 38 0 2
224 38 0 2
225 38 0 2
226 38 0 1
227 38 0 1
5 37 0 1
6 37 0 1
7 37 0 1
8 37 0 1
9 37 0 1
10 37 0 1
11 37 0 1
12 37 0 1
13 37 0 1
14 37 0 1
15 37 0 1
16 37 0 1
17 37 0 1
18 37 0 1
19 37 0 1
147 37 0 1
148 37 0 2
149 37 0 2
150 37 0 2
151 37 0 2
152 37 0 2
153 37 0 2
154 37 0 2
155 37 0 2
156 37 0 1
157 37 0 1
158 37 0 1
159 37 0 1
214 37 0 1
215 37 0 2
216 37 0 2
217 37 0 2
218 37 0 2
219 37 0 2
220 37 0 2
221 37 0 2
222 37 0 2
223 37 0 2
224 37 0 2
225 37 0 2
226 37 0 2
227 37 0 1
6 36 0 1
7 36 0 1
8 36 0 1
9 36 0 1
10 36 0 1
11 36 0 1
12 36 0 1
13 36 0 1
14 36 0 1
15 36 0 1
16 36 0 1
17 36 0 1
18 36 0 1
147 36 0 1
148 36 0 1
149 36 0 2
150 36 0 2
151 36 0 2
152 36 0 2
153 36 0 2
154 36 0 2
155 36 0 2
156 36 0 1
157 36 0 1
158 36 0 1
159 36 0 2
160 36 0 2
214 36 0 1
215 36 0 2
216 36 0 2
217 36 0 2
218 36 0 2
219 36 0 2
220 36 0 2
221 36 0 2
222 36 0 2
223 36 0 2
224 36 0 2
225 36 0 2
226 36 0 2
227 36 0 2
6 35 0 1
7 35 0 1
8 35 0 1
9 35 0 1
10 35 0 1
11 35 0 1
12 35 0 1
13 35 0 1
14 35 0 1
15 35 0 1
16 35 0 1
17 35 0 1
18 35 0 1
147 35 0 1
148 35 0 1
149 35 0 1
150 35 0 2
151 35 0 2
152 35 0 2
153 35 0 2
154 35 0 2
155 35 0 2
156 35 0 1
157 35 0 1
158 35 0 2
159 35 0 2
160 35 0 2
161 35 0 2
214 35 0 1
215 35 0 1
216 35 0 2
217 35 0 2
218 35 0 2
219 35 0 2
220 35 0 2
221 35 0 2
222 35 0 2
223 35 0 2
224 35 0 2
225 35 0 2
226 35 0 2
227 35 0 2
7 34 0 1
8 34 0 1
9 34 0 1
10 34 0 1
11 34 0 1
12 34 0 1
13 34 0 1
14 34 0 1
15 34 0 1
16 34 0 1
17 34 0 1
35 34 0 1
36 34 0 1
37 34 0 1
38 34 0 2
39 34 0 2
40 34 0 2
41 34 0 2
42 34 0 2
43 34 0 1
44 34 0 1
45 34 0 1
148 34 0 1
149 34 0 1
150 34 0 2
151 34 0 2
152 34 0 2
153 34 0 2
154 34 0 2
155 34 0 2
156 34 0 2
157 34 0 2
158 34 0 2
159 34 0 2
160 34 0 2
161 34 0 2
214 34 0 1
215 34 0 1
216 34 0 1
217 34 0 1
218 34 0 2
219 34 0 2
220 34 0 2
221 34 0 2
222 34 0 2
223 34 0 2
224 34 0 2
225 34 0 2
226 34 0 2
227 34 0 2
9 33 0 1
10 33 0 1
11 33 0 1
12 33 0 1
13 33 0 1
14 33 0 1
15 33 0 1
34 33 0 1
35 33 0 1
36 33 0 2
37 33 0 2
38 33 0 2
39 33 0 2
40 33 0 2
41 33 0 2
42 33 0 2
43 33 0 2
44 33 0 1
45 33 0 1
148 33 0 1
149 33 0 1
150 33 0 2
151 33 0 2
152 33 0 2
153 33 0 2
154 33 0 2
155 33 0 2
156 33 0 2
157 33 0 2
158 33 0 2
159 33 0 2
160 33 0 2
161 33 0 2
215 33 0 1
216 33 0 1
217 33 0 1
218 33 0 1
219 33 0 2
220 33 0 2
221 33 0 2
222 33 0 2
223 33 0 2
224 33 0 2
225 33 0 2
226 33 0 2
227 33 0 2
33 32 0 1
34 32 0 1
35 32 0 1
36 32 0 2
37 32 0 2
38 32 0 2
39 32 0 2
40 32 0 2
41 32 0 2
42 32 0 2
43 32 0 2
44 32 0 2
45 32 0 2
148 32 0 1
149 32 0 1
150 32 0 2
151 32 0 2
152 32 0 2
153 32 0 2
154 32 0 2
155 32 0 2
156 32 0 2
157 32 0 2
158 32 0 2
159 32 0 2
160 32 0 2
161 32 0 2
216 32 0 1
217 32 0 1
218 32 0 1
219 32 0 2
220 32 0 2
221 32 0 2
222 32 0 2
223 32 0 2
224 32 0 2
225 32 0 2
226 32 0 2
227 32 0 2
32 31 0 1
33 31 0 1
34 31 0 2
35 31 0 2
36 31 0 2
37 31 0 2
38 31 0 2
39 31 0 2
40 31 0 2
41 31 0 2
42 31 0 2
43 31 0 2
44 31 0 2
45 31 0 2
147 31 0 1
148 31 0 1
149 31 0 1
150 31 0 2
151 31 0 2
152 31 0 2
153 31 0 2
154 31 0 2
155 31 0 2
156 31 0 2
157 31 0 2
158 31 0 2
159 31 0 2
160 31 0 2
161 31 0 2
217 31 0 1
218 31 0 1
219 31 0 1
220 31 0 1
221 31 0 1
222 31 0 2
223 31 0 2
224 31 0 2
225 31 0 2
226 31 0 2
31 30 0 1
32 30 0 1
33 30 0 1
34 30 0 2
35 30 0 2
36 30 0 2
37 30 0 2
38 30 0 2
39 30 0 2
40 30 0 2
41 30 0 2
42 30 0 2
43 30 0 2
44 30 0 2
45 30 0 2
147 30 0 1
148 30 0 1
149 30 0 2
150 30 0 2
151 30 0 2
152 30 0 2
153 30 0 2
154 30 0 2
155 30 0 2
156 30 0 2
157 30 0 2
158 30 0 2
159 30 0 2
160 30 0 2
161 30 0 2
31 29 0 1
32 29 0 2
33 29 0 2
34 29 0 2
35 29 0 2
36 29 0 2
37 29 0 2
38 29 0 2
39 29 0 2
40 29 0 2
41 29 0 2
42 29 0 2
43 29 0 2
44 29 0 2
45 29 0 2
147 29 0 2
148 29 0 2
149 29 0 2
150 29 0 2
151 29 0 2
152 29 0 2
153 29 0 2
154 29 0 2
155 29 0 2
156 29 0 2
157 29 0 2
158 29 0 2
159 29 0 2
160 29 0 2
161 29 0 2
31 28 0 1
32 28 0 2
33 28 0 2
34 28 0 2
35 28 0 2
36 28 0 2
37 28 0 2
38 28 0 2
39 28 0 2
40 28 0 2
41 28 0 2
42 28 0 2
43 28 0 2
44 28 0 2
45 28 0 2
85 28 0 1
86 28 0 1
87 28 0 1
88 28 0 1
89 28 0 1
90 28 0 1
91 28 0 1
147 28 0 2
148 28 0 2
149 28 0 2
150 28 0 2
151 28 0 2
152 28 0 2
153 28 0 2
154 28 0 2
155 28 0 2
156 28 0 2
157 28 0 2
158 28 0 2
159 28 0 2
160 28 0 1
161 28 0 1
31 27 0 2
32 27 0 2
33 27 0 2
34 27 0 2
35 27 0 2
36 27 0 2
37 27 0 2
38 27 0 2
39 27 0 2
40 27 0 2
41 27 0 2
42 27 0 2
43 27 0 2
44 27 0 2
45 27 0 2
83 27 0 1
84 27 0 1
85 27 0 1
86 27 0 1
87 27 0 1
88 27 0 1
89 27 0 1
90 27 0 1
91 27 0 1
92 27 0 1
93 27 0 1
147 27 0 2
148 27 0 2
149 27 0 2
150 27 0 2
151 27 0 2
152 27 0 2
153 27 0 2
154 27 0 2
155 27 0 2
156 27 0 2
157 27 0 2
158 27 0 2
159 27 0 1
160 27 0 1
161 27 0 1
31 26 0 2
32 26 0 2
33 26 0 2
34 26 0 2
35 26 0 2
36 26 0 2
37 26 0 2
38 26 0 2
39 26 0 2
40 26 0 2
41 26 0 2
42 26 0 2
43 26 0 2
44 26 0 2
45 26 0 2
82 26 0 1
83 26 0 1
84 26 0 1
85 26 0 1
86 26 0 1
87 26 0 1
88 26 0 1
89 26 0 1
90 26 0 1
91 26 0 1
92 26 0 1
93 26 0 1
94 26 0 1
147 26 0 2
148 26 0 2
149 26 0 2
150 26 0 2
151 26 0 2
152 26 0 2
153 26 0 2
154 26 0 2
155 26 0 2
156 26 0 2
157 26 0 2
158 26 0 1
159 26 0 1
160 26 0 1
161 26 0 1
31 25 0 2
32 25 0 2
33 25 0 2
34 25 0 2
35 25 0 2
36 25 0 2
37 25 0 2
38 25 0 2
39 25 0 1
40 25 0 2
41 25 0 2
42 25 0 1
43 25 0 1
44 25 0 1
45 25 0 1
82 25 0 1
83 25 0 1
84 25 0 1
85 25 0 1
86 25 0 1
87 25 0 1
88 25 0 1
89 25 0 1
90 25 0 1
91 25 0 1
92 25 0 1
93 25 0 1
94 25 0 1
148 25 0 2
149 25 0 2
150 25 0 2
151 25 0 2
152 25 0 2
153 25 0 2
154 25 0 1
155 25 0 1
156 25 0 1
157 25 0 1
158 25 0 1
159 25 0 1
160 25 0 1
31 24 0 2
32 24 0 2
33 24 0 2
34 24 0 2
35 24 0 2
36 24 0 2
37 24 0 2
38 24 0 1
39 24 0 1
40 24 0 1
41 24 0 1
42 24 0 1
43 24 0 1
44 24 0 1
45 24 0 1
81 24 0 1
82 24 0 1
83 24 0 1
84 24 0 1
85 24 0 1
86 24 0 1
87 24 0 1
88 24 0 1
89 24 0 1
90 24 0 1
91 24 0 1
92 24 0 1
93 24 0 1
94 24 0 1
95 24 0 1
149 24 0 2
150 24 0 2
151 24 0 2
152 24 0 2
153 24 0 2
154 24 0 1
155 24 0 1
156 24 0 1
157 24 0 1
158 24 0 1
159 24 0 1
32 23 0 2
33 23 0 2
34 23 0 1
35 23 0 1
36 23 0 1
37 23 0 1
38 23 0 1
39 23 0 1
40 23 0 1
41 23 0 1
42 23 0 1
43 23 0 1
81 23 0 1
82 23 0 1
83 23 0 1
84 23 0 1
85 23 0 1
86 23 0 1
87 23 0 1
88 23 0 1
89 23 0 1
90 23 0 1
91 23 0 1
92 23 0 1
93 23 0 1
94 23 0 1
95 23 0 1
150 23 0 2
151 23 0 2
152 23 0 2
153 23 0 1
154 23 0 1
155 23 0 1
156 23 0 1
157 23 0 1
158 23 0 1
33 22 0 1
34 22 0 1
35 22 0 1
36 22 0 1
37 22 0 1
38 22 0 1
40 22 0 1
41 22 0 1
42 22 0 1
81 22 0 1
82 22 0 1
83 22 0 1
84 22 0 1
85 22 0 1
86 22 0 1
87 22 0 1
88 22 0 1
89 22 0 1
90 22 0 1
91 22 0 1
92 22 0 1
93 22 0 1
94 22 0 1
95 22 0 1
34 21 0 1
35 21 0 1
36 21 0 1
37 21 0 1
81 21 0 1
82 21 0 1
83 21 0 1
84 21 0 1
85 21 0 1
86 21 0 1
87 21 0 1
88 21 0 1
89 21 0 1
90 21 0 1
91 21 0 1
92 21 0 1
93 21 0 1
94 21 0 1
95 21 0 1
81 20 0 1
82 20 0 1
83 20 0 1
84 20 0 1
85 20 0 1
86 20 0 1
87 20 0 1
88 20 0 1
89 20 0 1
90 20 0 1
91 20 0 1
92 20 0 1
93 20 0 1
94 20 0 1
95 20 0 1
82 19 0 1
83 19 0 1
84 19 0 1
85 19 0 1
86 19 0 1
87 19 0 1
88 19 0 1
89 19 0 1
90 19 0 1
91 19 0 1
92 19 0 1
93 19 0 1
94 19 0 1
82 18 0 1
83 18 0 1
84 18 0 1
85 18 0 1
86 18 0 1
87 18 0 1
88 18 0 1
89 18 0 1
90 18 0 1
91 18 0 1
92 18 0 1
93 18 0 1
94 18 0 1
83 17 0 1
84 17 0 1
85 17 0 1
86 17 0 1
87 17 0 1
88 17 0 1
89 17 0 1
90 17 0 1
91 17 0 1
92 17 0 1
93 17 0 1
85 16 0 1
86 16 0 1
87 16 0 1
88 16 0 1
89 16 0 1
90 16 0 1
91 16 0 1
190 16 0 1
191 16 0 1
192 16 0 1
193 16 0 1
194 16 0 1
195 16 0 1
196 16 0 1
197 16 0 1
189 15 0 1
190 15 0 1
191 15 0 1
192 15 0 1
193 15 0 1
194 15 0 1
195 15 0 1
196 15 0 1
197 15 0 1
198 15 0 1
55 14 0 1
56 14 0 1
57 14 0 1
58 14 0 1
59 14 0 1
60 14 0 1
61 14 0 1
188 14 0 1
189 14 0 1
190 14 0 1
191 14 0 1
192 14 0 1
193 14 0 1
194 14 0 1
195 14 0 1
196 14 0 1
197 14 0 1
198 14 0 1
199 14 0 1
53 13 0 1
54 13 0 1
55 13 0 1
56 13 0 1
57 13 0 1
58 13 0 1
59 13 0 1
60 13 0 1
61 13 0 1
62 13 0 1
63 13 0 1
187 13 0 1
188 13 0 1
189 13 0 1
190 13 0 1
191 13 0 1
192 13 0 1
193 13 0 1
194 13 0 1
195 13 0 1
196 13 0 2
197 13 0 2
198 13 0 2
199 13 0 2
200 13 0 2
52 12 0 1
53 12 0 1
54 12 0 1
55 12 0 1
56 12 0 1
57 12 0 1
58 12 0 1
59 12 0 1
60 12 0 1
61 12 0 1
62 12 0 1
63 12 0 1
64 12 0 1
124 12 0 1
125 12 0 1
126 12 0 1
127 12 0 1
128 12 0 1
129 12 0 1
130 12 0 1
131 12 0 1
187 12 0 1
188 12 0 2
189 12 0 2
190 12 0 2
191 12 0 2
192 12 0 2
193 12 0 2
194 12 0 2
195 12 0 2
196 12 0 2
197 12 0 2
198 12 0 2
199 12 0 2
200 12 0 2
52 11 0 1
53 11 0 1
54 11 0 1
55 11 0 1
56 11 0 1
57 11 0 1
58 11 0 1
59 11 0 1
60 11 0 1
61 11 0 1
62 11 0 1
63 11 0 1
64 11 0 1
123 11 0 1
124 11 0 1
125 11 0 1
126 11 0 1
127 11 0 1
128 11 0 1
129 11 0 1
130 11 0 1
131 11 0 1
132 11 0 1
187 11 0 2
188 11 0 2
189 11 0 2
190 11 0 2
191 11 0 2
192 11 0 2
193 11 0 2
194 11 0 2
195 11 0 2
196 11 0 2
197 11 0 2
198 11 0 2
199 11 0 2
200 11 0 2
51 10 0 1
52 10 0 1
53 10 0 1
54 10 0 1
55 10 0 1
56 10 0 1
57 10 0 1
58 10 0 1
59 10 0 1
60 10 0 1
61 10 0 1
62 10 0 1
63 10 0 1
64 10 0 1
65 10 0 1
122 10 0 1
123 10 0 1
124 10 0 1
125 10 0 1
126 10 0 2
127 10 0 2
128 10 0 1
129 10 0 1
130 10 0 1
131 10 0 1
132 10 0 1
133 10 0 1
134 10 0 1
135 10 0 1
136 10 0 1
187 10 0 2
188 10 0 2
189 10 0 2
190 10 0 2
191 10 0 2
192 10 0 2
193 10 0 2
194 10 0 2
195 10 0 2
196 10 0 2
197 10 0 2
198 10 0 2
199 10 0 2
200 10 0 2
51 9 0 1
52 9 0 1
53 9 0 1
54 9 0 1
55 9 0 1
56 9 0 1
57 9 0 1
58 9 0 1
59 9 0 1
60 9 0 1
61 9 0 1
62 9 0 1
63 9 0 1
64 9 0 1
65 9 0 1
122 9 0 2
123 9 0 2
124 9 0 2
125 9 0 2
126 9 0 2
127 9 0 2
128 9 0 1
129 9 0 1
130 9 0 1
131 9 0 1
132 9 0 1
133 9 0 1
134 9 0 1
135 9 0 1
136 9 0 1
187 9 0 2
188 9 0 2
189 9 0 2
190 9 0 2
191 9 0 2
192 9 0 2
193 9 0 2
194 9 0 2
195 9 0 2
196 9 0 2
197 9 0 2
198 9 0 2
199 9 0 2
200 9 0 2
51 8 0 1
52 8 0 1
53 8 0 1
54 8 0 1
55 8 0 1
56 8 0 1
57 8 0 1
58 8 0 1
59 8 0 1
60 8 0 1
61 8 0 1
62 8 0 1
63 8 0 1
64 8 0 1
65 8 0 1
122 8 0 2
123 8 0 2
124 8 0 2
125 8 0 2
126 8 0 2
127 8 0 2
128 8 0 2
129 8 0 2
130 8 0 2
131 8 0 2
132 8 0 2
133 8 0 2
134 8 0 1
135 8 0 1
136 8 0 1
187 8 0 2
188 8 0 2
189 8 0 2
190 8 0 2
191 8 0 2
192 8 0 2
193 8 0 2
194 8 0 2
195 8 0 2
196 8 0 2
197 8 0 2
198 8 0 2
199 8 0 2
200 8 0 2
51 7 0 1
52 7 0 1
53 7 0 1
54 7 0 1
55 7 0 1
56 7 0 1
57 7 0 1
58 7 0 1
59 7 0 1
60 7 0 1
61 7 0 1
62 7 0 1
63 7 0 1
64 7 0 1
65 7 0 1
122 7 0 2
123 7 0 2
124 7 0 2
125 7 0 2
126 7 0 2
127 7 0 2
128 7 0 2
129 7 0 2
130 7 0 2
131 7 0 2
132 7 0 2
133 7 0 2
134 7 0 2
135 7 0 2
136 7 0 2
187 7 0 2
188 7 0 2
189 7 0 2
190 7 0 2
191 7 0 2
192 7 0 2
193 7 0 2
194 7 0 2
195 7 0 2
196 7 0 2
197 7 0 2
198 7 0 2
199 7 0 2
200 7 0 2
51 6 0 1
52 6 0 1
53 6 0 1
54 6 0 1
55 6 0 1
56 6 0 1
57 6 0 1
58 6 0 1
59 6 0 1
60 6 0 1
61 6 0 1
62 6 0 1
63 6 0 1
64 6 0 1
65 6 0 1
122 6 0 2
123 6 0 2
124 6 0 2
125 6 0 2
126 6 0 2
127 6 0 2
128 6 0 2
129 6 0 2
130 6 0 2
131 6 0 2
132 6 0 2
133 6 0 2
134 6 0 2
135 6 0 2
136 6 0 2
188 6 0 2
189 6 0 2
190 6 0 2
191 6 0 2
192 6 0 2
193 6 0 2
194 6 0 2
195 6 0 2
196 6 0 2
197 6 0 2
198 6 0 2
199 6 0 2
51 5 0 1
52 5 0 1
53 5 0 1
54 5 0 1
55 5 0 1
56 5 0 1
57 5 0 1
58 5 0 1
59 5 0 1
60 5 0 1
61 5 0 1
62 5 0 1
63 5 0 1
64 5 0 1
65 5 0 1
122 5 0 2
123 5 0 2
124 5 0 2
125 5 0 2
126 5 0 2
127 5 0 2
128 5 0 2
129 5 0 2
130 5 0 2
131 5 0 2
132 5 0 2
133 5 0 2
134 5 0 2
135 5 0 2
136 5 0 2
189 5 0 2
190 5 0 2
191 5 0 2
192 5 0 2
193 5 0 1
194 5 0 1
195 5 0 1
196 5 0 1
197 5 0 1
198 5 0 1
52 4 0 1
53 4 0 1
54 4 0 1
55 4 0 1
56 4 0 1
57 4 0 1
58 4 0 1
59 4 0 1
60 4 0 1
61 4 0 1
62 4 0 1
63 4 0 1
64 4 0 1
122 4 0 2
123 4 0 2
124 4 0 2
125 4 0 2
126 4 0 2
127 4 0 2
128 4 0 2
129 4 0 2
130 4 0 2
131 4 0 2
132 4 0 2
133 4 0 2
134 4 0 2
135 4 0 2
136 4 0 2
190 4 0 1
191 4 0 1
192 4 0 1
193 4 0 1
194 4 0 1
195 4 0 1
196 4 0 1
197 4 0 1
52 3 0 1
53 3 0 1
54 3 0 1
55 3 0 1
56 3 0 1
57 3 0 1
58 3 0 1
59 3 0 1
60 3 0 1
61 3 0 1
62 3 0 1
63 3 0 1
64 3 0 1
122 3 0 1
123 3 0 1
124 3 0 1
125 3 0 1
126 3 0 1
127 3 0 2
128 3 0 2
129 3 0 2
130 3 0 2
131 3 0 2
132 3 0 2
133 3 0 2
134 3 0 2
135 3 0 2
136 3 0 2
53 2 0 1
54 2 0 1
55 2 0 1
56 2 0 1
57 2 0 1
58 2 0 1
59 2 0 1
60 2 0 1
61 2 0 1
62 2 0 1
63 2 0 1
123 2 0 1
124 2 0 1
125 2 0 1
126 2 0 1
127 2 0 1
128 2 0 1
129 2 0 1
130 2 0 1
131 2 0 1
132 2 0 1
133 2 0 1
134 2 0 2
135 2 0 2
55 1 0 1
56 1 0 1
57 1 0 1
58 1 0 1
59 1 0 1
60 1 0 1
61 1 0 1
124 1 0 1
125 1 0 1
126 1 0 1
127 1 0 1
128 1 0 1
129 1 0 1
130 1 0 1
131 1 0 1
132 1 0 1
133 1 0 1
134 1 0 1
127 0 0 1
128 0 0 1
129 0 0 1
130 0 0 1
131 0 0 1
132 0 0 1
